0 14860.6
0.00195312 11005.7
0.00390625 6607.58
0.00585938 3296.55
0.0078125 4285.3
0.00976562 3012.52
0.0117188 1319.18
0.0136719 2248.78
0.015625 2834.84
0.0175781 2443.44
0.0195312 1417.47
0.0214844 1467.86
0.0234375 1636.15
0.0253906 1465.06
0.0273438 1393.89
0.0292969 899.204
0.03125 381.541
0.0332031 676.208
0.0351562 873.731
0.0371094 593.492
0.0390625 589.636
0.0410156 490.485
0.0429688 803.941
0.0449219 584.682
0.046875 964.765
0.0488281 505.308
0.0507812 1068.41
0.0527344 686.167
0.0546875 534.949
0.0566406 534.44
0.0585938 414.018
0.0605469 174.288
0.0625 505.016
0.0644531 372.425
0.0664062 406.756
0.0683594 366.567
0.0703125 529.925
0.0722656 447.02
0.0742188 232.002
0.0761719 115.574
0.078125 377.42
0.0800781 478.474
0.0820312 642.85
0.0839844 446.834
0.0859375 487.717
0.0878906 719.369
0.0898438 429.334
0.0917969 1001.82
0.09375 274.783
0.0957031 222.516
0.0976562 648.719
0.0996094 373.379
0.101562 366.675
0.103516 387.161
0.105469 408.649
0.107422 370.086
0.109375 1034.48
0.111328 832.212
0.113281 916.45
0.115234 761.353
0.117188 927.212
0.119141 566.445
0.121094 600.01
0.123047 188.651
0.125 1113.76
0.126953 825.448
0.128906 460.177
0.130859 174.766
0.132812 806.78
0.134766 448.236
0.136719 872.929
0.138672 2271.77
0.140625 914.272
0.142578 6148.84
0.144531 3323.81
0.146484 1866.57
0.148438 1171.17
0.150391 1563.38
0.152344 616.67
0.154297 722.494
0.15625 822.248
0.158203 423.117
0.160156 175.461
0.162109 912.944
0.164062 405.212
0.166016 735.797
0.167969 297.745
0.169922 282.006
0.171875 481.602
0.173828 592.114
0.175781 363.551
0.177734 757.761
0.179688 758.251
0.181641 465.24
0.183594 267.27
0.185547 204.245
0.1875 294.569
0.189453 443.536
0.191406 473.984
0.193359 417.536
0.195312 179.966
0.197266 417.547
0.199219 254.94
0.201172 598.192
0.203125 357.48
0.205078 125.273
0.207031 126.323
0.208984 295.78
0.210938 321.786
0.212891 153.84
0.214844 73.1138
0.216797 59.9984
0.21875 282.3
0.220703 480.87
0.222656 259.445
0.224609 417.489
0.226562 341.78
0.228516 466.172
0.230469 349.99
0.232422 256.252
0.234375 311.799
0.236328 129.345
0.238281 218.757
0.240234 213.162
0.242188 513.374
0.244141 672.49
0.246094 250.809
0.248047 241.581
0.25 492.894
0.251953 293.903
0.253906 377.967
0.255859 287.456
0.257812 668.935
0.259766 660.699
0.261719 286.73
0.263672 444.753
0.265625 381.295
0.267578 480.276
0.269531 173.219
0.271484 576.392
0.273438 250.64
0.275391 388.077
0.277344 55.1587
0.279297 367.993
0.28125 1200.44
0.283203 464.721
0.285156 3517.54
0.287109 2901.72
0.289062 1028.73
0.291016 620.436
0.292969 580.29
0.294922 987.614
0.296875 736.647
0.298828 151.739
0.300781 408.12
0.302734 397.7
0.304688 939.299
0.306641 473.341
0.308594 526.407
0.310547 271.716
0.3125 810.005
0.314453 151.603
0.316406 325.119
0.318359 450.428
0.320312 395.305
0.322266 454.395
0.324219 303.614
0.326172 293.112
0.328125 330.064
0.330078 178.415
0.332031 89.5155
0.333984 909.656
0.335938 678.227
0.337891 211.633
0.339844 333.561
0.341797 162.57
0.34375 279.835
0.345703 176.556
0.347656 472.952
0.349609 498.987
0.351562 449.862
0.353516 679.957
0.355469 161.516
0.357422 442.117
0.359375 249.336
0.361328 385.346
0.363281 255.236
0.365234 456.574
0.367188 229.345
0.369141 285.77
0.371094 243.182
0.373047 91.2575
0.375 365.386
0.376953 488.922
0.378906 502.124
0.380859 21.5046
0.382812 197.908
0.384766 98.1165
0.386719 660.938
0.388672 454.651
0.390625 387.677
0.392578 70.3678
0.394531 146.723
0.396484 118.64
0.398438 160.34
0.400391 185.608
0.402344 140.502
0.404297 312.448
0.40625 491.582
0.408203 517.171
0.410156 612.932
0.412109 222.93
0.414062 119.275
0.416016 221.983
0.417969 38.3436
0.419922 71.1737
0.421875 228.723
0.423828 542.336
0.425781 428.54
0.427734 1216.81
0.429688 1086.47
0.431641 623.951
0.433594 535.068
0.435547 520.49
0.4375 525.488
0.439453 817.349
0.441406 451.652
0.443359 93.5969
0.445312 52.3072
0.447266 290.308
0.449219 626.753
0.451172 479.338
0.453125 273.878
0.455078 731.198
0.457031 71.3587
0.458984 203.588
0.460938 328.733
0.462891 373.988
0.464844 143.808
0.466797 381.074
0.46875 194.68
0.470703 436.99
0.472656 611.641
0.474609 337.156
0.476562 552.65
0.478516 334.067
0.480469 259.33
0.482422 314.574
0.484375 292.832
0.486328 393.143
0.488281 544.563
0.490234 517.951
0.492188 738.008
0.494141 531.671
0.496094 198.789
0.498047 144.519
0.5 138.908
