0 127.109
1 42.511
2 71.525
3 79.836
4 126.012
5 151.867
6 44.3176
7 40.5083
8 91.5956
9 71.3413
10 81.4277
11 154.382
12 140.655
13 51.8658
14 43.6956
15 64.1147
16 70.6492
17 75.3529
18 149.764
19 157.334
20 71.4789
21 50.7746
22 53.322
23 68.1252
24 111.803
25 137.645
26 200.554
27 70.4406
28 65.0377
29 49.4967
30 100.238
31 98.8107
32 167.119
33 164.688
34 49.2328
35 40.9214
36 74.791
37 75.8787
38 79.137
39 59.1378
40 113.444
41 52.9002
42 71.8757
43 83.6314
44 99.2011
45 82.227
46 173.605
47 154.802
48 90.2869
49 57.0224
50 74.8465
51 85.5823
52 92.2787
53 149.625
54 128.953
55 54.1415
56 74.9863
57 74.0024
58 65.7999
59 104.172
60 177.677
61 172.629
62 57.8251
63 44.7507
64 66.6419
65 71.6093
66 86.3252
67 177.731
68 144.208
69 38.2503
70 49.5651
71 55.2411
72 70.5238
73 74.7973
74 133.868
75 183.056
76 70.6507
77 66.9176
78 87.8962
79 101.803
80 81.8845
81 165.858
82 170.713
83 73.1209
84 49.9986
85 53.0942
86 98.6707
87 120.672
88 174.952
89 165.928
90 50.9917
91 54.9863
92 88.4549
93 75.1626
94 105.103
95 226.029
96 159.77
97 71.2535
98 54.0532
99 85.1253
100 79.1453
101 131.648
102 133.512
103 180.124
104 45.6514
105 46.889
106 54.2535
107 58.7381
108 109.956
109 178.408
110 135.465
111 63.5106
112 72.3817
113 81.5144
114 79.1664
115 94.3537
116 233.472
117 154.854
118 49.9103
119 54.4624
120 70.6653
121 68.6797
122 117.161
123 158.706
124 163.265
125 60.7842
126 61.9135
127 70.8619
128 48.1271
129 118.355
130 147.973
131 146.112
132 61.8014
133 75.434
134 80.3323
135 84.0313
136 90.0982
137 150.447
138 154.756
139 44.3125
140 77.9816
141 52.6036
142 80.5513
143 115.379
144 196.418
145 163.564
146 107.521
147 51.1644
148 50.2762
149 76.2304
150 88.8856
151 182.884
152 124.718
153 51.4269
154 71.084
155 56.5747
156 91.7941
157 110.957
158 139.101
159 183.757
160 91.3055
161 54.4992
162 69.2291
163 100.761
164 98.8031
165 157.67
166 123.308
167 60.023
168 83.592
169 99.0995
170 85.2796
171 98.0571
172 154.369
173 131.143
174 62.2673
175 59.5368
176 69.4907
177 90.1519
178 106.231
179 126.344
180 120.445
181 58.1897
182 60.7873
183 60.2393
184 132.014
185 100.8
186 107.14
187 133.061
188 50.7496
189 58.8384
190 88.6153
191 98.4105
192 113.136
193 132.303
194 159.814
195 48.751
196 49.6123
197 74.1596
198 86.594
199 62.8669
200 139.268
201 153.664
202 74.0529
203 62.527
204 93.6572
205 97.2477
206 111.14
207 153.711
208 138.634
209 79.0411
210 54.872
211 82.8028
212 57.8691
213 31.9646
214 97.9689
215 105.937
216 67.7445
217 81.6476
218 70.9069
219 58.1289
220 97.4713
221 137.212
222 89.3574
223 81.1125
224 59.5105
225 77.7456
226 79.7042
227 86.0034
228 148.856
229 121.197
230 82.121
231 76.087
232 80.3465
233 73.6234
234 75.607
235 150.491
236 147.702
237 63.0461
238 69.1132
239 61.5897
240 72.1017
241 112.476
242 132.902
243 0.0161885
244 12.9988
245 8.4177
246 12.3134
247 11.2112
248 7.05734
249 30.6897
250 10.6266
251 27.6242
252 30.1468
253 32.1835
254 37.3265
255 72.5634
256 113.424
257 79.2188
258 0.0295158
259
260
261
262
263
264
265
266
267
268
269
270
271
272
273 69.3036
274 80.8662
275 75.9938
276 98.7406
277 156.484
278 178.328
279 59.1246
280 64.2353
281 68.6242
282 79.1859
283 121.552
284 167.502
285 160.346
286 66.6425
287 45.9192
288 87.0309
289 111.68
290 148.998
291 219.311
292 180.492
293 74.7277
294 59.5932
295 55.0287
296 91.3138
297 123.65
298 184.071
299 208.809
300 53.0521
301 64.6888
302 63.1871
303 94.3958
304 153.214
305 192.553
306 129.972
307 54.3135
308 66.52
309 91.8558
310 68.2737
311 73.1614
312 134.088
313 146.484
314 63.0102
315 53.7702
316 89.9959
317 90.7505
318 92.72
319 221.021
320 180.085
321 51.2057
322 70.8347
323 65.7181
324 77.503
325 79.8699
326 126.657
327 184.044
328 71.7109
329 105.776
330 39.6687
331 73.6883
332 58.5867
333 86.4672
334 116.349
335 36.6267
336 39.0848
337 51.8605
338 103.57
339 79.4773
340 179.596
341 156.361
342 66.3767
343 52.9713
344 66.533
345 71.2075
346 84.6705
347 156.554
348 100.833
349 65.2766
350 93.1919
351 80.1716
352 78.2989
353 90.9141
354 125.976
355 83.6004
356 51.0899
357 55.2176
358 75.1824
359 57.4656
360 46.3171
361 56.8014
362 117.819
363 60.0708
364 105.091
