0 89248.2
0.00195312 63653.7
0.00390625 42344.2
0.00585938 22035.9
0.0078125 24686.4
0.00976562 19879.3
0.0117188 10363.5
0.0136719 9624.37
0.015625 15590
0.0175781 15356.1
0.0195312 6994.82
0.0214844 4308.62
0.0234375 7199.39
0.0253906 9931.17
0.0273438 8893.23
0.0292969 3799.92
0.03125 3616.87
0.0332031 2525.39
0.0351562 2418.04
0.0371094 3951.59
0.0390625 3145.63
0.0410156 3405.72
0.0429688 1384.71
0.0449219 1793.08
0.046875 5867.16
0.0488281 5761.76
0.0507812 4642.26
0.0527344 949.987
0.0546875 1534.41
0.0566406 3638.39
0.0585938 5233.58
0.0605469 2614.76
0.0625 1756.32
0.0644531 848.144
0.0664062 1620.39
0.0683594 2576.71
0.0703125 2529.12
0.0722656 3231.91
0.0742188 2129.66
0.0761719 2149.96
0.078125 3618.95
0.0800781 2129.73
0.0820312 2567.56
0.0839844 2582.09
0.0859375 944.365
0.0878906 2847.92
0.0898438 3130.4
0.0917969 3648.21
0.09375 1329.84
0.0957031 1460.88
0.0976562 2944.91
0.0996094 1137.87
0.101562 975.528
0.103516 3577.81
0.105469 2179.27
0.107422 596.834
0.109375 943.877
0.111328 2286.97
0.113281 1933.99
0.115234 3020.38
0.117188 4819.61
0.119141 1872.71
0.121094 2063.97
0.123047 1725.78
0.125 4631.33
0.126953 1098.22
0.128906 2171.41
0.130859 934.346
0.132812 2627.71
0.134766 1118.3
0.136719 3116.78
0.138672 7777.47
0.140625 3847.02
0.142578 19448.5
0.144531 9859.61
0.146484 3126.5
0.148438 2011.68
0.150391 3200.96
0.152344 2214.03
0.154297 1182.74
0.15625 2428.55
0.158203 249.671
0.160156 1669.62
0.162109 1096.51
0.164062 1016.64
0.166016 992.195
0.167969 525.618
0.169922 794.445
0.171875 2620.87
0.173828 915.988
0.175781 1300.28
0.177734 1745.04
0.179688 787.49
0.181641 2436.57
0.183594 572.905
0.185547 1569.98
0.1875 1342.43
0.189453 2156.94
0.191406 1610.55
0.193359 2174.66
0.195312 1105.67
0.197266 1152.04
0.199219 1330.15
0.201172 1635.55
0.203125 1121.07
0.205078 335.622
0.207031 1025.7
0.208984 1224.48
0.210938 1797.46
0.212891 1340.49
0.214844 195.388
0.216797 1070.7
0.21875 1766.45
0.220703 1538.13
0.222656 1346.19
0.224609 558.446
0.226562 466.094
0.228516 508.039
0.230469 774.125
0.232422 389.92
0.234375 895.707
0.236328 1056.87
0.238281 1631.22
0.240234 779.783
0.242188 1881.51
0.244141 421.533
0.246094 2276.85
0.248047 1436.29
0.25 736.627
0.251953 519.061
0.253906 851.893
0.255859 1951.28
0.257812 2619.28
0.259766 562.848
0.261719 829.689
0.263672 627.845
0.265625 927.527
0.267578 1376.71
0.269531 1153.41
0.271484 701.366
0.273438 966.448
0.275391 295.024
0.277344 1243.82
0.279297 1777.93
0.28125 1957.83
0.283203 709.631
0.285156 8003.42
0.287109 7677.88
0.289062 1199.99
0.291016 719.639
0.292969 3567.92
0.294922 1405.64
0.296875 1004.18
0.298828 688.322
0.300781 494.684
0.302734 1602.92
0.304688 1145.75
0.306641 1423.12
0.308594 1283.13
0.310547 583.7
0.3125 1116.67
0.314453 491.697
0.316406 383.429
0.318359 940.466
0.320312 1371.91
0.322266 1380.66
0.324219 2349.72
0.326172 1561.77
0.328125 798.652
0.330078 683.335
0.332031 465.207
0.333984 1435.48
0.335938 726.694
0.337891 798.171
0.339844 500.499
0.341797 1266.36
0.34375 1698.65
0.345703 607.038
0.347656 1147.53
0.349609 1467.35
0.351562 662.27
0.353516 698.094
0.355469 658.155
0.357422 963.785
0.359375 1363.7
0.361328 931.561
0.363281 723.733
0.365234 1361.08
0.367188 1169.23
0.369141 1458.2
0.371094 1803.72
0.373047 1290.29
0.375 523.585
0.376953 1511.15
0.378906 1471.42
0.380859 59.1664
0.382812 1516.47
0.384766 273.905
0.386719 1334.59
0.388672 608.453
0.390625 1393.35
0.392578 1413.27
0.394531 1644.35
0.396484 308.485
0.398438 1548.76
0.400391 657.942
0.402344 254.863
0.404297 1809.16
0.40625 1058.83
0.408203 464.048
0.410156 588.385
0.412109 1132.47
0.414062 1077.56
0.416016 702.948
0.417969 168.509
0.419922 822.735
0.421875 855.904
0.423828 1974.16
0.425781 1680.03
0.427734 2731.89
0.429688 2744.43
0.431641 310.636
0.433594 1683.64
0.435547 2409.14
0.4375 295.441
0.439453 1307.79
0.441406 780.868
0.443359 1083.68
0.445312 462.392
0.447266 1296.99
0.449219 797.506
0.451172 1571.32
0.453125 779.913
0.455078 808.576
0.457031 847.062
0.458984 1268.49
0.460938 1060.81
0.462891 887.026
0.464844 1610.98
0.466797 2340.77
0.46875 589.884
0.470703 1369.83
0.472656 636.992
0.474609 1154.4
0.476562 1152.49
0.478516 733.34
0.480469 923.631
0.482422 1246.7
0.484375 869.011
0.486328 1014.4
0.488281 462.432
0.490234 422.414
0.492188 1039.3
0.494141 993.174
0.496094 396.513
0.498047 469.613
0.5 978.493
