0 272.601
1 271.521
2 295.768
3 309.987
4 237.916
5 223.15
6 218.993
7 227.801
8 183.961
9 317.893
10 222.942
11 343.761
12 246.405
13 297.314
14 74.2487
15 147.967
16 143.962
17 278.37
18 404.165
19 261.605
20 222.904
21 348.755
22 200.344
23 259.658
24 193.523
25 427.298
26 287.502
27 211.666
28 231.522
29 193.383
30 201.076
31 355.292
32 371.277
33 331.061
34 285.572
35 342.026
36 395.6
37 157.68
38 211.123
39 304.647
40 344.954
41 326.346
42 340.412
43 310.103
44 260.283
45 229.873
46 416.655
47 372.205
48 201.338
49 277.589
50 336.362
51 234.128
52 233.475
53 426.553
54 273.457
55 274.696
56 230.22
57 224.942
58 296.993
59 268.327
60 436.094
61 320.98
62 239.524
63 261.563
64 231.136
65 249.827
66 365.563
67 354.72
68 288.052
69 238.336
70 195.256
71 342.544
72 223.601
73 385.462
74 488.64
75 272.299
76 220.156
77 235.042
78 207.463
79 288.02
80 283.057
81 441.676
82 384.484
83 392.994
84 333.885
85 248.065
86 228.399
87 362.737
88 309.448
89 297.246
90 216.09
91 257.152
92 203.682
93 186.33
94 244.906
95 272.489
96 226.536
97 332.311
98 226.893
99 250.021
100 158.148
101 344.527
102 355.474
103 246.955
104 182.142
105 295.803
106 224.571
107 310.796
108 251.722
109 386.339
110 229.843
111 241.128
112 228.4
113 146.582
114 239.282
115 183.295
116 195.275
117 342.13
118 230.149
119 165.396
120 191.65
121 265.185
122 198.73
123 204.891
124 202.036
125 265.217
126 245.273
127 177.098
128 200.833
129 278.472
130 310.062
131 243.637
132 192.751
133 288.759
134 118.875
135 172.589
136 280.044
137 400.294
138 297.281
139 232.775
140 191.861
141 169.366
142 244.664
143 192.645
144 318.024
145 309.947
146 307.26
147 171.199
148 230.622
149 147.271
150 255.9
151 384.003
152 287.437
153 189.435
154 294.657
155 164.596
156 153.151
157 154.986
158 325.753
159 318.198
160 131.094
161 169.612
162 234.593
163 207.844
164 209.594
165 307.732
166 268.505
167 266.286
168 205.918
169 222.6
170 190.953
171 281.523
172 179.568
173 205.325
174 203.544
175 279.148
176 228.856
177 178.69
178 324.75
179 258.58
180 156.186
181 205.753
182 223.592
183 240.238
184 331.436
185 395.412
186 353.588
187 326.914
188 281.786
189 230.491
190 188.648
191 345.712
192 328.509
193 392.551
194 284.79
195 299.733
196 283.673
197 308.371
198 218.152
199 232.257
200 427.86
201 278.977
202 246.333
203 378.217
204 351.36
205 178.139
206 315.132
207 367.564
208 280.644
209 252.85
210 292.457
211 258.829
212 87.0256
213 117.756
214 226.231
215 171.897
216 261.42
217 446.25
218 199.036
219 210.321
220 371.167
221 321.596
222 43.7434
223 236.456
224 303.967
225 245.512
226 313.387
227 359.337
228 398.179
229 357.311
230 301.979
231 261.203
232 321.805
233 258.875
234 375.859
235 245.905
236 294.823
237 391.033
238 265.119
239 200.135
240 238.84
241 398.39
242 410.454
243 0.0627853
244 0.279282
245 0.0393445
246 0.380006
247 5.42285
248 0.0553427
249 2.91833
250 0.756944
251 124.589
252 36.2472
253 87.6868
254 56.2078
255 100.604
256 219.223
257 214.281
258 0.0743731
259
260
261
262
263
264
265
266
267
268
269
270
271
272
273 266.214
274 233.868
275 194.612
276 234.584
277 363.147
278 292.584
279 331.618
280 196.962
281 187.315
282 210.83
283 356.79
284 336.677
285 330.392
286 263.25
287 210.869
288 193.369
289 185.295
290 201.761
291 303.478
292 213.821
293 159.165
294 262.712
295 178.825
296 150.558
297 196.111
298 433.952
299 272.941
300 358.737
301 144.757
302 189.387
303 69.1895
304 389.57
305 403.892
306 382.301
307 232.423
308 258.106
309 293.694
310 236.645
311 312.832
312 453.85
313 348.336
314 190.316
315 313.118
316 165.947
317 323.339
318 224.165
319 413.479
320 375.297
321 150.355
322 215.944
323 207.578
324 123.692
325 197.392
326 408.33
327 382.382
328 226.002
329 105.565
330 338.601
331 217.749
332 668.473
333 581.578
334 378.854
335 222.238
336 308.106
337 253.073
338 165.924
339 310.704
340 533.786
341 447.024
342 363.885
343 265.134
344 162.382
345 221.493
346 385.33
347 440.107
348 337.251
349 206.554
350 231.42
351 236.712
352 172.356
353 73.4616
354 399.521
355 462.818
356 273.69
357 403.558
358 238.865
359 259.59
360 361.905
361 439.65
362 544.324
363 368.759
364 430.557
