1 62.2739
2 55.0542
3 56.6724
4 55.2053
5 85.4546
6 128.745
7 40.497
8 39.3817
9 35.5881
10 59.7856
11 52.6661
12 121.081
13 161.85
14 35.2633
15 48.8401
16 74.0407
17 39.0423
18 52.2704
19 136.624
20 158.878
21 70.4066
22 67.4677
23 48.1378
24 57.6665
25 59.7956
26 105.639
27 113.372
28 33.9014
29 49.5253
30 51.558
31 66.9754
32 89.6811
33 139.392
34 92.9865
35 31.9483
36 40.435
37 74.0528
38 70.6337
39 67.999
40 66.6116
41 119.992
42 36.7976
43 43.3882
44 57.7142
45 83.0365
46 103.51
47 164.944
48 154.82
49 71.8522
50 70.3066
51 59.6041
52 87.7252
53 78.7723
54 158.176
55 139.885
56 62.3038
57 65.3364
58 47.6862
59 42.1158
60 71.5336
61 151.468
62 112.969
63 52.7791
64 55.7196
65 82.3224
66 67.0091
67 110.224
68 136.344
69 156.151
70 62.3381
71 43.5801
72 65.1288
73 71.8441
74 63.6405
75 124.455
76 177.654
77 73.4612
78 66.0175
79 66.5372
80 58.8702
81 76.1692
82 158.602
83 145.172
84 39.3209
85 62.313
86 104.514
87 75.3696
88 120.812
89 128.981
90 187.598
91 33.8233
92 68.6244
93 130.929
94 82.2936
95 94.4188
96 190.068
97 134.603
98 47.5831
99 47.0584
100 73.014
101 91.2053
102 103.362
103 145.585
104 128.1
105 60.56
106 49.0596
107 65.2917
108 77.6042
109 66.7946
110 133.275
111 188.011
112 38.6465
113 63.9676
114 43.7269
115 52.3647
116 62.0808
117 124.851
118 177.474
119 48.0706
120 59.2802
121 62.2777
122 60.3895
123 73.0251
124 152.563
125 159.165
126 40.0167
127 75.152
128 64.6958
129 90.905
130 86.4995
131 164.888
132 168.46
133 40.6988
134 59.9972
135 82.5424
136 60.0509
137 97.8591
138 157.794
139 142.107
140 53.0147
141 88.5588
142 63.2354
143 47.4051
144 80.775
145 202.93
146 146.031
147 182.315
148 57.4436
149 76.6066
150 52.8731
151 92.9128
152 150.016
153 115.67
154 39.4089
155 71.1853
156 79.2018
157 93.3881
158 127.407
159 139.564
160 103.723
161 50.0281
162 40.6355
163 35.2407
164 116.368
165 118.092
166 135.505
167 142.101
168 67.1377
169 62.8922
170 58.629
171 75.3357
172 90.9498
173 133.1
174 167.724
175 42.4675
176 52.0398
177 72.6781
178 86.1401
179 83.3986
180 165.577
181 155.795
182 74.2344
183 58.2571
184 72.8422
185 94.8305
186 114.852
187 95.0715
188 108.001
189 56.3039
190 53.5456
191 73.2867
192 89.3267
193 67.845
194 106.762
195 96.9006
196 70.6787
197 56.3468
198 79.896
199 75.4155
200 113.805
201 127.816
202 105.562
203 59.7726
204 108.199
205 86.9651
206 112.251
207 84.1039
208 146.161
209 105.903
210 40.6501
211 83.6133
212 67.1454
213 81.9111
214 65.7091
215 79.0859
216 77.3904
217 57.6638
218 77.1767
219 94.8494
220 95.1649
221 82.1718
222 129.55
223 77.3128
224 42.7513
225 80.9617
226 78.1707
227 108.194
228 96.7191
229 167.34
230 135.921
231 57.6165
232 56.643
233 76.5302
234 105.981
235 87.1884
236 174.047
237 135.745
238 65.2122
239 69.363
240 97.4062
241 57.9511
242 105.716
243 151.099
274 72.3193
275 103.509
276 50.2464
277 107.583
278 118.759
279 178.5
280 47.5083
281 68.7871
282 65.5725
283 95.7444
284 74.7244
285 223.038
286 178.784
287 66.8126
288 62.2003
289 84.3952
290 69.3975
291 103.314
292 141.924
293 156.172
294 67.0135
295 67.4899
296 102.473
297 77.8217
298 86.968
299 143.229
300 143.944
301 58.9775
302 64.3669
303 67.7761
304 96.3288
305 129.781
306 126.657
307 159.889
308 65.9297
309 64.9731
310 52.9995
311 53.9507
312 103.887
313 127.462
314 175.152
315 51.1953
316 58.8852
317 44.9039
318 45.7235
319 87.3489
320 244.803
321 191.511
322 38.1567
323 83.5682
324 59.0052
325 73.4672
326 84.3694
327 153.03
328 167.685
329 69.6021
330 34.6761
331 56.5591
332 84.9836
333 66.8115
334 78.5848
335 87.5336
336 39.4632
337 41.2601
338 47.0847
339 65.8257
340 100.08
341 145.913
342 135.116
343 32.3012
344 64.2515
345 66.0579
346 62.6273
347 111.908
348 131.079
349 103.511
350 53.8741
351 88.4967
352 84.2649
353 71.835
354 109.015
355 75.2128
356 105.615
357 30.5262
358 43.34
359 48.8009
360 31.8247
361 40.8944
362 99.151
363 59.0046
364 51.0102
365 69.9833
