1 345.831
2 238.719
3 384.903
4 498.23
5 573.539
6 539.456
7 341.169
8 325.375
9 402.867
10 568.588
11 620.629
12 484.695
13 519.487
14 334.33
15 517.275
16 480.335
17 528.505
18 619.825
19 685.02
20 603.482
21 464.011
22 420.112
23 455.45
24 599.366
25 474.562
26 660.429
27 589.584
28 419.942
29 332.502
30 493.064
31 557.149
32 531.979
33 726.941
34 663.654
35 442.48
36 482.95
37 436.504
38 550.904
39 535.375
40 461.742
41 622.716
42 429.778
43 490.839
44 618.145
45 602.672
46 685.973
47 667.706
48 657.909
49 451.244
50 415.46
51 459.534
52 542.436
53 498.997
54 715.711
55 637.606
56 359.801
57 548.18
58 478.18
59 494.452
60 552.266
61 797.506
62 579.187
63 357.579
64 408.855
65 509.463
66 471.427
67 613.541
68 791.588
69 575.459
70 346.68
71 493.947
72 515.49
73 629.151
74 662.601
75 673.224
76 667.449
77 390.117
78 353.89
79 508.571
80 478.303
81 646.63
82 664.776
83 611.411
84 471.721
85 362.816
86 556.639
87 629.645
88 693.794
89 759.084
90 590.765
91 440.839
92 452.479
93 548.356
94 515.127
95 650.776
96 737.968
97 660.84
98 338.811
99 443.573
100 557.93
101 477.005
102 543.684
103 684.331
104 681.084
105 432.154
106 448.61
107 466.604
108 615.026
109 659.586
110 730.09
111 627.328
112 403.204
113 519.251
114 525.776
115 481.982
116 705.77
117 793.454
118 547.995
119 449.858
120 507.184
121 524.146
122 577.867
123 730.267
124 736.956
125 737.365
126 417.637
127 502.644
128 513.557
129 509.627
130 694.572
131 711.87
132 723.675
133 465.899
134 432.777
135 567.065
136 595.618
137 747.218
138 853.372
139 697.359
140 457.178
141 440.487
142 496.598
143 447.635
144 493.866
145 535.657
146 598.163
147 424.241
148 368.611
149 452.354
150 549.816
151 609.612
152 700.838
153 743.595
154 369.029
155 515.667
156 470.29
157 516.247
158 682.532
159 761.27
160 619.094
161 399.464
162 442.151
163 528.482
164 470.747
165 585.554
166 746.981
167 659.735
168 408.203
169 468.947
170 578.886
171 511.671
172 606.515
173 747.756
174 728.801
175 403.834
176 452.051
177 434.955
178 613.879
179 580.043
180 630.848
181 594.577
182 371.148
183 383.852
184 498.089
185 534.799
186 425.064
187 589.018
188 532.999
189 352.776
190 396.973
191 562.561
192 500.616
193 544.517
194 676.926
195 538.12
196 394.009
197 536.86
198 488.802
199 598.018
200 668.218
201 702.684
202 760.494
203 421.118
204 384.583
205 587.173
206 575.542
207 573.542
208 663.915
209 633.944
210 344.257
211 461.225
212 469.417
213 419.308
214 347.934
215 361.699
216 352.437
217 400.07
218 464.841
219 526.139
220 460.281
221 636.335
222 684.912
223 283.617
224 353.806
225 446.864
226 475.044
227 609.219
228 575.778
229 652.895
230 462.458
231 389.516
232 509.643
233 534.499
234 574.795
235 540.804
236 708.645
237 640.67
238 390.979
239 415.458
240 441.774
241 558.696
242 580.191
243 674.096
274 401.913
275 478.065
276 529.874
277 677.716
278 788.615
279 671.535
280 430.847
281 368.789
282 489.359
283 576.262
284 695.992
285 703.615
286 654.739
287 413.775
288 477.875
289 470.924
290 516.251
291 622.485
292 766.784
293 686.589
294 430.793
295 481.993
296 440.216
297 544.944
298 670.762
299 706.647
300 635.318
301 376.511
302 500.233
303 536.933
304 503.768
305 682.18
306 817.58
307 756.944
308 424.975
309 497.655
310 505.052
311 624.575
312 630.973
313 714.234
314 690.401
315 299.927
316 445.523
317 461.126
318 596.887
319 654.583
320 794.899
321 626.524
322 383.03
323 479.675
324 501.203
325 563.424
326 566.724
327 663.97
328 579.359
329 349.632
330 429.348
331 366.069
332 318.409
333 404.719
334 476.279
335 544.789
336 352.431
337 399.324
338 437.662
339 496.566
340 664.013
341 690.922
342 660.515
343 419.407
344 462.516
345 531.161
346 586.09
347 603.829
348 620.244
349 364.252
350 369.86
351 444.214
352 568.688
353 507.696
354 532.892
355 591.694
356 532.46
357 389.272
358 291.158
359 245.727
360 251.189
361 401.144
362 451.422
363 528.002
364 321.443
365 496.141
