1.0 62.2739
2.0 55.0542
3.0 56.6724
4.0 55.2053
5.0 85.4546
6.0 128.745
7.0 40.497
8.0 39.3817
9.0 35.5881
10.0 59.7856
11.0 52.6661
12.0 121.081
13.0 161.85
14.0 35.2633
15.0 48.8401
16.0 74.0407
17.0 39.0423
18.0 52.2704
19.0 136.624
20.0 158.878
21.0 70.4066
22.0 67.4677
23.0 48.1378
24.0 57.6665
25.0 59.7956
26.0 105.639
27.0 113.372
28.0 33.9014
29.0 49.5253
30.0 51.558
31.0 66.9754
32.0 89.6811
33.0 139.392
34.0 92.9865
35.0 31.9483
36.0 40.435
37.0 74.0528
38.0 70.6337
39.0 67.999
40.0 66.6116
41.0 119.992
42.0 36.7976
43.0 43.3882
44.0 57.7142
45.0 83.0365
46.0 103.51
47.0 164.944
48.0 154.82
49.0 71.8522
50.0 70.3066
51.0 59.6041
52.0 87.7252
53.0 78.7723
54.0 158.176
55.0 139.885
56.0 62.3038
57.0 65.3364
58.0 47.6862
59.0 42.1158
60.0 71.5336
61.0 151.468
62.0 112.969
63.0 52.7791
64.0 55.7196
65.0 82.3224
66.0 67.0091
67.0 110.224
68.0 136.344
69.0 156.151
70.0 62.3381
71.0 43.5801
72.0 65.1288
73.0 71.8441
74.0 63.6405
75.0 124.455
76.0 177.654
77.0 73.4612
78.0 66.0175
79.0 66.5372
80.0 58.8702
81.0 76.1692
82.0 158.602
83.0 145.172
84.0 39.3209
85.0 62.313
86.0 104.514
87.0 75.3696
88.0 120.812
89.0 128.981
90.0 187.598
91.0 33.8233
92.0 68.6244
93.0 130.929
94.0 82.2936
95.0 94.4188
96.0 190.068
97.0 134.603
98.0 47.5831
99.0 47.0584
100.0 73.014
101.0 91.2053
102.0 103.362
103.0 145.585
104.0 128.1
105.0 60.56
106.0 49.0596
107.0 65.2917
108.0 77.6042
109.0 66.7946
110.0 133.275
111.0 188.011
112.0 38.6465
113.0 63.9676
114.0 43.7269
115.0 52.3647
116.0 62.0808
117.0 124.851
118.0 177.474
119.0 48.0706
120.0 59.2802
121.0 62.2777
122.0 60.3895
123.0 73.0251
124.0 152.563
125.0 159.165
126.0 40.0167
127.0 75.152
128.0 64.6958
129.0 90.905
130.0 86.4995
131.0 164.888
132.0 168.46
133.0 40.6988
134.0 59.9972
135.0 82.5424
136.0 60.0509
137.0 97.8591
138.0 157.794
139.0 142.107
140.0 53.0147
141.0 88.5588
142.0 63.2354
143.0 47.4051
144.0 80.775
145.0 202.93
146.0 146.031
147.0 182.315
148.0 57.4436
149.0 76.6066
150.0 52.8731
151.0 92.9128
152.0 150.016
153.0 115.67
154.0 39.4089
155.0 71.1853
156.0 79.2018
157.0 93.3881
158.0 127.407
159.0 139.564
160.0 103.723
161.0 50.0281
162.0 40.6355
163.0 35.2407
164.0 116.368
165.0 118.092
166.0 135.505
167.0 142.101
168.0 67.1377
169.0 62.8922
170.0 58.629
171.0 75.3357
172.0 90.9498
173.0 133.1
174.0 167.724
175.0 42.4675
176.0 52.0398
177.0 72.6781
178.0 86.1401
179.0 83.3986
180.0 165.577
181.0 155.795
182.0 74.2344
183.0 58.2571
184.0 72.8422
185.0 94.8305
186.0 114.852
187.0 95.0715
188.0 108.001
189.0 56.3039
190.0 53.5456
191.0 73.2867
192.0 89.3267
193.0 67.845
194.0 106.762
195.0 96.9006
196.0 70.6787
197.0 56.3468
198.0 79.896
199.0 75.4155
200.0 113.805
201.0 127.816
202.0 105.562
203.0 59.7726
204.0 108.199
205.0 86.9651
206.0 112.251
207.0 84.1039
208.0 146.161
209.0 105.903
210.0 40.6501
211.0 83.6133
212.0 67.1454
213.0 81.9111
214.0 65.7091
215.0 79.0859
216.0 77.3904
217.0 57.6638
218.0 77.1767
219.0 94.8494
220.0 95.1649
221.0 82.1718
222.0 129.55
223.0 77.3128
224.0 42.7513
225.0 80.9617
226.0 78.1707
227.0 108.194
228.0 96.7191
229.0 167.34
230.0 135.921
231.0 57.6165
232.0 56.643
233.0 76.5302
234.0 105.981
235.0 87.1884
236.0 174.047
237.0 135.745
238.0 65.2122
239.0 69.363
240.0 97.4062
241.0 57.9511
242.0 105.716
243.0 151.099
274.0 72.3193
275.0 103.509
276.0 50.2464
277.0 107.583
278.0 118.759
279.0 178.5
280.0 47.5083
281.0 68.7871
282.0 65.5725
283.0 95.7444
284.0 74.7244
285.0 223.038
286.0 178.784
287.0 66.8126
288.0 62.2003
289.0 84.3952
290.0 69.3975
291.0 103.314
292.0 141.924
293.0 156.172
294.0 67.0135
295.0 67.4899
296.0 102.473
297.0 77.8217
298.0 86.968
299.0 143.229
300.0 143.944
301.0 58.9775
302.0 64.3669
303.0 67.7761
304.0 96.3288
305.0 129.781
306.0 126.657
307.0 159.889
308.0 65.9297
309.0 64.9731
310.0 52.9995
311.0 53.9507
312.0 103.887
313.0 127.462
314.0 175.152
315.0 51.1953
316.0 58.8852
317.0 44.9039
318.0 45.7235
319.0 87.3489
320.0 244.803
321.0 191.511
322.0 38.1567
323.0 83.5682
324.0 59.0052
325.0 73.4672
326.0 84.3694
327.0 153.03
328.0 167.685
329.0 69.6021
330.0 34.6761
331.0 56.5591
332.0 84.9836
333.0 66.8115
334.0 78.5848
335.0 87.5336
336.0 39.4632
337.0 41.2601
338.0 47.0847
339.0 65.8257
340.0 100.08
341.0 145.913
342.0 135.116
343.0 32.3012
344.0 64.2515
345.0 66.0579
346.0 62.6273
347.0 111.908
348.0 131.079
349.0 103.511
350.0 53.8741
351.0 88.4967
352.0 84.2649
353.0 71.835
354.0 109.015
355.0 75.2128
356.0 105.615
357.0 30.5262
358.0 43.34
359.0 48.8009
360.0 31.8247
361.0 40.8944
362.0 99.151
363.0 59.0046
364.0 51.0102
365.0 69.9833
