1.0 345.831
2.0 238.719
3.0 384.903
4.0 498.23
5.0 573.539
6.0 539.456
7.0 341.169
8.0 325.375
9.0 402.867
10.0 568.588
11.0 620.629
12.0 484.695
13.0 519.487
14.0 334.33
15.0 517.275
16.0 480.335
17.0 528.505
18.0 619.825
19.0 685.02
20.0 603.482
21.0 464.011
22.0 420.112
23.0 455.45
24.0 599.366
25.0 474.562
26.0 660.429
27.0 589.584
28.0 419.942
29.0 332.502
30.0 493.064
31.0 557.149
32.0 531.979
33.0 726.941
34.0 663.654
35.0 442.48
36.0 482.95
37.0 436.504
38.0 550.904
39.0 535.375
40.0 461.742
41.0 622.716
42.0 429.778
43.0 490.839
44.0 618.145
45.0 602.672
46.0 685.973
47.0 667.706
48.0 657.909
49.0 451.244
50.0 415.46
51.0 459.534
52.0 542.436
53.0 498.997
54.0 715.711
55.0 637.606
56.0 359.801
57.0 548.18
58.0 478.18
59.0 494.452
60.0 552.266
61.0 797.506
62.0 579.187
63.0 357.579
64.0 408.855
65.0 509.463
66.0 471.427
67.0 613.541
68.0 791.588
69.0 575.459
70.0 346.68
71.0 493.947
72.0 515.49
73.0 629.151
74.0 662.601
75.0 673.224
76.0 667.449
77.0 390.117
78.0 353.89
79.0 508.571
80.0 478.303
81.0 646.63
82.0 664.776
83.0 611.411
84.0 471.721
85.0 362.816
86.0 556.639
87.0 629.645
88.0 693.794
89.0 759.084
90.0 590.765
91.0 440.839
92.0 452.479
93.0 548.356
94.0 515.127
95.0 650.776
96.0 737.968
97.0 660.84
98.0 338.811
99.0 443.573
100.0 557.93
101.0 477.005
102.0 543.684
103.0 684.331
104.0 681.084
105.0 432.154
106.0 448.61
107.0 466.604
108.0 615.026
109.0 659.586
110.0 730.09
111.0 627.328
112.0 403.204
113.0 519.251
114.0 525.776
115.0 481.982
116.0 705.77
117.0 793.454
118.0 547.995
119.0 449.858
120.0 507.184
121.0 524.146
122.0 577.867
123.0 730.267
124.0 736.956
125.0 737.365
126.0 417.637
127.0 502.644
128.0 513.557
129.0 509.627
130.0 694.572
131.0 711.87
132.0 723.675
133.0 465.899
134.0 432.777
135.0 567.065
136.0 595.618
137.0 747.218
138.0 853.372
139.0 697.359
140.0 457.178
141.0 440.487
142.0 496.598
143.0 447.635
144.0 493.866
145.0 535.657
146.0 598.163
147.0 424.241
148.0 368.611
149.0 452.354
150.0 549.816
151.0 609.612
152.0 700.838
153.0 743.595
154.0 369.029
155.0 515.667
156.0 470.29
157.0 516.247
158.0 682.532
159.0 761.27
160.0 619.094
161.0 399.464
162.0 442.151
163.0 528.482
164.0 470.747
165.0 585.554
166.0 746.981
167.0 659.735
168.0 408.203
169.0 468.947
170.0 578.886
171.0 511.671
172.0 606.515
173.0 747.756
174.0 728.801
175.0 403.834
176.0 452.051
177.0 434.955
178.0 613.879
179.0 580.043
180.0 630.848
181.0 594.577
182.0 371.148
183.0 383.852
184.0 498.089
185.0 534.799
186.0 425.064
187.0 589.018
188.0 532.999
189.0 352.776
190.0 396.973
191.0 562.561
192.0 500.616
193.0 544.517
194.0 676.926
195.0 538.12
196.0 394.009
197.0 536.86
198.0 488.802
199.0 598.018
200.0 668.218
201.0 702.684
202.0 760.494
203.0 421.118
204.0 384.583
205.0 587.173
206.0 575.542
207.0 573.542
208.0 663.915
209.0 633.944
210.0 344.257
211.0 461.225
212.0 469.417
213.0 419.308
214.0 347.934
215.0 361.699
216.0 352.437
217.0 400.07
218.0 464.841
219.0 526.139
220.0 460.281
221.0 636.335
222.0 684.912
223.0 283.617
224.0 353.806
225.0 446.864
226.0 475.044
227.0 609.219
228.0 575.778
229.0 652.895
230.0 462.458
231.0 389.516
232.0 509.643
233.0 534.499
234.0 574.795
235.0 540.804
236.0 708.645
237.0 640.67
238.0 390.979
239.0 415.458
240.0 441.774
241.0 558.696
242.0 580.191
243.0 674.096
274.0 401.913
275.0 478.065
276.0 529.874
277.0 677.716
278.0 788.615
279.0 671.535
280.0 430.847
281.0 368.789
282.0 489.359
283.0 576.262
284.0 695.992
285.0 703.615
286.0 654.739
287.0 413.775
288.0 477.875
289.0 470.924
290.0 516.251
291.0 622.485
292.0 766.784
293.0 686.589
294.0 430.793
295.0 481.993
296.0 440.216
297.0 544.944
298.0 670.762
299.0 706.647
300.0 635.318
301.0 376.511
302.0 500.233
303.0 536.933
304.0 503.768
305.0 682.18
306.0 817.58
307.0 756.944
308.0 424.975
309.0 497.655
310.0 505.052
311.0 624.575
312.0 630.973
313.0 714.234
314.0 690.401
315.0 299.927
316.0 445.523
317.0 461.126
318.0 596.887
319.0 654.583
320.0 794.899
321.0 626.524
322.0 383.03
323.0 479.675
324.0 501.203
325.0 563.424
326.0 566.724
327.0 663.97
328.0 579.359
329.0 349.632
330.0 429.348
331.0 366.069
332.0 318.409
333.0 404.719
334.0 476.279
335.0 544.789
336.0 352.431
337.0 399.324
338.0 437.662
339.0 496.566
340.0 664.013
341.0 690.922
342.0 660.515
343.0 419.407
344.0 462.516
345.0 531.161
346.0 586.09
347.0 603.829
348.0 620.244
349.0 364.252
350.0 369.86
351.0 444.214
352.0 568.688
353.0 507.696
354.0 532.892
355.0 591.694
356.0 532.46
357.0 389.272
358.0 291.158
359.0 245.727
360.0 251.189
361.0 401.144
362.0 451.422
363.0 528.002
364.0 321.443
365.0 496.141
