285.96 40.68 11988.2 -5.55556
285.96 40.6827 10345.1 -5.55556
285.96 40.6854 10199.3 -5.55556
285.96 40.6881 11265 -5.55556
285.96 40.6908 10530.1 -5.55556
285.96 40.6936 7727.19 -5.55556
285.96 40.6963 9369.87 -5.55556
285.96 40.699 10148.1 -5.55556
285.96 40.7017 9540.54 -5.55556
285.96 40.7044 9995.3 -5.55556
285.96 40.7071 11834.1 -5.55556
285.96 40.7098 9677.92 -5.55556
285.96 40.7125 10484.2 -5.55556
285.96 40.7153 10232.1 -5.55556
285.96 40.718 10735.9 -5.55556
285.96 40.7207 9991.62 -5.55556
285.96 40.7234 10694.1 -5.55556
285.96 40.7261 9149.48 -5.55556
285.96 40.7288 10690.9 -5.55556
285.96 40.7315 10316 -5.55556
285.96 40.7342 9826.79 -5.55556
285.96 40.7369 10559.5 -5.55556
285.96 40.7397 11304.3 -5.55556
285.96 40.7424 10134.6 -5.55556
285.96 40.7451 11236.1 -5.55556
285.96 40.7478 11559.4 -5.55556
285.96 40.7505 9341.3 -5.55556
285.96 40.7532 8725.3 -5.55556
285.96 40.7559 10869.4 -5.55556
285.96 40.7586 10513.6 -5.55556
285.96 40.7614 10496.6 -5.55556
285.96 40.7641 10382.2 -5.55556
285.96 40.7668 9733 -5.55556
285.96 40.7695 9577.35 -5.55556
285.96 40.7722 9125.85 -5.55556
285.96 40.7749 8528.31 -5.55556
285.96 40.7776 8803.66 -5.55556
285.96 40.7803 10107.6 -5.55556
285.96 40.7831 10434.9 -5.55556
285.96 40.7858 8668.04 -5.55556
285.96 40.7885 9467.47 -5.55556
285.96 40.7912 8908.9 -5.55556
285.96 40.7939 10593 -5.55556
285.96 40.7966 10475.4 -5.55556
285.96 40.7993 10165.1 -5.55556
285.96 40.802 10018 -5.55556
285.96 40.8047 9698.59 -5.55556
285.96 40.8075 10403.9 -5.55556
285.96 40.8102 10674.4 -5.55556
285.96 40.8129 10782.9 -5.55556
285.96 40.8156 10062.8 -5.55556
285.96 40.8183 9074.04 -5.55556
285.96 40.821 10235.5 -5.55556
285.96 40.8237 11385 -5.55556
285.96 40.8264 7905.37 -5.55556
285.96 40.8292 9953.56 -5.55556
285.96 40.8319 11385 -5.55556
285.96 40.8346 11385.2 -5.55556
285.96 40.8373 9399.03 -5.55556
285.96 40.84 9031.39 -5.55556
285.964 40.68 10294 -5.55556
285.964 40.6827 10496 -5.55556
285.964 40.6854 10345.3 -5.55556
285.964 40.6881 9015.63 -5.55556
285.964 40.6908 9592.47 -5.55556
285.964 40.6936 10385.4 -5.55556
285.964 40.6963 9852.52 -5.55556
285.964 40.699 9071.85 -5.55556
285.964 40.7017 9939.36 -5.55556
285.964 40.7044 8982.6 -5.55556
285.964 40.7071 10401.8 -5.55556
285.964 40.7098 10840.4 -5.55556
285.964 40.7125 8192.88 -5.55556
285.964 40.7153 9390.2 -5.55556
285.964 40.718 11750.3 -5.55556
285.964 40.7207 9902.96 -5.55556
285.964 40.7234 9705.17 -5.55556
285.964 40.7261 9720.86 -5.55556
285.964 40.7288 9272.64 -5.55556
285.964 40.7315 10114.5 -5.55556
285.964 40.7342 8252.47 -5.55556
285.964 40.7369 10474.3 -5.55556
285.964 40.7397 12483.1 -5.55556
285.964 40.7424 10384.2 -5.55556
285.964 40.7451 10346.1 -5.55556
285.964 40.7478 10575.9 -5.55556
285.964 40.7505 10373.2 -5.55556
285.964 40.7532 8895.98 -5.55556
285.964 40.7559 9397.11 -5.55556
285.964 40.7586 9240.16 -5.55556
285.964 40.7614 9973.77 -5.55556
285.964 40.7641 10360.5 -5.55556
285.964 40.7668 10498.5 -5.55556
285.964 40.7695 9868.15 -5.55556
285.964 40.7722 10952.2 -5.55556
285.964 40.7749 9718.39 -5.55556
285.964 40.7776 10717.8 -5.55556
285.964 40.7803 10018 -5.55556
285.964 40.7831 12176.9 -5.55556
285.964 40.7858 9409.23 -5.55556
285.964 40.7885 11962.4 -5.55556
285.964 40.7912 11909.9 -5.55556
285.964 40.7939 10541.9 -5.55556
285.964 40.7966 8423.08 -5.55556
285.964 40.7993 8392.29 -5.55556
285.964 40.802 7423.92 -5.55556
285.964 40.8047 9838.46 -5.55556
285.964 40.8075 9908.16 -5.55556
285.964 40.8102 9973.05 -5.55556
285.964 40.8129 10556.9 -5.55556
285.964 40.8156 8980.37 -5.55556
285.964 40.8183 10846.9 -5.55556
285.964 40.821 11350.9 -5.55556
285.964 40.8237 9647.11 -5.55556
285.964 40.8264 9523.5 -5.55556
285.964 40.8292 10492.1 -5.55556
285.964 40.8319 8922.71 -5.55556
285.964 40.8346 10115.8 -5.55556
285.964 40.8373 9517.11 -5.55556
285.964 40.84 8347.96 -5.55556
285.967 40.68 11069.3 -5.55556
285.967 40.6827 8721.71 -5.55556
285.967 40.6854 9527.3 -5.55556
285.967 40.6881 9002.1 -5.55556
285.967 40.6908 9336.97 -5.55556
285.967 40.6936 9030.57 -5.55556
285.967 40.6963 9460.02 -5.55556
285.967 40.699 9171.7 -5.55556
285.967 40.7017 8929 -5.55556
285.967 40.7044 9384.12 -5.55556
285.967 40.7071 8603.42 -5.55556
285.967 40.7098 10197 -5.55556
285.967 40.7125 10450.4 -5.55556
285.967 40.7153 10620.7 -5.55556
285.967 40.718 11012 -5.55556
285.967 40.7207 7924.61 -5.55556
285.967 40.7234 9681.65 -5.55556
285.967 40.7261 11027 -5.55556
285.967 40.7288 8900.37 -5.55556
285.967 40.7315 11354.8 -5.55556
285.967 40.7342 9321.86 -5.55556
285.967 40.7369 10337.2 -5.55556
285.967 40.7397 8557.19 -5.55556
285.967 40.7424 9974.19 -5.55556
285.967 40.7451 11591.2 -5.55556
285.967 40.7478 10300.8 -5.55556
285.967 40.7505 10662.8 -5.55556
285.967 40.7532 10597.3 -5.55556
285.967 40.7559 9162.79 -5.55556
285.967 40.7586 10744.8 -5.55556
285.967 40.7614 8275.81 -5.55556
285.967 40.7641 9984.37 -5.55556
285.967 40.7668 11094.5 -5.55556
285.967 40.7695 9322.21 -5.55556
285.967 40.7722 7378.79 -5.55556
285.967 40.7749 10261 -5.55556
285.967 40.7776 9557.87 -5.55556
285.967 40.7803 11586.8 -5.55556
285.967 40.7831 9101.93 -5.55556
285.967 40.7858 9336.93 -5.55556
285.967 40.7885 10960 -5.55556
285.967 40.7912 11257.8 -5.55556
285.967 40.7939 9176.87 -5.55556
285.967 40.7966 8985.69 -5.55556
285.967 40.7993 8076.38 -5.55556
285.967 40.802 10290.9 -5.55556
285.967 40.8047 9270.31 -5.55556
285.967 40.8075 8860.86 -5.55556
285.967 40.8102 11183.6 -5.55556
285.967 40.8129 10578.9 -5.55556
285.967 40.8156 8213.31 -5.55556
285.967 40.8183 10965.8 -5.55556
285.967 40.821 10059.4 -5.55556
285.967 40.8237 10014.8 -5.55556
285.967 40.8264 8699.7 -5.55556
285.967 40.8292 10609.9 -5.55556
285.967 40.8319 10878.2 -5.55556
285.967 40.8346 10536.4 -5.55556
285.967 40.8373 9935.4 -5.55556
285.967 40.84 9120.81 -5.55556
285.971 40.68 11188.8 -5.55556
285.971 40.6827 9707.18 -5.55556
285.971 40.6854 10304 -5.55556
285.971 40.6881 10476.8 -5.55556
285.971 40.6908 10896.1 -5.55556
285.971 40.6936 9238.1 -5.55556
285.971 40.6963 9151.07 -5.55556
285.971 40.699 11341.4 -5.55556
285.971 40.7017 9801 -5.55556
285.971 40.7044 9645.24 -5.55556
285.971 40.7071 9869.78 -5.55556
285.971 40.7098 10453.4 -5.55556
285.971 40.7125 9314.24 -5.55556
285.971 40.7153 9772.6 -5.55556
285.971 40.718 9876.17 -5.55556
285.971 40.7207 11198.5 -5.55556
285.971 40.7234 9165.8 -5.55556
285.971 40.7261 10393.4 -5.55556
285.971 40.7288 7849.76 -5.55556
285.971 40.7315 9869.84 -5.55556
285.971 40.7342 9251.51 -5.55556
285.971 40.7369 9271.4 -5.55556
285.971 40.7397 11636.1 -5.55556
285.971 40.7424 9754.63 -5.55556
285.971 40.7451 9885.26 -5.55556
285.971 40.7478 10309 -5.55556
285.971 40.7505 9540.74 -5.55556
285.971 40.7532 11658.7 -5.55556
285.971 40.7559 9869.31 -5.55556
285.971 40.7586 8550.04 -5.55556
285.971 40.7614 9022.36 -5.55556
285.971 40.7641 9773.86 -5.55556
285.971 40.7668 10645.7 -5.55556
285.971 40.7695 9495.19 -5.55556
285.971 40.7722 11848.7 -5.55556
285.971 40.7749 8941.02 -5.55556
285.971 40.7776 9207.69 -5.55556
285.971 40.7803 9883.61 -5.55556
285.971 40.7831 10125.2 -5.55556
285.971 40.7858 9708.67 -5.55556
285.971 40.7885 10767 -5.55556
285.971 40.7912 11522.1 -5.55556
285.971 40.7939 8730.32 -5.55556
285.971 40.7966 11132.4 -5.55556
285.971 40.7993 10236.8 -5.55556
285.971 40.802 10694.5 -5.55556
285.971 40.8047 9099.44 -5.55556
285.971 40.8075 10886.5 -5.55556
285.971 40.8102 10338.2 -5.55556
285.971 40.8129 10324.7 -5.55556
285.971 40.8156 10787.5 -5.55556
285.971 40.8183 11503.4 -5.55556
285.971 40.821 9480.13 -5.55556
285.971 40.8237 9977.18 -5.55556
285.971 40.8264 10993 -5.55556
285.971 40.8292 10285.7 -5.55556
285.971 40.8319 12442.8 -5.55556
285.971 40.8346 10692 -5.55556
285.971 40.8373 9636.43 -5.55556
285.971 40.84 9439.85 -5.55556
285.974 40.68 9734.31 -5.55556
285.974 40.6827 10424.6 -5.55556
285.974 40.6854 10615.6 -5.55556
285.974 40.6881 7927.14 -5.55556
285.974 40.6908 9391.58 -5.55556
285.974 40.6936 10662.9 -5.55556
285.974 40.6963 8559.92 -5.55556
285.974 40.699 9886.38 -5.55556
285.974 40.7017 10100.5 -5.55556
285.974 40.7044 7954.35 -5.55556
285.974 40.7071 8855.62 -5.55556
285.974 40.7098 10041.4 -5.55556
285.974 40.7125 9860.34 -5.55556
285.974 40.7153 10802 -5.55556
285.974 40.718 10340.8 -5.55556
285.974 40.7207 10790.2 -5.55556
285.974 40.7234 9019.01 -5.55556
285.974 40.7261 12849.1 -5.55556
285.974 40.7288 10230 -5.55556
285.974 40.7315 11288.7 -5.55556
285.974 40.7342 9479.25 -5.55556
285.974 40.7369 10248.8 -5.55556
285.974 40.7397 9988.79 -5.55556
285.974 40.7424 10297.1 -5.55556
285.974 40.7451 9446.34 -5.55556
285.974 40.7478 10033.6 -5.55556
285.974 40.7505 8819.93 -5.55556
285.974 40.7532 9785.62 -5.55556
285.974 40.7559 10997.1 -5.55556
285.974 40.7586 9532.95 -5.55556
285.974 40.7614 10128.2 -5.55556
285.974 40.7641 11327.5 -5.55556
285.974 40.7668 12358.6 -5.55556
285.974 40.7695 9660.06 -5.55556
285.974 40.7722 7909.76 -5.55556
285.974 40.7749 11051.5 -5.55556
285.974 40.7776 11063.9 -5.55556
285.974 40.7803 9517.46 -5.55556
285.974 40.7831 9945.72 -5.55556
285.974 40.7858 8134.65 -5.55556
285.974 40.7885 10404.6 -5.55556
285.974 40.7912 10117.4 -5.55556
285.974 40.7939 9897.25 -5.55556
285.974 40.7966 10853.8 -5.55556
285.974 40.7993 9595.57 -5.55556
285.974 40.802 9086.4 -5.55556
285.974 40.8047 10318.1 -5.55556
285.974 40.8075 9478.19 -5.55556
285.974 40.8102 9875.12 -5.55556
285.974 40.8129 10054.1 -5.55556
285.974 40.8156 9943.77 -5.55556
285.974 40.8183 8655.19 -5.55556
285.974 40.821 10625.5 -5.55556
285.974 40.8237 8192.85 -5.55556
285.974 40.8264 9403.58 -5.55556
285.974 40.8292 8856.53 -5.55556
285.974 40.8319 8936.6 -5.55556
285.974 40.8346 8759.44 -5.55556
285.974 40.8373 10752.9 -5.55556
285.974 40.84 10985.3 -5.55556
285.978 40.68 11331.9 -5.55556
285.978 40.6827 9862.12 -5.55556
285.978 40.6854 11729.2 -5.55556
285.978 40.6881 11194.4 -5.55556
285.978 40.6908 10957.8 -5.55556
285.978 40.6936 10244.1 -5.55556
285.978 40.6963 10381 -5.55556
285.978 40.699 8674.81 -5.55556
285.978 40.7017 10189.6 -5.55556
285.978 40.7044 9172.61 -5.55556
285.978 40.7071 10771.5 -5.55556
285.978 40.7098 9494.62 -5.55556
285.978 40.7125 9484.11 -5.55556
285.978 40.7153 9911.73 -5.55556
285.978 40.718 8793.28 -5.55556
285.978 40.7207 10659.9 -5.55556
285.978 40.7234 10583.4 -5.55556
285.978 40.7261 10727 -5.55556
285.978 40.7288 9739.12 -5.55556
285.978 40.7315 9793.15 -5.55556
285.978 40.7342 9471.93 -5.55556
285.978 40.7369 11741.5 -5.55556
285.978 40.7397 10953 -5.55556
285.978 40.7424 10652.1 -5.55556
285.978 40.7451 8096.51 -5.55556
285.978 40.7478 11128.1 -5.55556
285.978 40.7505 10767.6 -5.55556
285.978 40.7532 10435.7 -5.55556
285.978 40.7559 9053.68 -5.55556
285.978 40.7586 9706.89 -5.55556
285.978 40.7614 10663.2 -5.55556
285.978 40.7641 10924.5 -5.55556
285.978 40.7668 10733.9 -5.55556
285.978 40.7695 10936 -5.55556
285.978 40.7722 10015.9 -5.55556
285.978 40.7749 10677.9 -5.55556
285.978 40.7776 11641.7 -5.55556
285.978 40.7803 11058.5 -5.55556
285.978 40.7831 8949.47 -5.55556
285.978 40.7858 9074.17 -5.55556
285.978 40.7885 11395.1 -5.55556
285.978 40.7912 9062.66 -5.55556
285.978 40.7939 10368 -5.55556
285.978 40.7966 10335.9 -5.55556
285.978 40.7993 9615.27 -5.55556
285.978 40.802 10944.4 -5.55556
285.978 40.8047 10248.6 -5.55556
285.978 40.8075 11090.7 -5.55556
285.978 40.8102 10672.7 -5.55556
285.978 40.8129 8216.41 -5.55556
285.978 40.8156 11409.2 -5.55556
285.978 40.8183 9919.93 -5.55556
285.978 40.821 10517.5 -5.55556
285.978 40.8237 10038.2 -5.55556
285.978 40.8264 9782.52 -5.55556
285.978 40.8292 10019.6 -5.55556
285.978 40.8319 9844.78 -5.55556
285.978 40.8346 10274.4 -5.55556
285.978 40.8373 9086.64 -5.55556
285.978 40.84 9569.37 -5.55556
285.981 40.68 10151.8 -5.55556
285.981 40.6827 11145.9 -5.55556
285.981 40.6854 12372.1 -5.55556
285.981 40.6881 10238.6 -5.55556
285.981 40.6908 10139.5 -5.55556
285.981 40.6936 10001.6 -5.55556
285.981 40.6963 8531.84 -5.55556
285.981 40.699 10752.3 -5.55556
285.981 40.7017 11191.9 -5.55556
285.981 40.7044 8380.41 -5.55556
285.981 40.7071 9935.79 -5.55556
285.981 40.7098 10413 -5.55556
285.981 40.7125 9328.69 -5.55556
285.981 40.7153 7154.29 -5.55556
285.981 40.718 9958.46 -5.55556
285.981 40.7207 11183.4 -5.55556
285.981 40.7234 9632.45 -5.55556
285.981 40.7261 10984.3 -5.55556
285.981 40.7288 9395.32 -5.55556
285.981 40.7315 10870.6 -5.55556
285.981 40.7342 8711.16 -5.55556
285.981 40.7369 7287.26 -5.55556
285.981 40.7397 8913.27 -5.55556
285.981 40.7424 9057.39 -5.55556
285.981 40.7451 8922.77 -5.55556
285.981 40.7478 9885.68 -5.55556
285.981 40.7505 9017.71 -5.55556
285.981 40.7532 10388.1 -5.55556
285.981 40.7559 9748.58 -5.55556
285.981 40.7586 9136.87 -5.55556
285.981 40.7614 10314.6 -5.55556
285.981 40.7641 9847.88 -5.55556
285.981 40.7668 11178.4 -5.55556
285.981 40.7695 9560.17 -5.55556
285.981 40.7722 11159.7 -5.55556
285.981 40.7749 11492.8 -5.55556
285.981 40.7776 10705.1 -5.55556
285.981 40.7803 11980.2 -5.55556
285.981 40.7831 7587.92 -5.55556
285.981 40.7858 11203.2 -5.55556
285.981 40.7885 9933.72 -5.55556
285.981 40.7912 11428.4 -5.55556
285.981 40.7939 9234.41 -5.55556
285.981 40.7966 9136.63 -5.55556
285.981 40.7993 9097.98 -5.55556
285.981 40.802 11230.9 -5.55556
285.981 40.8047 11408.8 -5.55556
285.981 40.8075 10051.1 -5.55556
285.981 40.8102 11551.8 -5.55556
285.981 40.8129 9044.41 -5.55556
285.981 40.8156 10770.4 -5.55556
285.981 40.8183 10593 -5.55556
285.981 40.821 9506.76 -5.55556
285.981 40.8237 11128.6 -5.55556
285.981 40.8264 11773.2 -5.55556
285.981 40.8292 9349.87 -5.55556
285.981 40.8319 9667.17 -5.55556
285.981 40.8346 11163.7 -5.55556
285.981 40.8373 9081.95 -5.55556
285.981 40.84 9039.09 -5.55556
285.985 40.68 11817.5 -5.55556
285.985 40.6827 10541.4 -5.55556
285.985 40.6854 9606.51 -5.55556
285.985 40.6881 10663.2 -5.55556
285.985 40.6908 10024.8 -5.55556
285.985 40.6936 11523.9 -5.55556
285.985 40.6963 9736.58 -5.55556
285.985 40.699 9435.13 -5.55556
285.985 40.7017 11653.9 -5.55556
285.985 40.7044 10105.1 -5.55556
285.985 40.7071 8508.17 -5.55556
285.985 40.7098 9753.92 -5.55556
285.985 40.7125 8937.29 -5.55556
285.985 40.7153 11796.4 -5.55556
285.985 40.718 11148.3 -5.55556
285.985 40.7207 11537 -5.55556
285.985 40.7234 10749.8 -5.55556
285.985 40.7261 9692.37 -5.55556
285.985 40.7288 11056 -5.55556
285.985 40.7315 11428.5 -5.55556
285.985 40.7342 9291.3 -5.55556
285.985 40.7369 10015.5 -5.55556
285.985 40.7397 10222.8 -5.55556
285.985 40.7424 11171.3 -5.55556
285.985 40.7451 8245.28 -5.55556
285.985 40.7478 11486.5 -5.55556
285.985 40.7505 8831.04 -5.55556
285.985 40.7532 8947.22 -5.55556
285.985 40.7559 9492.73 -5.55556
285.985 40.7586 10471.5 -5.55556
285.985 40.7614 10539.8 -5.55556
285.985 40.7641 10442.2 -5.55556
285.985 40.7668 10575.4 -5.55556
285.985 40.7695 9209.72 -5.55556
285.985 40.7722 10302.6 -5.55556
285.985 40.7749 11555.2 -5.55556
285.985 40.7776 11152.3 -5.55556
285.985 40.7803 10404.6 -5.55556
285.985 40.7831 8922.34 -5.55556
285.985 40.7858 10793.1 -5.55556
285.985 40.7885 10242.2 -5.55556
285.985 40.7912 10076.2 -5.55556
285.985 40.7939 9446.95 -5.55556
285.985 40.7966 10806.7 -5.55556
285.985 40.7993 8682.96 -5.55556
285.985 40.802 9506.48 -5.55556
285.985 40.8047 11917.7 -5.55556
285.985 40.8075 9604.57 -5.55556
285.985 40.8102 10658.7 -5.55556
285.985 40.8129 11954.2 -5.55556
285.985 40.8156 8592.77 -5.55556
285.985 40.8183 9264.67 -5.55556
285.985 40.821 10503 -5.55556
285.985 40.8237 11154.1 -5.55556
285.985 40.8264 9110.84 -5.55556
285.985 40.8292 11893.2 -5.55556
285.985 40.8319 9664.98 -5.55556
285.985 40.8346 11111 -5.55556
285.985 40.8373 10373 -5.55556
285.985 40.84 10777.9 -5.55556
285.988 40.68 7782.31 -5.55556
285.988 40.6827 10341.1 -5.55556
285.988 40.6854 9915.26 -5.55556
285.988 40.6881 8236.93 -5.55556
285.988 40.6908 8940.86 -5.55556
285.988 40.6936 8170.79 -5.55556
285.988 40.6963 11590.3 -5.55556
285.988 40.699 8625.76 -5.55556
285.988 40.7017 10501.5 -5.55556
285.988 40.7044 10249.1 -5.55556
285.988 40.7071 11797.1 -5.55556
285.988 40.7098 9128.16 -5.55556
285.988 40.7125 9804.04 -5.55556
285.988 40.7153 9327.83 -5.55556
285.988 40.718 11165.1 -5.55556
285.988 40.7207 8613.65 -5.55556
285.988 40.7234 10186.5 -5.55556
285.988 40.7261 9229.86 -5.55556
285.988 40.7288 8776.29 -5.55556
285.988 40.7315 8925.74 -5.55556
285.988 40.7342 10386.5 -5.55556
285.988 40.7369 11279 -5.55556
285.988 40.7397 9531.88 -5.55556
285.988 40.7424 8923.29 -5.55556
285.988 40.7451 11241.9 -5.55556
285.988 40.7478 11922.7 -5.55556
285.988 40.7505 10072.3 -5.55556
285.988 40.7532 9827.37 -5.55556
285.988 40.7559 9798.72 -5.55556
285.988 40.7586 10413.5 -5.55556
285.988 40.7614 10419.8 -5.55556
285.988 40.7641 9261.68 -5.55556
285.988 40.7668 10885.6 -5.55556
285.988 40.7695 10761.3 -5.55556
285.988 40.7722 10167.3 -5.55556
285.988 40.7749 10203.5 -5.55556
285.988 40.7776 9296.03 -5.55556
285.988 40.7803 10719.7 -5.55556
285.988 40.7831 8739.29 -5.55556
285.988 40.7858 9500.27 -5.55556
285.988 40.7885 8945.91 -5.55556
285.988 40.7912 10660.1 -5.55556
285.988 40.7939 8086.55 -5.55556
285.988 40.7966 9270.65 -5.55556
285.988 40.7993 10010.6 -5.55556
285.988 40.802 9772.29 -5.55556
285.988 40.8047 11039 -5.55556
285.988 40.8075 9125.13 -5.55556
285.988 40.8102 11127.2 -5.55556
285.988 40.8129 9987.17 -5.55556
285.988 40.8156 11153.3 -5.55556
285.988 40.8183 7952.49 -5.55556
285.988 40.821 9047.64 -5.55556
285.988 40.8237 9833.84 -5.55556
285.988 40.8264 10112.8 -5.55556
285.988 40.8292 10654.3 -5.55556
285.988 40.8319 10975.7 -5.55556
285.988 40.8346 9362.61 -5.55556
285.988 40.8373 10710.5 -5.55556
285.988 40.84 9211.4 -5.55556
285.992 40.68 11451.5 -5.55556
285.992 40.6827 10829.5 -5.55556
285.992 40.6854 10749.3 -5.55556
285.992 40.6881 9499.16 -5.55556
285.992 40.6908 10197.6 -5.55556
285.992 40.6936 10333.8 -5.55556
285.992 40.6963 9131.98 -5.55556
285.992 40.699 10760 -5.55556
285.992 40.7017 8278.19 -5.55556
285.992 40.7044 9210.68 -5.55556
285.992 40.7071 9371.21 -5.55556
285.992 40.7098 9705.88 -5.55556
285.992 40.7125 11635.8 -5.55556
285.992 40.7153 9905.87 -5.55556
285.992 40.718 8162.98 -5.55556
285.992 40.7207 10207.2 -5.55556
285.992 40.7234 10174.2 -5.55556
285.992 40.7261 10005.4 -5.55556
285.992 40.7288 11564.8 -5.55556
285.992 40.7315 9774.85 -5.55556
285.992 40.7342 8738.62 -5.55556
285.992 40.7369 10135.8 -5.55556
285.992 40.7397 10222.7 -5.55556
285.992 40.7424 8813.07 -5.55556
285.992 40.7451 8927.75 -5.55556
285.992 40.7478 10566.4 -5.55556
285.992 40.7505 10152.3 -5.55556
285.992 40.7532 10852.5 -5.55556
285.992 40.7559 9407.9 -5.55556
285.992 40.7586 10746.1 -5.55556
285.992 40.7614 10646.8 -5.55556
285.992 40.7641 10305.3 -5.55556
285.992 40.7668 8543.88 -5.55556
285.992 40.7695 11634.3 -5.55556
285.992 40.7722 10771.1 -5.55556
285.992 40.7749 10263.3 -5.55556
285.992 40.7776 10872.4 -5.55556
285.992 40.7803 11186 -5.55556
285.992 40.7831 9557.25 -5.55556
285.992 40.7858 11710.1 -5.55556
285.992 40.7885 9997.31 -5.55556
285.992 40.7912 9362.27 -5.55556
285.992 40.7939 9183.18 -5.55556
285.992 40.7966 9917.04 -5.55556
285.992 40.7993 11672 -5.55556
285.992 40.802 10777.3 -5.55556
285.992 40.8047 9257.64 -5.55556
285.992 40.8075 10944.7 -5.55556
285.992 40.8102 7960.63 -5.55556
285.992 40.8129 10236.7 -5.55556
285.992 40.8156 9668.77 -5.55556
285.992 40.8183 9944.23 -5.55556
285.992 40.821 9686.88 -5.55556
285.992 40.8237 9183.62 -5.55556
285.992 40.8264 10838.7 -5.55556
285.992 40.8292 11472.8 -5.55556
285.992 40.8319 11149.6 -5.55556
285.992 40.8346 9513.74 -5.55556
285.992 40.8373 11049.7 -5.55556
285.992 40.84 9173.95 -5.55556
285.995 40.68 10058.6 -5.55556
285.995 40.6827 10311 -5.55556
285.995 40.6854 9496.69 -5.55556
285.995 40.6881 9794.74 -5.55556
285.995 40.6908 10235.5 -5.55556
285.995 40.6936 9866.62 -5.55556
285.995 40.6963 9277.99 -5.55556
285.995 40.699 9626.31 -5.55556
285.995 40.7017 10004.8 -5.55556
285.995 40.7044 8881.08 -5.55556
285.995 40.7071 9732.19 -5.55556
285.995 40.7098 11054.4 -5.55556
285.995 40.7125 9101.32 -5.55556
285.995 40.7153 10049 -5.55556
285.995 40.718 10540.2 -5.55556
285.995 40.7207 11813.2 -5.55556
285.995 40.7234 10759.8 -5.55556
285.995 40.7261 10069 -5.55556
285.995 40.7288 9768.35 -5.55556
285.995 40.7315 9550.54 -5.55556
285.995 40.7342 10043.1 -5.55556
285.995 40.7369 10372.9 -5.55556
285.995 40.7397 10939.6 -5.55556
285.995 40.7424 11207.4 -5.55556
285.995 40.7451 9023.6 -5.55556
285.995 40.7478 8919.64 -5.55556
285.995 40.7505 11510.2 -5.55556
285.995 40.7532 8657.82 -5.55556
285.995 40.7559 10878 -5.55556
285.995 40.7586 9232.48 -5.55556
285.995 40.7614 9521.6 -5.55556
285.995 40.7641 11207.7 -5.55556
285.995 40.7668 10367.7 -5.55556
285.995 40.7695 10451.5 -5.55556
285.995 40.7722 9676.84 -5.55556
285.995 40.7749 10913.5 -5.55556
285.995 40.7776 9617.06 -5.55556
285.995 40.7803 8331.92 -5.55556
285.995 40.7831 8450.29 -5.55556
285.995 40.7858 9641.46 -5.55556
285.995 40.7885 8412.27 -5.55556
285.995 40.7912 11412.9 -5.55556
285.995 40.7939 10063.5 -5.55556
285.995 40.7966 8410.69 -5.55556
285.995 40.7993 11409.5 -5.55556
285.995 40.802 11322.1 -5.55556
285.995 40.8047 9013.25 -5.55556
285.995 40.8075 7675.66 -5.55556
285.995 40.8102 12072.9 -5.55556
285.995 40.8129 10723.9 -5.55556
285.995 40.8156 9500.89 -5.55556
285.995 40.8183 10084.3 -5.55556
285.995 40.821 8986.36 -5.55556
285.995 40.8237 9870.16 -5.55556
285.995 40.8264 9082.78 -5.55556
285.995 40.8292 9839.04 -5.55556
285.995 40.8319 9584.14 -5.55556
285.995 40.8346 11496.4 -5.55556
285.995 40.8373 8489.52 -5.55556
285.995 40.84 9635.77 -5.55556
285.999 40.68 10039.8 -5.55556
285.999 40.6827 10936.2 -5.55556
285.999 40.6854 9834.46 -5.55556
285.999 40.6881 11106.8 -5.55556
285.999 40.6908 10446.6 -5.55556
285.999 40.6936 10079.6 -5.55556
285.999 40.6963 9755.16 -5.55556
285.999 40.699 10167.1 -5.55556
285.999 40.7017 9811.8 -5.55556
285.999 40.7044 10147.6 -5.55556
285.999 40.7071 8871.18 -5.55556
285.999 40.7098 9394.63 -5.55556
285.999 40.7125 8558.58 -5.55556
285.999 40.7153 10137.6 -5.55556
285.999 40.718 8761.08 -5.55556
285.999 40.7207 10988.1 -5.55556
285.999 40.7234 9871.96 -5.55556
285.999 40.7261 9492.79 -5.55556
285.999 40.7288 10868.2 -5.55556
285.999 40.7315 10578.1 -5.55556
285.999 40.7342 8488.46 -5.55556
285.999 40.7369 10620.3 -5.55556
285.999 40.7397 10542.4 -5.55556
285.999 40.7424 10667.2 -5.55556
285.999 40.7451 9737.01 -5.55556
285.999 40.7478 10965.3 -5.55556
285.999 40.7505 9051.38 -5.55556
285.999 40.7532 10505.8 -5.55556
285.999 40.7559 9327.44 -5.55556
285.999 40.7586 11906.4 -5.55556
285.999 40.7614 8952.08 -5.55556
285.999 40.7641 10798.9 -5.55556
285.999 40.7668 10409.9 -5.55556
285.999 40.7695 10191.4 -5.55556
285.999 40.7722 10788.5 -5.55556
285.999 40.7749 8398.85 -5.55556
285.999 40.7776 9812.55 -5.55556
285.999 40.7803 11690.9 -5.55556
285.999 40.7831 11422.2 -5.55556
285.999 40.7858 7837.12 -5.55556
285.999 40.7885 9287.92 -5.55556
285.999 40.7912 9523.61 -5.55556
285.999 40.7939 9610.38 -5.55556
285.999 40.7966 8813.82 -5.55556
285.999 40.7993 7654.47 -5.55556
285.999 40.802 8857.97 -5.55556
285.999 40.8047 9608.57 -5.55556
285.999 40.8075 9694.5 -5.55556
285.999 40.8102 9769.08 -5.55556
285.999 40.8129 10316.3 -5.55556
285.999 40.8156 7258.8 -5.55556
285.999 40.8183 10174.4 -5.55556
285.999 40.821 8921.98 -5.55556
285.999 40.8237 11834 -5.55556
285.999 40.8264 10249.2 -5.55556
285.999 40.8292 11003.5 -5.55556
285.999 40.8319 8856.85 -5.55556
285.999 40.8346 11232.6 -5.55556
285.999 40.8373 9628.66 -5.55556
285.999 40.84 8026.68 -5.55556
286.002 40.68 9025.56 -5.55556
286.002 40.6827 9446.44 -5.55556
286.002 40.6854 9101.75 -5.55556
286.002 40.6881 11387.6 -5.55556
286.002 40.6908 10118.3 -5.55556
286.002 40.6936 8802.54 -5.55556
286.002 40.6963 10023.2 -5.55556
286.002 40.699 10105 -5.55556
286.002 40.7017 11001.8 -5.55556
286.002 40.7044 7565.41 -5.55556
286.002 40.7071 10298.4 -5.55556
286.002 40.7098 10506.7 -5.55556
286.002 40.7125 11122.1 -5.55556
286.002 40.7153 8864.04 -5.55556
286.002 40.718 10713.3 -5.55556
286.002 40.7207 11909.5 -5.55556
286.002 40.7234 10929.8 -5.55556
286.002 40.7261 8788.21 -5.55556
286.002 40.7288 8621.37 -5.55556
286.002 40.7315 9752.78 -5.55556
286.002 40.7342 11084.5 -5.55556
286.002 40.7369 9410.96 -5.55556
286.002 40.7397 7862.47 -5.55556
286.002 40.7424 11202.5 -5.55556
286.002 40.7451 7827.33 -5.55556
286.002 40.7478 8818.28 -5.55556
286.002 40.7505 9396.6 -5.55556
286.002 40.7532 8932.99 -5.55556
286.002 40.7559 10768.3 -5.55556
286.002 40.7586 9621.65 -5.55556
286.002 40.7614 8889.2 -5.55556
286.002 40.7641 9816.18 -5.55556
286.002 40.7668 9282.76 -5.55556
286.002 40.7695 12319.6 -5.55556
286.002 40.7722 10559.5 -5.55556
286.002 40.7749 12111.9 -5.55556
286.002 40.7776 10124.9 -5.55556
286.002 40.7803 9515.6 -5.55556
286.002 40.7831 9402.26 -5.55556
286.002 40.7858 9829.9 -5.55556
286.002 40.7885 10049.8 -5.55556
286.002 40.7912 9212.91 -5.55556
286.002 40.7939 9669.96 -5.55556
286.002 40.7966 8187.54 -5.55556
286.002 40.7993 8060.82 -5.55556
286.002 40.802 8701.48 -5.55556
286.002 40.8047 9737.24 -5.55556
286.002 40.8075 9865.37 -5.55556
286.002 40.8102 10027 -5.55556
286.002 40.8129 10335.1 -5.55556
286.002 40.8156 9840.09 -5.55556
286.002 40.8183 9756.95 -5.55556
286.002 40.821 10663.9 -5.55556
286.002 40.8237 8524.55 -5.55556
286.002 40.8264 9344.63 -5.55556
286.002 40.8292 10616 -5.55556
286.002 40.8319 10917.2 -5.55556
286.002 40.8346 10400.2 -5.55556
286.002 40.8373 11138.1 -5.55556
286.002 40.84 11119.9 -5.55556
286.006 40.68 9951.17 -5.55556
286.006 40.6827 8412.88 -5.55556
286.006 40.6854 9308.95 -5.55556
286.006 40.6881 9222.65 -5.55556
286.006 40.6908 9111.38 -5.55556
286.006 40.6936 8843.44 -5.55556
286.006 40.6963 11510.2 -5.55556
286.006 40.699 8797.41 -5.55556
286.006 40.7017 9363.47 -5.55556
286.006 40.7044 10449.3 -5.55556
286.006 40.7071 11127 -5.55556
286.006 40.7098 10707.7 -5.55556
286.006 40.7125 9386.67 -5.55556
286.006 40.7153 9363.17 -5.55556
286.006 40.718 10082 -5.55556
286.006 40.7207 11040 -5.55556
286.006 40.7234 12145.1 -5.55556
286.006 40.7261 9043.27 -5.55556
286.006 40.7288 10234.2 -5.55556
286.006 40.7315 10678.9 -5.55556
286.006 40.7342 9368.26 -5.55556
286.006 40.7369 9533.77 -5.55556
286.006 40.7397 10449 -5.55556
286.006 40.7424 10221.8 -5.55556
286.006 40.7451 10483.1 -5.55556
286.006 40.7478 8758.79 -5.55556
286.006 40.7505 9567.54 -5.55556
286.006 40.7532 11240.3 -5.55556
286.006 40.7559 10366.1 -5.55556
286.006 40.7586 9274.38 -5.55556
286.006 40.7614 8848.73 -5.55556
286.006 40.7641 9374.76 -5.55556
286.006 40.7668 10951.9 -5.55556
286.006 40.7695 9142.26 -5.55556
286.006 40.7722 9170.21 -5.55556
286.006 40.7749 10660.5 -5.55556
286.006 40.7776 11666.3 -5.55556
286.006 40.7803 9402.56 -5.55556
286.006 40.7831 9738.84 -5.55556
286.006 40.7858 10013.4 -5.55556
286.006 40.7885 11097.3 -5.55556
286.006 40.7912 9174.98 -5.55556
286.006 40.7939 9020.21 -5.55556
286.006 40.7966 10263.6 -5.55556
286.006 40.7993 10016.6 -5.55556
286.006 40.802 9778.18 -5.55556
286.006 40.8047 9777.75 -5.55556
286.006 40.8075 8803.05 -5.55556
286.006 40.8102 10689.2 -5.55556
286.006 40.8129 9760.27 -5.55556
286.006 40.8156 9493.26 -5.55556
286.006 40.8183 8542.95 -5.55556
286.006 40.821 10277 -5.55556
286.006 40.8237 10295.6 -5.55556
286.006 40.8264 10381.2 -5.55556
286.006 40.8292 10152.6 -5.55556
286.006 40.8319 10269.9 -5.55556
286.006 40.8346 10619.3 -5.55556
286.006 40.8373 9306.25 -5.55556
286.006 40.84 9923.88 -5.55556
286.009 40.68 10326.5 -5.55556
286.009 40.6827 10323 -5.55556
286.009 40.6854 11278.4 -5.55556
286.009 40.6881 10758 -5.55556
286.009 40.6908 9215.52 -5.55556
286.009 40.6936 12410.5 -5.55556
286.009 40.6963 9596.52 -5.55556
286.009 40.699 10393.9 -5.55556
286.009 40.7017 9165.65 -5.55556
286.009 40.7044 10352.1 -5.55556
286.009 40.7071 9477.5 -5.55556
286.009 40.7098 9927.84 -5.55556
286.009 40.7125 10995.3 -5.55556
286.009 40.7153 9558.7 -5.55556
286.009 40.718 10853.3 -5.55556
286.009 40.7207 10035.8 -5.55556
286.009 40.7234 9614.74 -5.55556
286.009 40.7261 9451.43 -5.55556
286.009 40.7288 9910.84 -5.55556
286.009 40.7315 9638.71 -5.55556
286.009 40.7342 10144.9 -5.55556
286.009 40.7369 10038 -5.55556
286.009 40.7397 8117.07 -5.55556
286.009 40.7424 9688.84 -5.55556
286.009 40.7451 10054.9 -5.55556
286.009 40.7478 9826.94 -5.55556
286.009 40.7505 8855.59 -5.55556
286.009 40.7532 10545.9 -5.55556
286.009 40.7559 10047.1 -5.55556
286.009 40.7586 8739.02 -5.55556
286.009 40.7614 9864.89 -5.55556
286.009 40.7641 8994.5 -5.55556
286.009 40.7668 9193.74 -5.55556
286.009 40.7695 9216.99 -5.55556
286.009 40.7722 9752.81 -5.55556
286.009 40.7749 6184.7 -5.55556
286.009 40.7776 9944.56 -5.55556
286.009 40.7803 9993.38 -5.55556
286.009 40.7831 9295.23 -5.55556
286.009 40.7858 11194.3 -5.55556
286.009 40.7885 9804.84 -5.55556
286.009 40.7912 10599.5 -5.55556
286.009 40.7939 10373.5 -5.55556
286.009 40.7966 7464.32 -5.55556
286.009 40.7993 8622.67 -5.55556
286.009 40.802 10139.8 -5.55556
286.009 40.8047 10727.6 -5.55556
286.009 40.8075 10547.1 -5.55556
286.009 40.8102 9443.11 -5.55556
286.009 40.8129 9901.71 -5.55556
286.009 40.8156 10192.9 -5.55556
286.009 40.8183 11499.4 -5.55556
286.009 40.821 9693.63 -5.55556
286.009 40.8237 10286.2 -5.55556
286.009 40.8264 9150.24 -5.55556
286.009 40.8292 8649.22 -5.55556
286.009 40.8319 10287.4 -5.55556
286.009 40.8346 8933.49 -5.55556
286.009 40.8373 11028.9 -5.55556
286.009 40.84 9891.79 -5.55556
286.013 40.68 11723.2 -5.55556
286.013 40.6827 8512.02 -5.55556
286.013 40.6854 8959.36 -5.55556
286.013 40.6881 8500.05 -5.55556
286.013 40.6908 11014 -5.55556
286.013 40.6936 9635.28 -5.55556
286.013 40.6963 9291.01 -5.55556
286.013 40.699 10720 -5.55556
286.013 40.7017 8994.28 -5.55556
286.013 40.7044 9781.96 -5.55556
286.013 40.7071 9625.26 -5.55556
286.013 40.7098 9445.91 -5.55556
286.013 40.7125 9589.81 -5.55556
286.013 40.7153 10841.3 -5.55556
286.013 40.718 9598.06 -5.55556
286.013 40.7207 11356.5 -5.55556
286.013 40.7234 10242.3 -5.55556
286.013 40.7261 9530.8 -5.55556
286.013 40.7288 8770.75 -5.55556
286.013 40.7315 9535.73 -5.55556
286.013 40.7342 12393.7 -5.55556
286.013 40.7369 9769.34 -5.55556
286.013 40.7397 9993.13 -5.55556
286.013 40.7424 9721.05 -5.55556
286.013 40.7451 9012.81 -5.55556
286.013 40.7478 10008.3 -5.55556
286.013 40.7505 8635.23 -5.55556
286.013 40.7532 9568.02 -5.55556
286.013 40.7559 7491.84 -5.55556
286.013 40.7586 11029.3 -5.55556
286.013 40.7614 10521 -5.55556
286.013 40.7641 10861.4 -5.55556
286.013 40.7668 10028.1 -5.55556
286.013 40.7695 8719.5 -5.55556
286.013 40.7722 10631.7 -5.55556
286.013 40.7749 11672 -5.55556
286.013 40.7776 10160 -5.55556
286.013 40.7803 11008.9 -5.55556
286.013 40.7831 9782.5 -5.55556
286.013 40.7858 11066.3 -5.55556
286.013 40.7885 8932.7 -5.55556
286.013 40.7912 8794.82 -5.55556
286.013 40.7939 10122.6 -5.55556
286.013 40.7966 11118.8 -5.55556
286.013 40.7993 8309.62 -5.55556
286.013 40.802 9784.05 -5.55556
286.013 40.8047 10148.2 -5.55556
286.013 40.8075 9949.98 -5.55556
286.013 40.8102 8454.21 -5.55556
286.013 40.8129 9840.96 -5.55556
286.013 40.8156 8820.97 -5.55556
286.013 40.8183 10788.2 -5.55556
286.013 40.821 9323.07 -5.55556
286.013 40.8237 7963.72 -5.55556
286.013 40.8264 10165.4 -5.55556
286.013 40.8292 9196.72 -5.55556
286.013 40.8319 9672.18 -5.55556
286.013 40.8346 9863.48 -5.55556
286.013 40.8373 8727.96 -5.55556
286.013 40.84 10399.3 -5.55556
286.016 40.68 9359.82 -5.55556
286.016 40.6827 8701.9 -5.55556
286.016 40.6854 9774.52 -5.55556
286.016 40.6881 10653.9 -5.55556
286.016 40.6908 9432.82 -5.55556
286.016 40.6936 10806.3 -5.55556
286.016 40.6963 9087.67 -5.55556
286.016 40.699 7916.55 -5.55556
286.016 40.7017 8884.93 -5.55556
286.016 40.7044 11770 -5.55556
286.016 40.7071 11910.1 -5.55556
286.016 40.7098 10397.6 -5.55556
286.016 40.7125 9741.39 -5.55556
286.016 40.7153 8978.58 -5.55556
286.016 40.718 9844.44 -5.55556
286.016 40.7207 10489.1 -5.55556
286.016 40.7234 8912.66 -5.55556
286.016 40.7261 10414.5 -5.55556
286.016 40.7288 10718.8 -5.55556
286.016 40.7315 9276.46 -5.55556
286.016 40.7342 10316.7 -5.55556
286.016 40.7369 11014.6 -5.55556
286.016 40.7397 11314.1 -5.55556
286.016 40.7424 9824.29 -5.55556
286.016 40.7451 10449 -5.55556
286.016 40.7478 10699.8 -5.55556
286.016 40.7505 8876.3 -5.55556
286.016 40.7532 9186.19 -5.55556
286.016 40.7559 9394.66 -5.55556
286.016 40.7586 9569.92 -5.55556
286.016 40.7614 10169.5 -5.55556
286.016 40.7641 9119.69 -5.55556
286.016 40.7668 8917.27 -5.55556
286.016 40.7695 10041.4 -5.55556
286.016 40.7722 9161.86 -5.55556
286.016 40.7749 10513.9 -5.55556
286.016 40.7776 9435.66 -5.55556
286.016 40.7803 9684.43 -5.55556
286.016 40.7831 10884.3 -5.55556
286.016 40.7858 11237.1 -5.55556
286.016 40.7885 10635.8 -5.55556
286.016 40.7912 10980.9 -5.55556
286.016 40.7939 9376.73 -5.55556
286.016 40.7966 7344.79 -5.55556
286.016 40.7993 12093.8 -5.55556
286.016 40.802 9071.38 -5.55556
286.016 40.8047 9986.83 -5.55556
286.016 40.8075 9446.8 -5.55556
286.016 40.8102 9890.72 -5.55556
286.016 40.8129 8360.7 -5.55556
286.016 40.8156 10442 -5.55556
286.016 40.8183 10651.9 -5.55556
286.016 40.821 11717 -5.55556
286.016 40.8237 9873.3 -5.55556
286.016 40.8264 10113.7 -5.55556
286.016 40.8292 10242.3 -5.55556
286.016 40.8319 9615.78 -5.55556
286.016 40.8346 10126.4 -5.55556
286.016 40.8373 10023 -5.55556
286.016 40.84 9881.64 -5.55556
286.02 40.68 10784.7 -5.55556
286.02 40.6827 9838.08 -5.55556
286.02 40.6854 9578.13 -5.55556
286.02 40.6881 9878.19 -5.55556
286.02 40.6908 10608.3 -5.55556
286.02 40.6936 10453.3 -5.55556
286.02 40.6963 10321 -5.55556
286.02 40.699 10774.6 -5.55556
286.02 40.7017 9059.12 -5.55556
286.02 40.7044 10569.1 -5.55556
286.02 40.7071 10277.4 -5.55556
286.02 40.7098 11121.5 -5.55556
286.02 40.7125 9247.13 -5.55556
286.02 40.7153 12014.5 -5.55556
286.02 40.718 10546.5 -5.55556
286.02 40.7207 10560.5 -5.55556
286.02 40.7234 10438.1 -5.55556
286.02 40.7261 10640.7 -5.55556
286.02 40.7288 9278.01 -5.55556
286.02 40.7315 9280.32 -5.55556
286.02 40.7342 9429.07 -5.55556
286.02 40.7369 10065.2 -5.55556
286.02 40.7397 11196.1 -5.55556
286.02 40.7424 10238.6 -5.55556
286.02 40.7451 9886.2 -5.55556
286.02 40.7478 9390.14 -5.55556
286.02 40.7505 11291 -5.55556
286.02 40.7532 9207.65 -5.55556
286.02 40.7559 9984.97 -5.55556
286.02 40.7586 9726.61 -5.55556
286.02 40.7614 9502.9 -5.55556
286.02 40.7641 10137 -5.55556
286.02 40.7668 10210.1 -5.55556
286.02 40.7695 11167.1 -5.55556
286.02 40.7722 10846.9 -5.55556
286.02 40.7749 8177.26 -5.55556
286.02 40.7776 8755.75 -5.55556
286.02 40.7803 9264.04 -5.55556
286.02 40.7831 9074.56 -5.55556
286.02 40.7858 9582.16 -5.55556
286.02 40.7885 9433.79 -5.55556
286.02 40.7912 10367.7 -5.55556
286.02 40.7939 7836.08 -5.55556
286.02 40.7966 9434.81 -5.55556
286.02 40.7993 11260.4 -5.55556
286.02 40.802 10475.8 -5.55556
286.02 40.8047 10403.9 -5.55556
286.02 40.8075 9812.01 -5.55556
286.02 40.8102 9495.41 -5.55556
286.02 40.8129 9809.86 -5.55556
286.02 40.8156 9702.84 -5.55556
286.02 40.8183 9318.95 -5.55556
286.02 40.821 9376.61 -5.55556
286.02 40.8237 8653.17 -5.55556
286.02 40.8264 10934.4 -5.55556
286.02 40.8292 9155.75 -5.55556
286.02 40.8319 11616.8 -5.55556
286.02 40.8346 11568 -5.55556
286.02 40.8373 10519.1 -5.55556
286.02 40.84 10687.2 -5.55556
286.024 40.68 9263.4 -5.55556
286.024 40.6827 10534.9 -5.55556
286.024 40.6854 9774.08 -5.55556
286.024 40.6881 10744.1 -5.55556
286.024 40.6908 8927.44 -5.55556
286.024 40.6936 10151.9 -5.55556
286.024 40.6963 7801.11 -5.55556
286.024 40.699 9872.05 -5.55556
286.024 40.7017 10167.5 -5.55556
286.024 40.7044 10473.5 -5.55556
286.024 40.7071 9886.44 -5.55556
286.024 40.7098 9302.63 -5.55556
286.024 40.7125 8673.95 -5.55556
286.024 40.7153 9093.35 -5.55556
286.024 40.718 10807.1 -5.55556
286.024 40.7207 8502.36 -5.55556
286.024 40.7234 10699.5 -5.55556
286.024 40.7261 11017.7 -5.55556
286.024 40.7288 8940.13 -5.55556
286.024 40.7315 9603.15 -5.55556
286.024 40.7342 9161.78 -5.55556
286.024 40.7369 8441.15 -5.55556
286.024 40.7397 10331.5 -5.55556
286.024 40.7424 10814.5 -5.55556
286.024 40.7451 10819.7 -5.55556
286.024 40.7478 10351.8 -5.55556
286.024 40.7505 9625.13 -5.55556
286.024 40.7532 10916.6 -5.55556
286.024 40.7559 9856.54 -5.55556
286.024 40.7586 8594.88 -5.55556
286.024 40.7614 9967 -5.55556
286.024 40.7641 8882.03 -5.55556
286.024 40.7668 9573.93 -5.55556
286.024 40.7695 9343.46 -5.55556
286.024 40.7722 9015.98 -5.55556
286.024 40.7749 9784.43 -5.55556
286.024 40.7776 8998.12 -5.55556
286.024 40.7803 10487.2 -5.55556
286.024 40.7831 10338.9 -5.55556
286.024 40.7858 8796.42 -5.55556
286.024 40.7885 9244.42 -5.55556
286.024 40.7912 9621.67 -5.55556
286.024 40.7939 9761.45 -5.55556
286.024 40.7966 10159.6 -5.55556
286.024 40.7993 9686.83 -5.55556
286.024 40.802 9996.51 -5.55556
286.024 40.8047 8185.44 -5.55556
286.024 40.8075 10291.4 -5.55556
286.024 40.8102 10507.2 -5.55556
286.024 40.8129 9604.68 -5.55556
286.024 40.8156 11781.5 -5.55556
286.024 40.8183 10257.7 -5.55556
286.024 40.821 11007.1 -5.55556
286.024 40.8237 9356.56 -5.55556
286.024 40.8264 8544.26 -5.55556
286.024 40.8292 11417 -5.55556
286.024 40.8319 10825.7 -5.55556
286.024 40.8346 10188.5 -5.55556
286.024 40.8373 10095.4 -5.55556
286.024 40.84 9300.03 -5.55556
286.027 40.68 9433.68 -5.55556
286.027 40.6827 11593 -5.55556
286.027 40.6854 9866.4 -5.55556
286.027 40.6881 9405.41 -5.55556
286.027 40.6908 9066.23 -5.55556
286.027 40.6936 10226.8 -5.55556
286.027 40.6963 10668.6 -5.55556
286.027 40.699 10044.6 -5.55556
286.027 40.7017 9716.08 -5.55556
286.027 40.7044 10892.6 -5.55556
286.027 40.7071 9242.19 -5.55556
286.027 40.7098 10691.4 -5.55556
286.027 40.7125 11805.9 -5.55556
286.027 40.7153 8946.02 -5.55556
286.027 40.718 10561.8 -5.55556
286.027 40.7207 9734.15 -5.55556
286.027 40.7234 10616.1 -5.55556
286.027 40.7261 10782.3 -5.55556
286.027 40.7288 9454.48 -5.55556
286.027 40.7315 9781.84 -5.55556
286.027 40.7342 9958.39 -5.55556
286.027 40.7369 10783.7 -5.55556
286.027 40.7397 11496.1 -5.55556
286.027 40.7424 10553.9 -5.55556
286.027 40.7451 10061.4 -5.55556
286.027 40.7478 8108.93 -5.55556
286.027 40.7505 10195.6 -5.55556
286.027 40.7532 9342.6 -5.55556
286.027 40.7559 10875 -5.55556
286.027 40.7586 11515.2 -5.55556
286.027 40.7614 11472 -5.55556
286.027 40.7641 9773.92 -5.55556
286.027 40.7668 9382.06 -5.55556
286.027 40.7695 8449.83 -5.55556
286.027 40.7722 10835 -5.55556
286.027 40.7749 7516.08 -5.55556
286.027 40.7776 8674.68 -5.55556
286.027 40.7803 10121 -5.55556
286.027 40.7831 10893.6 -5.55556
286.027 40.7858 10501.8 -5.55556
286.027 40.7885 8778.84 -5.55556
286.027 40.7912 10776.8 -5.55556
286.027 40.7939 8754.36 -5.55556
286.027 40.7966 10315 -5.55556
286.027 40.7993 10230.4 -5.55556
286.027 40.802 9960.24 -5.55556
286.027 40.8047 10115.5 -5.55556
286.027 40.8075 9640.46 -5.55556
286.027 40.8102 10178.1 -5.55556
286.027 40.8129 10884.5 -5.55556
286.027 40.8156 9523.42 -5.55556
286.027 40.8183 8982.38 -5.55556
286.027 40.821 10403.1 -5.55556
286.027 40.8237 9619.4 -5.55556
286.027 40.8264 9359.09 -5.55556
286.027 40.8292 11481.8 -5.55556
286.027 40.8319 10137.2 -5.55556
286.027 40.8346 9534.36 -5.55556
286.027 40.8373 10893.4 -5.55556
286.027 40.84 8985.56 -5.55556
286.031 40.68 8671.68 -5.55556
286.031 40.6827 6893.07 -5.55556
286.031 40.6854 9347.58 -5.55556
286.031 40.6881 9496.76 -5.55556
286.031 40.6908 9214.99 -5.55556
286.031 40.6936 11000.3 -5.55556
286.031 40.6963 11141.9 -5.55556
286.031 40.699 9444.78 -5.55556
286.031 40.7017 13242.3 -5.55556
286.031 40.7044 9984.16 -5.55556
286.031 40.7071 10743.9 -5.55556
286.031 40.7098 9546.22 -5.55556
286.031 40.7125 10405.7 -5.55556
286.031 40.7153 8621.15 -5.55556
286.031 40.718 10490.7 -5.55556
286.031 40.7207 10287.1 -5.55556
286.031 40.7234 12795.7 -5.55556
286.031 40.7261 11496.6 -5.55556
286.031 40.7288 9260.67 -5.55556
286.031 40.7315 9113.49 -5.55556
286.031 40.7342 8915.31 -5.55556
286.031 40.7369 9261.34 -5.55556
286.031 40.7397 11026.6 -5.55556
286.031 40.7424 10263.1 -5.55556
286.031 40.7451 11113.5 -5.55556
286.031 40.7478 9712.43 -5.55556
286.031 40.7505 9360.29 -5.55556
286.031 40.7532 9344.03 -5.55556
286.031 40.7559 10362.2 -5.55556
286.031 40.7586 9571.01 -5.55556
286.031 40.7614 8597.49 -5.55556
286.031 40.7641 11210.8 -5.55556
286.031 40.7668 8669.7 -5.55556
286.031 40.7695 11273.9 -5.55556
286.031 40.7722 8609.91 -5.55556
286.031 40.7749 9224.33 -5.55556
286.031 40.7776 9444.34 -5.55556
286.031 40.7803 10930.7 -5.55556
286.031 40.7831 9284.59 -5.55556
286.031 40.7858 9436.15 -5.55556
286.031 40.7885 10428.2 -5.55556
286.031 40.7912 10157.7 -5.55556
286.031 40.7939 8570.7 -5.55556
286.031 40.7966 9203.01 -5.55556
286.031 40.7993 11377.5 -5.55556
286.031 40.802 10948.2 -5.55556
286.031 40.8047 9753.43 -5.55556
286.031 40.8075 10805.7 -5.55556
286.031 40.8102 10469.3 -5.55556
286.031 40.8129 9253.19 -5.55556
286.031 40.8156 10882.6 -5.55556
286.031 40.8183 9536.04 -5.55556
286.031 40.821 10056.2 -5.55556
286.031 40.8237 11128.4 -5.55556
286.031 40.8264 11127.3 -5.55556
286.031 40.8292 9549.44 -5.55556
286.031 40.8319 10309.8 -5.55556
286.031 40.8346 10559.5 -5.55556
286.031 40.8373 8708.82 -5.55556
286.031 40.84 9122.66 -5.55556
286.034 40.68 8843.47 -5.55556
286.034 40.6827 8952.45 -5.55556
286.034 40.6854 9902.37 -5.55556
286.034 40.6881 8006.02 -5.55556
286.034 40.6908 9216.39 -5.55556
286.034 40.6936 11047.5 -5.55556
286.034 40.6963 10143.6 -5.55556
286.034 40.699 10731.7 -5.55556
286.034 40.7017 11587.3 -5.55556
286.034 40.7044 9554.14 -5.55556
286.034 40.7071 9885.13 -5.55556
286.034 40.7098 10847.4 -5.55556
286.034 40.7125 9048.13 -5.55556
286.034 40.7153 8765.66 -5.55556
286.034 40.718 9540.1 -5.55556
286.034 40.7207 9164.09 -5.55556
286.034 40.7234 10415.7 -5.55556
286.034 40.7261 9389.4 -5.55556
286.034 40.7288 8612.5 -5.55556
286.034 40.7315 10563.4 -5.55556
286.034 40.7342 9568.68 -5.55556
286.034 40.7369 11099.9 -5.55556
286.034 40.7397 9000.64 -5.55556
286.034 40.7424 9511.29 -5.55556
286.034 40.7451 9777.82 -5.55556
286.034 40.7478 9966.33 -5.55556
286.034 40.7505 10356 -5.55556
286.034 40.7532 9283.59 -5.55556
286.034 40.7559 8748.34 -5.55556
286.034 40.7586 8559.34 -5.55556
286.034 40.7614 8290.95 -5.55556
286.034 40.7641 9608.94 -5.55556
286.034 40.7668 11034.2 -5.55556
286.034 40.7695 11086.6 -5.55556
286.034 40.7722 10229.6 -5.55556
286.034 40.7749 8515.99 -5.55556
286.034 40.7776 10684.1 -5.55556
286.034 40.7803 10393.9 -5.55556
286.034 40.7831 9063.43 -5.55556
286.034 40.7858 10352.9 -5.55556
286.034 40.7885 8382.21 -5.55556
286.034 40.7912 9038.53 -5.55556
286.034 40.7939 9382.32 -5.55556
286.034 40.7966 9672.42 -5.55556
286.034 40.7993 9471.92 -5.55556
286.034 40.802 10001.7 -5.55556
286.034 40.8047 10495.7 -5.55556
286.034 40.8075 10042.8 -5.55556
286.034 40.8102 10676 -5.55556
286.034 40.8129 9837 -5.55556
286.034 40.8156 10762.4 -5.55556
286.034 40.8183 11656.6 -5.55556
286.034 40.821 11348.9 -5.55556
286.034 40.8237 8512.71 -5.55556
286.034 40.8264 10528.2 -5.55556
286.034 40.8292 9400.57 -5.55556
286.034 40.8319 10024.6 -5.55556
286.034 40.8346 10075.9 -5.55556
286.034 40.8373 10555.5 -5.55556
286.034 40.84 9079.03 -5.55556
286.038 40.68 9532.49 -5.55556
286.038 40.6827 10354.3 -5.55556
286.038 40.6854 11567.7 -5.55556
286.038 40.6881 8855.49 -5.55556
286.038 40.6908 10730.7 -5.55556
286.038 40.6936 11585.2 -5.55556
286.038 40.6963 10657.6 -5.55556
286.038 40.699 9215.61 -5.55556
286.038 40.7017 11239.4 -5.55556
286.038 40.7044 9319.98 -5.55556
286.038 40.7071 10229.7 -5.55556
286.038 40.7098 11711.8 -5.55556
286.038 40.7125 8954.62 -5.55556
286.038 40.7153 11090.9 -5.55556
286.038 40.718 9288.41 -5.55556
286.038 40.7207 11868.4 -5.55556
286.038 40.7234 7290.63 -5.55556
286.038 40.7261 9480.48 -5.55556
286.038 40.7288 10723.4 -5.55556
286.038 40.7315 9728.58 -5.55556
286.038 40.7342 10614.8 -5.55556
286.038 40.7369 10051.3 -5.55556
286.038 40.7397 9621.38 -5.55556
286.038 40.7424 10752.1 -5.55556
286.038 40.7451 10281 -5.55556
286.038 40.7478 10203.5 -5.55556
286.038 40.7505 9938.1 -5.55556
286.038 40.7532 8473.01 -5.55556
286.038 40.7559 11275.2 -5.55556
286.038 40.7586 11373.4 -5.55556
286.038 40.7614 9200.41 -5.55556
286.038 40.7641 9166.75 -5.55556
286.038 40.7668 9652.33 -5.55556
286.038 40.7695 11656.6 -5.55556
286.038 40.7722 10603 -5.55556
286.038 40.7749 8381.31 -5.55556
286.038 40.7776 10340.6 -5.55556
286.038 40.7803 10885.4 -5.55556
286.038 40.7831 11001.2 -5.55556
286.038 40.7858 10194 -5.55556
286.038 40.7885 9404.86 -5.55556
286.038 40.7912 11463.9 -5.55556
286.038 40.7939 9442 -5.55556
286.038 40.7966 9544.37 -5.55556
286.038 40.7993 9534.38 -5.55556
286.038 40.802 10440.5 -5.55556
286.038 40.8047 10148.6 -5.55556
286.038 40.8075 9758.38 -5.55556
286.038 40.8102 9779.14 -5.55556
286.038 40.8129 10238.3 -5.55556
286.038 40.8156 11012.8 -5.55556
286.038 40.8183 10480.6 -5.55556
286.038 40.821 12222.6 -5.55556
286.038 40.8237 11074.6 -5.55556
286.038 40.8264 9812.07 -5.55556
286.038 40.8292 9545.44 -5.55556
286.038 40.8319 10756.5 -5.55556
286.038 40.8346 8455.53 -5.55556
286.038 40.8373 9592.62 -5.55556
286.038 40.84 9436.29 -5.55556
286.041 40.68 8867.24 -5.55556
286.041 40.6827 9970.38 -5.55556
286.041 40.6854 12487 -5.55556
286.041 40.6881 10873 -5.55556
286.041 40.6908 11545 -5.55556
286.041 40.6936 11137.6 -5.55556
286.041 40.6963 8751.25 -5.55556
286.041 40.699 10273.9 -5.55556
286.041 40.7017 11490.6 -5.55556
286.041 40.7044 9629.58 -5.55556
286.041 40.7071 9631.3 -5.55556
286.041 40.7098 9918.59 -5.55556
286.041 40.7125 9995.75 -5.55556
286.041 40.7153 10346.8 -5.55556
286.041 40.718 11602.2 -5.55556
286.041 40.7207 11150.5 -5.55556
286.041 40.7234 10167.4 -5.55556
286.041 40.7261 9009.01 -5.55556
286.041 40.7288 9991.38 -5.55556
286.041 40.7315 11366.1 -5.55556
286.041 40.7342 9944.13 -5.55556
286.041 40.7369 8321.66 -5.55556
286.041 40.7397 11352.6 -5.55556
286.041 40.7424 8746.1 -5.55556
286.041 40.7451 8484.27 -5.55556
286.041 40.7478 9458.56 -5.55556
286.041 40.7505 10926.8 -5.55556
286.041 40.7532 9850.07 -5.55556
286.041 40.7559 11427.8 -5.55556
286.041 40.7586 10262.5 -5.55556
286.041 40.7614 8420.34 -5.55556
286.041 40.7641 9615.56 -5.55556
286.041 40.7668 8960.08 -5.55556
286.041 40.7695 12110 -5.55556
286.041 40.7722 9161.75 -5.55556
286.041 40.7749 10272.5 -5.55556
286.041 40.7776 11051.3 -5.55556
286.041 40.7803 10246.5 -5.55556
286.041 40.7831 10473.3 -5.55556
286.041 40.7858 9256.31 -5.55556
286.041 40.7885 9088.33 -5.55556
286.041 40.7912 10871.8 -5.55556
286.041 40.7939 9255.49 -5.55556
286.041 40.7966 9950.87 -5.55556
286.041 40.7993 9630.62 -5.55556
286.041 40.802 10182.6 -5.55556
286.041 40.8047 10254.3 -5.55556
286.041 40.8075 10794.8 -5.55556
286.041 40.8102 10152.8 -5.55556
286.041 40.8129 10922.7 -5.55556
286.041 40.8156 9288.08 -5.55556
286.041 40.8183 10574.4 -5.55556
286.041 40.821 8840.2 -5.55556
286.041 40.8237 11254 -5.55556
286.041 40.8264 9218.94 -5.55556
286.041 40.8292 10869 -5.55556
286.041 40.8319 11328.4 -5.55556
286.041 40.8346 10024.4 -5.55556
286.041 40.8373 8727.88 -5.55556
286.041 40.84 10285.1 -5.55556
286.045 40.68 10045.5 -5.55556
286.045 40.6827 10400.1 -5.55556
286.045 40.6854 11883.4 -5.55556
286.045 40.6881 9730.95 -5.55556
286.045 40.6908 9393.2 -5.55556
286.045 40.6936 9559.14 -5.55556
286.045 40.6963 10588.8 -5.55556
286.045 40.699 8962.59 -5.55556
286.045 40.7017 9345.26 -5.55556
286.045 40.7044 10595.5 -5.55556
286.045 40.7071 8727.32 -5.55556
286.045 40.7098 8803.13 -5.55556
286.045 40.7125 8994.8 -5.55556
286.045 40.7153 9372.61 -5.55556
286.045 40.718 9980.54 -5.55556
286.045 40.7207 10728.9 -5.55556
286.045 40.7234 10511.4 -5.55556
286.045 40.7261 9065.34 -5.55556
286.045 40.7288 11365.6 -5.55556
286.045 40.7315 9854.74 -5.55556
286.045 40.7342 11244.3 -5.55556
286.045 40.7369 8806.88 -5.55556
286.045 40.7397 8790.84 -5.55556
286.045 40.7424 9634.33 -5.55556
286.045 40.7451 10631.2 -5.55556
286.045 40.7478 9395.66 -5.55556
286.045 40.7505 10447.7 -5.55556
286.045 40.7532 9982.59 -5.55556
286.045 40.7559 9528.24 -5.55556
286.045 40.7586 11922.2 -5.55556
286.045 40.7614 10248.2 -5.55556
286.045 40.7641 9079.67 -5.55556
286.045 40.7668 11315.5 -5.55556
286.045 40.7695 9381.77 -5.55556
286.045 40.7722 8042.66 -5.55556
286.045 40.7749 10672.5 -5.55556
286.045 40.7776 9660.6 -5.55556
286.045 40.7803 11230.7 -5.55556
286.045 40.7831 9977.09 -5.55556
286.045 40.7858 8940.84 -5.55556
286.045 40.7885 8404.71 -5.55556
286.045 40.7912 10829.7 -5.55556
286.045 40.7939 9476.73 -5.55556
286.045 40.7966 9848.54 -5.55556
286.045 40.7993 8479 -5.55556
286.045 40.802 10233.6 -5.55556
286.045 40.8047 8404.76 -5.55556
286.045 40.8075 8276.18 -5.55556
286.045 40.8102 9186.16 -5.55556
286.045 40.8129 8755.92 -5.55556
286.045 40.8156 10091.3 -5.55556
286.045 40.8183 10529.8 -5.55556
286.045 40.821 9474.98 -5.55556
286.045 40.8237 8970.48 -5.55556
286.045 40.8264 5959.18 -5.55556
286.045 40.8292 11524.2 -5.55556
286.045 40.8319 10644.5 -5.55556
286.045 40.8346 8377.39 -5.55556
286.045 40.8373 9456.12 -5.55556
286.045 40.84 8343.48 -5.55556
286.048 40.68 12779.9 -5.55556
286.048 40.6827 10475.8 -5.55556
286.048 40.6854 8854.79 -5.55556
286.048 40.6881 9859.36 -5.55556
286.048 40.6908 9955.94 -5.55556
286.048 40.6936 10127.2 -5.55556
286.048 40.6963 9176.28 -5.55556
286.048 40.699 10868.9 -5.55556
286.048 40.7017 8625.86 -5.55556
286.048 40.7044 9105.26 -5.55556
286.048 40.7071 10192.9 -5.55556
286.048 40.7098 11148.9 -5.55556
286.048 40.7125 8710.6 -5.55556
286.048 40.7153 10253.2 -5.55556
286.048 40.718 9266.61 -5.55556
286.048 40.7207 9685.1 -5.55556
286.048 40.7234 11794.3 -5.55556
286.048 40.7261 10199 -5.55556
286.048 40.7288 7999.13 -5.55556
286.048 40.7315 7686.7 -5.55556
286.048 40.7342 10877.6 -5.55556
286.048 40.7369 8876.96 -5.55556
286.048 40.7397 11042.6 -5.55556
286.048 40.7424 9656.71 -5.55556
286.048 40.7451 9479.75 -5.55556
286.048 40.7478 10007.7 -5.55556
286.048 40.7505 10174.4 -5.55556
286.048 40.7532 11438.3 -5.55556
286.048 40.7559 9848.26 -5.55556
286.048 40.7586 11430.9 -5.55556
286.048 40.7614 11211.5 -5.55556
286.048 40.7641 9616.75 -5.55556
286.048 40.7668 9154.26 -5.55556
286.048 40.7695 6520.49 -5.55556
286.048 40.7722 11039.7 -5.55556
286.048 40.7749 11712.7 -5.55556
286.048 40.7776 8597.27 -5.55556
286.048 40.7803 9413.28 -5.55556
286.048 40.7831 11072 -5.55556
286.048 40.7858 9355.29 -5.55556
286.048 40.7885 8719.16 -5.55556
286.048 40.7912 9513.48 -5.55556
286.048 40.7939 10281.2 -5.55556
286.048 40.7966 8540.81 -5.55556
286.048 40.7993 9980.99 -5.55556
286.048 40.802 9535.6 -5.55556
286.048 40.8047 10680.3 -5.55556
286.048 40.8075 10954.1 -5.55556
286.048 40.8102 10678.5 -5.55556
286.048 40.8129 9409.77 -5.55556
286.048 40.8156 10325.6 -5.55556
286.048 40.8183 8790.54 -5.55556
286.048 40.821 10458.7 -5.55556
286.048 40.8237 7309.12 -5.55556
286.048 40.8264 11024.7 -5.55556
286.048 40.8292 11114 -5.55556
286.048 40.8319 8661.78 -5.55556
286.048 40.8346 11393.5 -5.55556
286.048 40.8373 12253.9 -5.55556
286.048 40.84 10872.1 -5.55556
286.052 40.68 10736.8 -5.55556
286.052 40.6827 9560.28 -5.55556
286.052 40.6854 11435.6 -5.55556
286.052 40.6881 10010.7 -5.55556
286.052 40.6908 10203.7 -5.55556
286.052 40.6936 10280.5 -5.55556
286.052 40.6963 11721 -5.55556
286.052 40.699 10627.6 -5.55556
286.052 40.7017 8578.78 -5.55556
286.052 40.7044 9490.38 -5.55556
286.052 40.7071 11710.5 -5.55556
286.052 40.7098 10187.3 -5.55556
286.052 40.7125 10436.4 -5.55556
286.052 40.7153 8956.61 -5.55556
286.052 40.718 8770.77 -5.55556
286.052 40.7207 10624.2 -5.55556
286.052 40.7234 7557.45 -5.55556
286.052 40.7261 8935.87 -5.55556
286.052 40.7288 10696.9 -5.55556
286.052 40.7315 9529.82 -5.55556
286.052 40.7342 12011.1 -5.55556
286.052 40.7369 11431.6 -5.55556
286.052 40.7397 8476.24 -5.55556
286.052 40.7424 10429.2 -5.55556
286.052 40.7451 12095 -5.55556
286.052 40.7478 10093 -5.55556
286.052 40.7505 11456.5 -5.55556
286.052 40.7532 10218 -5.55556
286.052 40.7559 9163.36 -5.55556
286.052 40.7586 10698.9 -5.55556
286.052 40.7614 10467 -5.55556
286.052 40.7641 10152.5 -5.55556
286.052 40.7668 9186.79 -5.55556
286.052 40.7695 9648.13 -5.55556
286.052 40.7722 11306.9 -5.55556
286.052 40.7749 10029.2 -5.55556
286.052 40.7776 8933.89 -5.55556
286.052 40.7803 11616.8 -5.55556
286.052 40.7831 10308.1 -5.55556
286.052 40.7858 11592.4 -5.55556
286.052 40.7885 8523.25 -5.55556
286.052 40.7912 10095.5 -5.55556
286.052 40.7939 9559.3 -5.55556
286.052 40.7966 11311.6 -5.55556
286.052 40.7993 9769.21 -5.55556
286.052 40.802 9304.69 -5.55556
286.052 40.8047 11499.4 -5.55556
286.052 40.8075 10673.4 -5.55556
286.052 40.8102 9736.33 -5.55556
286.052 40.8129 8845.93 -5.55556
286.052 40.8156 9664.44 -5.55556
286.052 40.8183 11223.7 -5.55556
286.052 40.821 7906.8 -5.55556
286.052 40.8237 10413.5 -5.55556
286.052 40.8264 12140 -5.55556
286.052 40.8292 8832.83 -5.55556
286.052 40.8319 10478.1 -5.55556
286.052 40.8346 10179.2 -5.55556
286.052 40.8373 9914.56 -5.55556
286.052 40.84 10452.8 -5.55556
286.055 40.68 9539.58 -5.55556
286.055 40.6827 10460.7 -5.55556
286.055 40.6854 8794.78 -5.55556
286.055 40.6881 11871 -5.55556
286.055 40.6908 8944.65 -5.55556
286.055 40.6936 9002.62 -5.55556
286.055 40.6963 9229.1 -5.55556
286.055 40.699 9083.91 -5.55556
286.055 40.7017 9131.1 -5.55556
286.055 40.7044 7674.86 -5.55556
286.055 40.7071 9828.11 -5.55556
286.055 40.7098 9449 -5.55556
286.055 40.7125 9808.66 -5.55556
286.055 40.7153 10664.9 -5.55556
286.055 40.718 11707.9 -5.55556
286.055 40.7207 11811.8 -5.55556
286.055 40.7234 10171.2 -5.55556
286.055 40.7261 8955.11 -5.55556
286.055 40.7288 8898.35 -5.55556
286.055 40.7315 9767.42 -5.55556
286.055 40.7342 10170 -5.55556
286.055 40.7369 12948.3 -5.55556
286.055 40.7397 9529.83 -5.55556
286.055 40.7424 9085.96 -5.55556
286.055 40.7451 8890.59 -5.55556
286.055 40.7478 9581.17 -5.55556
286.055 40.7505 10220.1 -5.55556
286.055 40.7532 10679.7 -5.55556
286.055 40.7559 11239.1 -5.55556
286.055 40.7586 9290.25 -5.55556
286.055 40.7614 9113.69 -5.55556
286.055 40.7641 9435.52 -5.55556
286.055 40.7668 10227.9 -5.55556
286.055 40.7695 11613 -5.55556
286.055 40.7722 9488.64 -5.55556
286.055 40.7749 11393.8 -5.55556
286.055 40.7776 11454 -5.55556
286.055 40.7803 8763.81 -5.55556
286.055 40.7831 8488.72 -5.55556
286.055 40.7858 10679.6 -5.55556
286.055 40.7885 10629.3 -5.55556
286.055 40.7912 10133.7 -5.55556
286.055 40.7939 11387.8 -5.55556
286.055 40.7966 11118.2 -5.55556
286.055 40.7993 9536.48 -5.55556
286.055 40.802 9795.33 -5.55556
286.055 40.8047 9981 -5.55556
286.055 40.8075 10125 -5.55556
286.055 40.8102 7146.18 -5.55556
286.055 40.8129 9853.17 -5.55556
286.055 40.8156 9580.13 -5.55556
286.055 40.8183 10456.7 -5.55556
286.055 40.821 9374.19 -5.55556
286.055 40.8237 7567.48 -5.55556
286.055 40.8264 9103.52 -5.55556
286.055 40.8292 8774.41 -5.55556
286.055 40.8319 10589.7 -5.55556
286.055 40.8346 11375.9 -5.55556
286.055 40.8373 10400.2 -5.55556
286.055 40.84 10669.9 -5.55556
286.059 40.68 10206.9 -5.55556
286.059 40.6827 10362.3 -5.55556
286.059 40.6854 10573.9 -5.55556
286.059 40.6881 9078.47 -5.55556
286.059 40.6908 9370.79 -5.55556
286.059 40.6936 8977.25 -5.55556
286.059 40.6963 10063 -5.55556
286.059 40.699 11241 -5.55556
286.059 40.7017 10069.3 -5.55556
286.059 40.7044 8303.2 -5.55556
286.059 40.7071 10709.7 -5.55556
286.059 40.7098 9019.47 -5.55556
286.059 40.7125 9433.63 -5.55556
286.059 40.7153 10036.5 -5.55556
286.059 40.718 10455.8 -5.55556
286.059 40.7207 8599.47 -5.55556
286.059 40.7234 8465.53 -5.55556
286.059 40.7261 11898 -5.55556
286.059 40.7288 10168.9 -5.55556
286.059 40.7315 11060.9 -5.55556
286.059 40.7342 9110.43 -5.55556
286.059 40.7369 8199.64 -5.55556
286.059 40.7397 9521.23 -5.55556
286.059 40.7424 9139.11 -5.55556
286.059 40.7451 9189.25 -5.55556
286.059 40.7478 9289.95 -5.55556
286.059 40.7505 10526.7 -5.55556
286.059 40.7532 10912.6 -5.55556
286.059 40.7559 9941.26 -5.55556
286.059 40.7586 9256.59 -5.55556
286.059 40.7614 9447.03 -5.55556
286.059 40.7641 9933.29 -5.55556
286.059 40.7668 10063.2 -5.55556
286.059 40.7695 9819.24 -5.55556
286.059 40.7722 8010.6 -5.55556
286.059 40.7749 10272.9 -5.55556
286.059 40.7776 10738.3 -5.55556
286.059 40.7803 8643.92 -5.55556
286.059 40.7831 12897.3 -5.55556
286.059 40.7858 10704.4 -5.55556
286.059 40.7885 9882.73 -5.55556
286.059 40.7912 10831.6 -5.55556
286.059 40.7939 10439.7 -5.55556
286.059 40.7966 10329.9 -5.55556
286.059 40.7993 10882.6 -5.55556
286.059 40.802 9958.39 -5.55556
286.059 40.8047 11390.4 -5.55556
286.059 40.8075 9805.38 -5.55556
286.059 40.8102 9696.74 -5.55556
286.059 40.8129 11142.4 -5.55556
286.059 40.8156 10028.1 -5.55556
286.059 40.8183 9527.6 -5.55556
286.059 40.821 8328.08 -5.55556
286.059 40.8237 12831.2 -5.55556
286.059 40.8264 10309.3 -5.55556
286.059 40.8292 9653.63 -5.55556
286.059 40.8319 11520.6 -5.55556
286.059 40.8346 9725.92 -5.55556
286.059 40.8373 10557.1 -5.55556
286.059 40.84 10976 -5.55556
286.062 40.68 8959.5 -5.55556
286.062 40.6827 9078.84 -5.55556
286.062 40.6854 10518.9 -5.55556
286.062 40.6881 9048.81 -5.55556
286.062 40.6908 10102.6 -5.55556
286.062 40.6936 10266.1 -5.55556
286.062 40.6963 8399.38 -5.55556
286.062 40.699 11038.3 -5.55556
286.062 40.7017 10659.9 -5.55556
286.062 40.7044 10305.8 -5.55556
286.062 40.7071 8829.59 -5.55556
286.062 40.7098 11093.7 -5.55556
286.062 40.7125 11630.3 -5.55556
286.062 40.7153 9975.96 -5.55556
286.062 40.718 8528.19 -5.55556
286.062 40.7207 8238.24 -5.55556
286.062 40.7234 9248.73 -5.55556
286.062 40.7261 10284.1 -5.55556
286.062 40.7288 10058.2 -5.55556
286.062 40.7315 10552.8 -5.55556
286.062 40.7342 9788.98 -5.55556
286.062 40.7369 11050 -5.55556
286.062 40.7397 10996.1 -5.55556
286.062 40.7424 9865.17 -5.55556
286.062 40.7451 8907.2 -5.55556
286.062 40.7478 9085.5 -5.55556
286.062 40.7505 10841.6 -5.55556
286.062 40.7532 9663.99 -5.55556
286.062 40.7559 11381.4 -5.55556
286.062 40.7586 10026.3 -5.55556
286.062 40.7614 10919 -5.55556
286.062 40.7641 10648.8 -5.55556
286.062 40.7668 11189.5 -5.55556
286.062 40.7695 6770.25 -5.55556
286.062 40.7722 9639.48 -5.55556
286.062 40.7749 11534.1 -5.55556
286.062 40.7776 9945.8 -5.55556
286.062 40.7803 8516.59 -5.55556
286.062 40.7831 10804.3 -5.55556
286.062 40.7858 12115.4 -5.55556
286.062 40.7885 10696.5 -5.55556
286.062 40.7912 10034.9 -5.55556
286.062 40.7939 11547.3 -5.55556
286.062 40.7966 11414 -5.55556
286.062 40.7993 9947.91 -5.55556
286.062 40.802 11686.3 -5.55556
286.062 40.8047 10042.4 -5.55556
286.062 40.8075 10088.2 -5.55556
286.062 40.8102 9422.87 -5.55556
286.062 40.8129 10221 -5.55556
286.062 40.8156 9688.02 -5.55556
286.062 40.8183 9937.09 -5.55556
286.062 40.821 9232.69 -5.55556
286.062 40.8237 10745.5 -5.55556
286.062 40.8264 9614.77 -5.55556
286.062 40.8292 9397.54 -5.55556
286.062 40.8319 9121.37 -5.55556
286.062 40.8346 10603.3 -5.55556
286.062 40.8373 7904.63 -5.55556
286.062 40.84 9306.57 -5.55556
286.066 40.68 10650.9 -5.55556
286.066 40.6827 10041.6 -5.55556
286.066 40.6854 11077.5 -5.55556
286.066 40.6881 10578.3 -5.55556
286.066 40.6908 10401.9 -5.55556
286.066 40.6936 7691.86 -5.55556
286.066 40.6963 10477.7 -5.55556
286.066 40.699 9129.79 -5.55556
286.066 40.7017 7279.82 -5.55556
286.066 40.7044 9923.54 -5.55556
286.066 40.7071 10853.3 -5.55556
286.066 40.7098 9798.78 -5.55556
286.066 40.7125 10578.8 -5.55556
286.066 40.7153 9289.96 -5.55556
286.066 40.718 11584.2 -5.55556
286.066 40.7207 9439.47 -5.55556
286.066 40.7234 9827.14 -5.55556
286.066 40.7261 9485.07 -5.55556
286.066 40.7288 9208.55 -5.55556
286.066 40.7315 8387.01 -5.55556
286.066 40.7342 10753.4 -5.55556
286.066 40.7369 10470.7 -5.55556
286.066 40.7397 11874.2 -5.55556
286.066 40.7424 10299.7 -5.55556
286.066 40.7451 11106.1 -5.55556
286.066 40.7478 8826.48 -5.55556
286.066 40.7505 7619.19 -5.55556
286.066 40.7532 10181.9 -5.55556
286.066 40.7559 9809.26 -5.55556
286.066 40.7586 10495.8 -5.55556
286.066 40.7614 11032.4 -5.55556
286.066 40.7641 7971.49 -5.55556
286.066 40.7668 10975.4 -5.55556
286.066 40.7695 8341.55 -5.55556
286.066 40.7722 9926.51 -5.55556
286.066 40.7749 9827.54 -5.55556
286.066 40.7776 10185.9 -5.55556
286.066 40.7803 10060 -5.55556
286.066 40.7831 10272.2 -5.55556
286.066 40.7858 9863.18 -5.55556
286.066 40.7885 11453.5 -5.55556
286.066 40.7912 11821.3 -5.55556
286.066 40.7939 11131.5 -5.55556
286.066 40.7966 8535.01 -5.55556
286.066 40.7993 7598.21 -5.55556
286.066 40.802 10750.9 -5.55556
286.066 40.8047 9470.13 -5.55556
286.066 40.8075 12511.9 -5.55556
286.066 40.8102 10389 -5.55556
286.066 40.8129 10062.5 -5.55556
286.066 40.8156 9368.24 -5.55556
286.066 40.8183 11674.6 -5.55556
286.066 40.821 9530.44 -5.55556
286.066 40.8237 11299.4 -5.55556
286.066 40.8264 8119.86 -5.55556
286.066 40.8292 8934.28 -5.55556
286.066 40.8319 10611.8 -5.55556
286.066 40.8346 9421.54 -5.55556
286.066 40.8373 8986.09 -5.55556
286.066 40.84 12094.8 -5.55556
286.069 40.68 9103.72 -5.55556
286.069 40.6827 8976.5 -5.55556
286.069 40.6854 7838.83 -5.55556
286.069 40.6881 11715.1 -5.55556
286.069 40.6908 9966.17 -5.55556
286.069 40.6936 10469 -5.55556
286.069 40.6963 9969.3 -5.55556
286.069 40.699 7860.85 -5.55556
286.069 40.7017 8997.96 -5.55556
286.069 40.7044 10120 -5.55556
286.069 40.7071 9542.29 -5.55556
286.069 40.7098 9715.62 -5.55556
286.069 40.7125 8638.63 -5.55556
286.069 40.7153 8556.93 -5.55556
286.069 40.718 10851 -5.55556
286.069 40.7207 11214.8 -5.55556
286.069 40.7234 8980.69 -5.55556
286.069 40.7261 9383.81 -5.55556
286.069 40.7288 9000.5 -5.55556
286.069 40.7315 8897.83 -5.55556
286.069 40.7342 10097.2 -5.55556
286.069 40.7369 11765.6 -5.55556
286.069 40.7397 9426.08 -5.55556
286.069 40.7424 10328.7 -5.55556
286.069 40.7451 10429.4 -5.55556
286.069 40.7478 10058.1 -5.55556
286.069 40.7505 8742.46 -5.55556
286.069 40.7532 9082.97 -5.55556
286.069 40.7559 10334.6 -5.55556
286.069 40.7586 10880.2 -5.55556
286.069 40.7614 9873.32 -5.55556
286.069 40.7641 11129 -5.55556
286.069 40.7668 9873.29 -5.55556
286.069 40.7695 10960.8 -5.55556
286.069 40.7722 8908.64 -5.55556
286.069 40.7749 11481.6 -5.55556
286.069 40.7776 10796.2 -5.55556
286.069 40.7803 9027.57 -5.55556
286.069 40.7831 11461.5 -5.55556
286.069 40.7858 8976.52 -5.55556
286.069 40.7885 7450.1 -5.55556
286.069 40.7912 11042.1 -5.55556
286.069 40.7939 10584.5 -5.55556
286.069 40.7966 9997.76 -5.55556
286.069 40.7993 11368 -5.55556
286.069 40.802 7821.55 -5.55556
286.069 40.8047 9633.07 -5.55556
286.069 40.8075 9354.01 -5.55556
286.069 40.8102 10483.5 -5.55556
286.069 40.8129 8918.57 -5.55556
286.069 40.8156 8341.43 -5.55556
286.069 40.8183 9184.89 -5.55556
286.069 40.821 10001.5 -5.55556
286.069 40.8237 8393.2 -5.55556
286.069 40.8264 9070.19 -5.55556
286.069 40.8292 11113.1 -5.55556
286.069 40.8319 11018.8 -5.55556
286.069 40.8346 9720.02 -5.55556
286.069 40.8373 11658.8 -5.55556
286.069 40.84 8587.55 -5.55556
286.073 40.68 9049.7 -5.55556
286.073 40.6827 7057.04 -5.55556
286.073 40.6854 9983.39 -5.55556
286.073 40.6881 8908.57 -5.55556
286.073 40.6908 8641.38 -5.55556
286.073 40.6936 12757.6 -5.55556
286.073 40.6963 9269.17 -5.55556
286.073 40.699 11660.9 -5.55556
286.073 40.7017 9493.04 -5.55556
286.073 40.7044 12425.6 -5.55556
286.073 40.7071 10248.5 -5.55556
286.073 40.7098 11038.7 -5.55556
286.073 40.7125 10456 -5.55556
286.073 40.7153 10341.7 -5.55556
286.073 40.718 11460.3 -5.55556
286.073 40.7207 10826.1 -5.55556
286.073 40.7234 11148.3 -5.55556
286.073 40.7261 7885.64 -5.55556
286.073 40.7288 9778.62 -5.55556
286.073 40.7315 11212.7 -5.55556
286.073 40.7342 11442.4 -5.55556
286.073 40.7369 9263.34 -5.55556
286.073 40.7397 9833.43 -5.55556
286.073 40.7424 11178 -5.55556
286.073 40.7451 8432.35 -5.55556
286.073 40.7478 10371.9 -5.55556
286.073 40.7505 10252.2 -5.55556
286.073 40.7532 13057.8 -5.55556
286.073 40.7559 9684.6 -5.55556
286.073 40.7586 8853.24 -5.55556
286.073 40.7614 10204.7 -5.55556
286.073 40.7641 10791 -5.55556
286.073 40.7668 11375 -5.55556
286.073 40.7695 9931.15 -5.55556
286.073 40.7722 9450.64 -5.55556
286.073 40.7749 8886.13 -5.55556
286.073 40.7776 10676.1 -5.55556
286.073 40.7803 10636.4 -5.55556
286.073 40.7831 10289.3 -5.55556
286.073 40.7858 8773.44 -5.55556
286.073 40.7885 11143 -5.55556
286.073 40.7912 8015.18 -5.55556
286.073 40.7939 9157.28 -5.55556
286.073 40.7966 8041.76 -5.55556
286.073 40.7993 10167.9 -5.55556
286.073 40.802 9280.15 -5.55556
286.073 40.8047 9325.98 -5.55556
286.073 40.8075 10710.4 -5.55556
286.073 40.8102 8419.63 -5.55556
286.073 40.8129 10400.7 -5.55556
286.073 40.8156 8263.41 -5.55556
286.073 40.8183 9694.02 -5.55556
286.073 40.821 11390.5 -5.55556
286.073 40.8237 10810.2 -5.55556
286.073 40.8264 8309.56 -5.55556
286.073 40.8292 9885.43 -5.55556
286.073 40.8319 9885.39 -5.55556
286.073 40.8346 10036.1 -5.55556
286.073 40.8373 10366.7 -5.55556
286.073 40.84 8709.97 -5.55556
286.076 40.68 8486.54 -5.55556
286.076 40.6827 8797.94 -5.55556
286.076 40.6854 10148.3 -5.55556
286.076 40.6881 8510.26 -5.55556
286.076 40.6908 9993.35 -5.55556
286.076 40.6936 11282 -5.55556
286.076 40.6963 10729.4 -5.55556
286.076 40.699 12400.4 -5.55556
286.076 40.7017 9841.81 -5.55556
286.076 40.7044 9233.32 -5.55556
286.076 40.7071 11354 -5.55556
286.076 40.7098 10384.3 -5.55556
286.076 40.7125 9812.53 -5.55556
286.076 40.7153 9504.42 -5.55556
286.076 40.718 10991.1 -5.55556
286.076 40.7207 11018.1 -5.55556
286.076 40.7234 9768.11 -5.55556
286.076 40.7261 8219.21 -5.55556
286.076 40.7288 9613.16 -5.55556
286.076 40.7315 10098.6 -5.55556
286.076 40.7342 8167.23 -5.55556
286.076 40.7369 8246.58 -5.55556
286.076 40.7397 10432.3 -5.55556
286.076 40.7424 11315.9 -5.55556
286.076 40.7451 10078 -5.55556
286.076 40.7478 11010.8 -5.55556
286.076 40.7505 9374.17 -5.55556
286.076 40.7532 9978.35 -5.55556
286.076 40.7559 11003.8 -5.55556
286.076 40.7586 9084.37 -5.55556
286.076 40.7614 8460.45 -5.55556
286.076 40.7641 11089.3 -5.55556
286.076 40.7668 9951.4 -5.55556
286.076 40.7695 10024.5 -5.55556
286.076 40.7722 11174.8 -5.55556
286.076 40.7749 9539.26 -5.55556
286.076 40.7776 11146.9 -5.55556
286.076 40.7803 11210 -5.55556
286.076 40.7831 8424.77 -5.55556
286.076 40.7858 8651.2 -5.55556
286.076 40.7885 10770.1 -5.55556
286.076 40.7912 9413.74 -5.55556
286.076 40.7939 10264.5 -5.55556
286.076 40.7966 11160.1 -5.55556
286.076 40.7993 10445.8 -5.55556
286.076 40.802 10183.1 -5.55556
286.076 40.8047 9545.71 -5.55556
286.076 40.8075 10446.6 -5.55556
286.076 40.8102 10649.9 -5.55556
286.076 40.8129 10652.5 -5.55556
286.076 40.8156 9321.96 -5.55556
286.076 40.8183 10273.5 -5.55556
286.076 40.821 10427.2 -5.55556
286.076 40.8237 9113.06 -5.55556
286.076 40.8264 11006.1 -5.55556
286.076 40.8292 10448.3 -5.55556
286.076 40.8319 10227.9 -5.55556
286.076 40.8346 8997.26 -5.55556
286.076 40.8373 10916 -5.55556
286.076 40.84 9513.66 -5.55556
286.08 40.68 9257.36 -5.55556
286.08 40.6827 10767.3 -5.55556
286.08 40.6854 8942.45 -5.55556
286.08 40.6881 10393.3 -5.55556
286.08 40.6908 10027.4 -5.55556
286.08 40.6936 9069.27 -5.55556
286.08 40.6963 8397.51 -5.55556
286.08 40.699 11383.5 -5.55556
286.08 40.7017 9764.13 -5.55556
286.08 40.7044 8675.15 -5.55556
286.08 40.7071 10324 -5.55556
286.08 40.7098 10360.3 -5.55556
286.08 40.7125 8709.89 -5.55556
286.08 40.7153 9600.27 -5.55556
286.08 40.718 10763.9 -5.55556
286.08 40.7207 10051.6 -5.55556
286.08 40.7234 9762.18 -5.55556
286.08 40.7261 10473.7 -5.55556
286.08 40.7288 8090.6 -5.55556
286.08 40.7315 9698.37 -5.55556
286.08 40.7342 10400.3 -5.55556
286.08 40.7369 9674.31 -5.55556
286.08 40.7397 8669.28 -5.55556
286.08 40.7424 8706.53 -5.55556
286.08 40.7451 9856.15 -5.55556
286.08 40.7478 9597.22 -5.55556
286.08 40.7505 12051.1 -5.55556
286.08 40.7532 9201.76 -5.55556
286.08 40.7559 10445.7 -5.55556
286.08 40.7586 8252.08 -5.55556
286.08 40.7614 9948.42 -5.55556
286.08 40.7641 10116.3 -5.55556
286.08 40.7668 9533.49 -5.55556
286.08 40.7695 9231.1 -5.55556
286.08 40.7722 10739.9 -5.55556
286.08 40.7749 9977.42 -5.55556
286.08 40.7776 9914.87 -5.55556
286.08 40.7803 8497.25 -5.55556
286.08 40.7831 10919.6 -5.55556
286.08 40.7858 11247.8 -5.55556
286.08 40.7885 11044.3 -5.55556
286.08 40.7912 12532.6 -5.55556
286.08 40.7939 9380.36 -5.55556
286.08 40.7966 9484.1 -5.55556
286.08 40.7993 10308.3 -5.55556
286.08 40.802 9551.81 -5.55556
286.08 40.8047 11266.7 -5.55556
286.08 40.8075 10831.1 -5.55556
286.08 40.8102 9734.13 -5.55556
286.08 40.8129 10729.5 -5.55556
286.08 40.8156 11514.8 -5.55556
286.08 40.8183 10358.6 -5.55556
286.08 40.821 11401.3 -5.55556
286.08 40.8237 9683.65 -5.55556
286.08 40.8264 9523.65 -5.55556
286.08 40.8292 11005.6 -5.55556
286.08 40.8319 11720.1 -5.55556
286.08 40.8346 10399.7 -5.55556
286.08 40.8373 8166.16 -5.55556
286.08 40.84 11504.1 -5.55556
