285.96 40.68 11722.7 -5.55556
285.96 40.6827 8688.36 -5.55556
285.96 40.6854 9301.14 -5.55556
285.96 40.6881 10015.9 -5.55556
285.96 40.6908 9498.91 -5.55556
285.96 40.6936 8180.63 -5.55556
285.96 40.6963 9023.52 -5.55556
285.96 40.699 9835.21 -5.55556
285.96 40.7017 10155.3 -5.55556
285.96 40.7044 11259.2 -5.55556
285.96 40.7071 8601.93 -5.55556
285.96 40.7098 8556.05 -5.55556
285.96 40.7125 9257.16 -5.55556
285.96 40.7153 8821.42 -5.55556
285.96 40.718 9135.67 -5.55556
285.96 40.7207 8724.71 -5.55556
285.96 40.7234 9368.05 -5.55556
285.96 40.7261 10596.1 -5.55556
285.96 40.7288 11005.6 -5.55556
285.96 40.7315 9626.9 -5.55556
285.96 40.7342 10046.5 -5.55556
285.96 40.7369 10900.7 -5.55556
285.96 40.7397 9877.12 -5.55556
285.96 40.7424 12040.8 -5.55556
285.96 40.7451 9745.58 -5.55556
285.96 40.7478 10154.8 -5.55556
285.96 40.7505 10092.4 -5.55556
285.96 40.7532 9212.38 -5.55556
285.96 40.7559 8435.93 -5.55556
285.96 40.7586 11650.3 -5.55556
285.96 40.7614 9768.98 -5.55556
285.96 40.7641 9320.68 -5.55556
285.96 40.7668 8448.62 -5.55556
285.96 40.7695 11208.9 -5.55556
285.96 40.7722 10835.5 -5.55556
285.96 40.7749 9098.07 -5.55556
285.96 40.7776 10383.3 -5.55556
285.96 40.7803 8686.2 -5.55556
285.96 40.7831 10082.9 -5.55556
285.96 40.7858 10524.8 -5.55556
285.96 40.7885 10094 -5.55556
285.96 40.7912 11102.9 -5.55556
285.96 40.7939 10195.2 -5.55556
285.96 40.7966 11134.3 -5.55556
285.96 40.7993 10115.6 -5.55556
285.96 40.802 11106.1 -5.55556
285.96 40.8047 10245.9 -5.55556
285.96 40.8075 10510.4 -5.55556
285.96 40.8102 10304.9 -5.55556
285.96 40.8129 10244.3 -5.55556
285.96 40.8156 10036.7 -5.55556
285.96 40.8183 9993.85 -5.55556
285.96 40.821 9659.79 -5.55556
285.96 40.8237 10475.9 -5.55556
285.96 40.8264 10023.1 -5.55556
285.96 40.8292 9201.38 -5.55556
285.96 40.8319 8797.47 -5.55556
285.96 40.8346 10667.1 -5.55556
285.96 40.8373 9930.59 -5.55556
285.96 40.84 7984.74 -5.55556
285.964 40.68 10241.3 -5.55556
285.964 40.6827 10418.3 -5.55556
285.964 40.6854 10271 -5.55556
285.964 40.6881 9903.25 -5.55556
285.964 40.6908 11200.9 -5.55556
285.964 40.6936 10484.4 -5.55556
285.964 40.6963 11505.7 -5.55556
285.964 40.699 9133.71 -5.55556
285.964 40.7017 10008.7 -5.55556
285.964 40.7044 9358.46 -5.55556
285.964 40.7071 8397.78 -5.55556
285.964 40.7098 7046.27 -5.55556
285.964 40.7125 11353.7 -5.55556
285.964 40.7153 8596.46 -5.55556
285.964 40.718 8861.7 -5.55556
285.964 40.7207 9194.53 -5.55556
285.964 40.7234 9301.13 -5.55556
285.964 40.7261 11605.2 -5.55556
285.964 40.7288 11788.5 -5.55556
285.964 40.7315 9009.87 -5.55556
285.964 40.7342 10571.5 -5.55556
285.964 40.7369 10971.4 -5.55556
285.964 40.7397 10055.2 -5.55556
285.964 40.7424 8187.54 -5.55556
285.964 40.7451 10422.1 -5.55556
285.964 40.7478 8545.02 -5.55556
285.964 40.7505 11252.4 -5.55556
285.964 40.7532 10890.3 -5.55556
285.964 40.7559 10133 -5.55556
285.964 40.7586 9412.2 -5.55556
285.964 40.7614 10880.6 -5.55556
285.964 40.7641 7941.7 -5.55556
285.964 40.7668 11138.1 -5.55556
285.964 40.7695 11476.9 -5.55556
285.964 40.7722 11192.7 -5.55556
285.964 40.7749 9329.54 -5.55556
285.964 40.7776 9781.76 -5.55556
285.964 40.7803 9330.46 -5.55556
285.964 40.7831 9525.52 -5.55556
285.964 40.7858 10558.9 -5.55556
285.964 40.7885 10400.5 -5.55556
285.964 40.7912 10078.3 -5.55556
285.964 40.7939 9281.94 -5.55556
285.964 40.7966 10046.5 -5.55556
285.964 40.7993 10675.5 -5.55556
285.964 40.802 11050.9 -5.55556
285.964 40.8047 11451.6 -5.55556
285.964 40.8075 9341.29 -5.55556
285.964 40.8102 10390.2 -5.55556
285.964 40.8129 10249.3 -5.55556
285.964 40.8156 10651.8 -5.55556
285.964 40.8183 9613.12 -5.55556
285.964 40.821 8233.99 -5.55556
285.964 40.8237 10446.6 -5.55556
285.964 40.8264 8315.69 -5.55556
285.964 40.8292 9675.34 -5.55556
285.964 40.8319 10100 -5.55556
285.964 40.8346 10637.1 -5.55556
285.964 40.8373 9488.62 -5.55556
285.964 40.84 7942.1 -5.55556
285.967 40.68 9382.87 -5.55556
285.967 40.6827 10987.1 -5.55556
285.967 40.6854 10881.7 -5.55556
285.967 40.6881 8005.52 -5.55556
285.967 40.6908 9042.32 -5.55556
285.967 40.6936 9676.27 -5.55556
285.967 40.6963 8715.22 -5.55556
285.967 40.699 9685.2 -5.55556
285.967 40.7017 8805.6 -5.55556
285.967 40.7044 9369.11 -5.55556
285.967 40.7071 10968.6 -5.55556
285.967 40.7098 9895.11 -5.55556
285.967 40.7125 9243.12 -5.55556
285.967 40.7153 9506.98 -5.55556
285.967 40.718 11081.2 -5.55556
285.967 40.7207 9779.48 -5.55556
285.967 40.7234 10330 -5.55556
285.967 40.7261 13114.1 -5.55556
285.967 40.7288 11140.5 -5.55556
285.967 40.7315 10071.1 -5.55556
285.967 40.7342 10214.2 -5.55556
285.967 40.7369 10973.8 -5.55556
285.967 40.7397 10441.8 -5.55556
285.967 40.7424 9751.37 -5.55556
285.967 40.7451 8929.32 -5.55556
285.967 40.7478 9199.97 -5.55556
285.967 40.7505 13346.3 -5.55556
285.967 40.7532 8758.95 -5.55556
285.967 40.7559 10624.8 -5.55556
285.967 40.7586 10322.9 -5.55556
285.967 40.7614 10994.2 -5.55556
285.967 40.7641 10128.7 -5.55556
285.967 40.7668 10347.9 -5.55556
285.967 40.7695 10290.1 -5.55556
285.967 40.7722 11108.2 -5.55556
285.967 40.7749 9086.1 -5.55556
285.967 40.7776 10113.7 -5.55556
285.967 40.7803 9500.01 -5.55556
285.967 40.7831 10560.5 -5.55556
285.967 40.7858 11325.4 -5.55556
285.967 40.7885 11464.2 -5.55556
285.967 40.7912 9009.33 -5.55556
285.967 40.7939 10561.2 -5.55556
285.967 40.7966 11290.1 -5.55556
285.967 40.7993 8368.11 -5.55556
285.967 40.802 9545.54 -5.55556
285.967 40.8047 9688.73 -5.55556
285.967 40.8075 11732.5 -5.55556
285.967 40.8102 8474.4 -5.55556
285.967 40.8129 11338.9 -5.55556
285.967 40.8156 9262.63 -5.55556
285.967 40.8183 10610.4 -5.55556
285.967 40.821 8859.58 -5.55556
285.967 40.8237 11240.7 -5.55556
285.967 40.8264 8957.32 -5.55556
285.967 40.8292 10163 -5.55556
285.967 40.8319 11406.3 -5.55556
285.967 40.8346 10622.1 -5.55556
285.967 40.8373 8353.06 -5.55556
285.967 40.84 9839.43 -5.55556
285.971 40.68 10878.7 -5.55556
285.971 40.6827 9910.37 -5.55556
285.971 40.6854 9954.77 -5.55556
285.971 40.6881 8899.27 -5.55556
285.971 40.6908 9720.85 -5.55556
285.971 40.6936 10195.9 -5.55556
285.971 40.6963 8834.27 -5.55556
285.971 40.699 11000 -5.55556
285.971 40.7017 9254.75 -5.55556
285.971 40.7044 11139.2 -5.55556
285.971 40.7071 10140.2 -5.55556
285.971 40.7098 11139.5 -5.55556
285.971 40.7125 11877.5 -5.55556
285.971 40.7153 7689.12 -5.55556
285.971 40.718 9587.39 -5.55556
285.971 40.7207 9095.15 -5.55556
285.971 40.7234 8840.71 -5.55556
285.971 40.7261 9377.67 -5.55556
285.971 40.7288 8927.25 -5.55556
285.971 40.7315 10291.4 -5.55556
285.971 40.7342 10380 -5.55556
285.971 40.7369 8455.37 -5.55556
285.971 40.7397 10170.3 -5.55556
285.971 40.7424 10453.8 -5.55556
285.971 40.7451 8912.32 -5.55556
285.971 40.7478 8651.14 -5.55556
285.971 40.7505 9017.69 -5.55556
285.971 40.7532 9322.41 -5.55556
285.971 40.7559 9621.57 -5.55556
285.971 40.7586 11265.9 -5.55556
285.971 40.7614 10070.6 -5.55556
285.971 40.7641 11176.3 -5.55556
285.971 40.7668 8482.48 -5.55556
285.971 40.7695 8094.35 -5.55556
285.971 40.7722 11262 -5.55556
285.971 40.7749 9507.62 -5.55556
285.971 40.7776 9905.61 -5.55556
285.971 40.7803 10101.4 -5.55556
285.971 40.7831 10488.1 -5.55556
285.971 40.7858 9504.28 -5.55556
285.971 40.7885 8787.28 -5.55556
285.971 40.7912 10003.3 -5.55556
285.971 40.7939 11489.1 -5.55556
285.971 40.7966 7847.78 -5.55556
285.971 40.7993 10754.9 -5.55556
285.971 40.802 9350.7 -5.55556
285.971 40.8047 11113.5 -5.55556
285.971 40.8075 11316.7 -5.55556
285.971 40.8102 10848 -5.55556
285.971 40.8129 11536.3 -5.55556
285.971 40.8156 10304.4 -5.55556
285.971 40.8183 10216.5 -5.55556
285.971 40.821 10625.9 -5.55556
285.971 40.8237 10996.1 -5.55556
285.971 40.8264 10844.3 -5.55556
285.971 40.8292 9435.97 -5.55556
285.971 40.8319 9037.08 -5.55556
285.971 40.8346 10152.7 -5.55556
285.971 40.8373 10440.9 -5.55556
285.971 40.84 9365.07 -5.55556
285.974 40.68 8802.33 -5.55556
285.974 40.6827 10017.1 -5.55556
285.974 40.6854 11654.8 -5.55556
285.974 40.6881 8436.95 -5.55556
285.974 40.6908 9843.12 -5.55556
285.974 40.6936 8837.53 -5.55556
285.974 40.6963 10507 -5.55556
285.974 40.699 10314.2 -5.55556
285.974 40.7017 10011 -5.55556
285.974 40.7044 10260 -5.55556
285.974 40.7071 10619.9 -5.55556
285.974 40.7098 10814.2 -5.55556
285.974 40.7125 9167.25 -5.55556
285.974 40.7153 10297.1 -5.55556
285.974 40.718 10217.7 -5.55556
285.974 40.7207 11575.8 -5.55556
285.974 40.7234 11150.2 -5.55556
285.974 40.7261 7794.72 -5.55556
285.974 40.7288 9804.38 -5.55556
285.974 40.7315 10073.3 -5.55556
285.974 40.7342 11438.8 -5.55556
285.974 40.7369 11368.5 -5.55556
285.974 40.7397 8389.54 -5.55556
285.974 40.7424 11438.6 -5.55556
285.974 40.7451 9809.03 -5.55556
285.974 40.7478 8740.9 -5.55556
285.974 40.7505 8423.82 -5.55556
285.974 40.7532 8726.97 -5.55556
285.974 40.7559 10617.2 -5.55556
285.974 40.7586 11219.1 -5.55556
285.974 40.7614 11760.9 -5.55556
285.974 40.7641 9561.91 -5.55556
285.974 40.7668 11389.6 -5.55556
285.974 40.7695 9363.41 -5.55556
285.974 40.7722 9722.85 -5.55556
285.974 40.7749 10320.2 -5.55556
285.974 40.7776 11889.3 -5.55556
285.974 40.7803 9350.89 -5.55556
285.974 40.7831 10085.8 -5.55556
285.974 40.7858 9509.9 -5.55556
285.974 40.7885 9546.54 -5.55556
285.974 40.7912 9692.51 -5.55556
285.974 40.7939 9541.29 -5.55556
285.974 40.7966 9413.21 -5.55556
285.974 40.7993 10588.6 -5.55556
285.974 40.802 9005.39 -5.55556
285.974 40.8047 8509.24 -5.55556
285.974 40.8075 9179.92 -5.55556
285.974 40.8102 9641.33 -5.55556
285.974 40.8129 8786.41 -5.55556
285.974 40.8156 8042.79 -5.55556
285.974 40.8183 10117.6 -5.55556
285.974 40.821 10554.8 -5.55556
285.974 40.8237 9699.77 -5.55556
285.974 40.8264 10835.6 -5.55556
285.974 40.8292 9715.85 -5.55556
285.974 40.8319 8649.16 -5.55556
285.974 40.8346 10617.5 -5.55556
285.974 40.8373 9269.13 -5.55556
285.974 40.84 10973.5 -5.55556
285.978 40.68 10259.1 -5.55556
285.978 40.6827 8676.22 -5.55556
285.978 40.6854 9046.23 -5.55556
285.978 40.6881 10838.8 -5.55556
285.978 40.6908 8907.07 -5.55556
285.978 40.6936 11238.1 -5.55556
285.978 40.6963 10565.4 -5.55556
285.978 40.699 8801.12 -5.55556
285.978 40.7017 9146.12 -5.55556
285.978 40.7044 11396.2 -5.55556
285.978 40.7071 10245.6 -5.55556
285.978 40.7098 9184.93 -5.55556
285.978 40.7125 10936.7 -5.55556
285.978 40.7153 9491.82 -5.55556
285.978 40.718 9441.37 -5.55556
285.978 40.7207 9834.95 -5.55556
285.978 40.7234 11752.7 -5.55556
285.978 40.7261 9810.77 -5.55556
285.978 40.7288 9106.4 -5.55556
285.978 40.7315 9038.04 -5.55556
285.978 40.7342 11764.3 -5.55556
285.978 40.7369 10971.4 -5.55556
285.978 40.7397 10219.3 -5.55556
285.978 40.7424 11508.8 -5.55556
285.978 40.7451 11098.4 -5.55556
285.978 40.7478 9793.61 -5.55556
285.978 40.7505 9091.84 -5.55556
285.978 40.7532 8594.66 -5.55556
285.978 40.7559 8277.6 -5.55556
285.978 40.7586 9107.3 -5.55556
285.978 40.7614 9805.44 -5.55556
285.978 40.7641 12094.2 -5.55556
285.978 40.7668 10769.6 -5.55556
285.978 40.7695 9326.08 -5.55556
285.978 40.7722 11360.2 -5.55556
285.978 40.7749 8975.17 -5.55556
285.978 40.7776 10438.2 -5.55556
285.978 40.7803 10302.9 -5.55556
285.978 40.7831 9840.71 -5.55556
285.978 40.7858 12563.5 -5.55556
285.978 40.7885 8784.21 -5.55556
285.978 40.7912 9118.2 -5.55556
285.978 40.7939 10057.8 -5.55556
285.978 40.7966 9694.04 -5.55556
285.978 40.7993 9319.03 -5.55556
285.978 40.802 11079.5 -5.55556
285.978 40.8047 10367.1 -5.55556
285.978 40.8075 10588.6 -5.55556
285.978 40.8102 8985.12 -5.55556
285.978 40.8129 8583.23 -5.55556
285.978 40.8156 10838.9 -5.55556
285.978 40.8183 8510.15 -5.55556
285.978 40.821 11278.4 -5.55556
285.978 40.8237 12224.7 -5.55556
285.978 40.8264 10112.9 -5.55556
285.978 40.8292 8247.49 -5.55556
285.978 40.8319 10344.5 -5.55556
285.978 40.8346 8159.49 -5.55556
285.978 40.8373 10127.8 -5.55556
285.978 40.84 9311.4 -5.55556
285.981 40.68 9449.51 -5.55556
285.981 40.6827 11415.5 -5.55556
285.981 40.6854 11205.4 -5.55556
285.981 40.6881 9121.79 -5.55556
285.981 40.6908 9815.51 -5.55556
285.981 40.6936 10005.8 -5.55556
285.981 40.6963 12075.3 -5.55556
285.981 40.699 8963.88 -5.55556
285.981 40.7017 9737.17 -5.55556
285.981 40.7044 8789.9 -5.55556
285.981 40.7071 10815.4 -5.55556
285.981 40.7098 11008.9 -5.55556
285.981 40.7125 11351.2 -5.55556
285.981 40.7153 10454.7 -5.55556
285.981 40.718 9289.72 -5.55556
285.981 40.7207 9267.68 -5.55556
285.981 40.7234 9346.88 -5.55556
285.981 40.7261 9379.46 -5.55556
285.981 40.7288 10496.8 -5.55556
285.981 40.7315 9291.37 -5.55556
285.981 40.7342 9968.24 -5.55556
285.981 40.7369 10091.1 -5.55556
285.981 40.7397 10118.6 -5.55556
285.981 40.7424 9472.43 -5.55556
285.981 40.7451 10459 -5.55556
285.981 40.7478 10954.5 -5.55556
285.981 40.7505 9666.84 -5.55556
285.981 40.7532 10764 -5.55556
285.981 40.7559 8901.88 -5.55556
285.981 40.7586 13488.4 -5.55556
285.981 40.7614 8691.74 -5.55556
285.981 40.7641 9636.67 -5.55556
285.981 40.7668 12926.2 -5.55556
285.981 40.7695 11457.4 -5.55556
285.981 40.7722 8087.56 -5.55556
285.981 40.7749 11083.3 -5.55556
285.981 40.7776 9373.79 -5.55556
285.981 40.7803 9379.55 -5.55556
285.981 40.7831 10875 -5.55556
285.981 40.7858 7990.75 -5.55556
285.981 40.7885 11759 -5.55556
285.981 40.7912 9254.49 -5.55556
285.981 40.7939 9457.07 -5.55556
285.981 40.7966 9529.27 -5.55556
285.981 40.7993 9474.75 -5.55556
285.981 40.802 9525.88 -5.55556
285.981 40.8047 10891 -5.55556
285.981 40.8075 9787.66 -5.55556
285.981 40.8102 12060.5 -5.55556
285.981 40.8129 8941.67 -5.55556
285.981 40.8156 11270.5 -5.55556
285.981 40.8183 10541.2 -5.55556
285.981 40.821 8545.53 -5.55556
285.981 40.8237 8336.17 -5.55556
285.981 40.8264 10650 -5.55556
285.981 40.8292 8869.27 -5.55556
285.981 40.8319 10247.7 -5.55556
285.981 40.8346 11354.8 -5.55556
285.981 40.8373 10020 -5.55556
285.981 40.84 9428.92 -5.55556
285.985 40.68 10416.4 -5.55556
285.985 40.6827 11545.9 -5.55556
285.985 40.6854 9933.69 -5.55556
285.985 40.6881 9527.85 -5.55556
285.985 40.6908 10268.2 -5.55556
285.985 40.6936 8337.46 -5.55556
285.985 40.6963 9363.04 -5.55556
285.985 40.699 9888.74 -5.55556
285.985 40.7017 9978.21 -5.55556
285.985 40.7044 10879.2 -5.55556
285.985 40.7071 9590.97 -5.55556
285.985 40.7098 10817.1 -5.55556
285.985 40.7125 9719.17 -5.55556
285.985 40.7153 11954.3 -5.55556
285.985 40.718 8000.32 -5.55556
285.985 40.7207 8703.2 -5.55556
285.985 40.7234 8651.22 -5.55556
285.985 40.7261 9647.76 -5.55556
285.985 40.7288 8336.39 -5.55556
285.985 40.7315 9972.61 -5.55556
285.985 40.7342 10414.8 -5.55556
285.985 40.7369 10822.5 -5.55556
285.985 40.7397 9520.79 -5.55556
285.985 40.7424 9485.82 -5.55556
285.985 40.7451 9431.32 -5.55556
285.985 40.7478 10327.4 -5.55556
285.985 40.7505 10056.3 -5.55556
285.985 40.7532 11760.2 -5.55556
285.985 40.7559 9177.3 -5.55556
285.985 40.7586 8855.26 -5.55556
285.985 40.7614 8327.79 -5.55556
285.985 40.7641 7678.59 -5.55556
285.985 40.7668 10430.9 -5.55556
285.985 40.7695 10570.5 -5.55556
285.985 40.7722 9330.38 -5.55556
285.985 40.7749 9960.12 -5.55556
285.985 40.7776 8404.09 -5.55556
285.985 40.7803 8615.6 -5.55556
285.985 40.7831 10771 -5.55556
285.985 40.7858 10609.8 -5.55556
285.985 40.7885 9133.62 -5.55556
285.985 40.7912 8901.78 -5.55556
285.985 40.7939 10550.4 -5.55556
285.985 40.7966 8403.31 -5.55556
285.985 40.7993 9255.03 -5.55556
285.985 40.802 10371.3 -5.55556
285.985 40.8047 10317.5 -5.55556
285.985 40.8075 11882.7 -5.55556
285.985 40.8102 10576.6 -5.55556
285.985 40.8129 9522.83 -5.55556
285.985 40.8156 9311.97 -5.55556
285.985 40.8183 10062.1 -5.55556
285.985 40.821 9327.72 -5.55556
285.985 40.8237 9725.49 -5.55556
285.985 40.8264 9628.49 -5.55556
285.985 40.8292 9988.49 -5.55556
285.985 40.8319 11445 -5.55556
285.985 40.8346 8983.2 -5.55556
285.985 40.8373 10657.8 -5.55556
285.985 40.84 9909.8 -5.55556
285.988 40.68 10811.8 -5.55556
285.988 40.6827 7703.59 -5.55556
285.988 40.6854 9804.66 -5.55556
285.988 40.6881 9628.59 -5.55556
285.988 40.6908 9279.28 -5.55556
285.988 40.6936 8665.41 -5.55556
285.988 40.6963 10765.6 -5.55556
285.988 40.699 10707.8 -5.55556
285.988 40.7017 8200.64 -5.55556
285.988 40.7044 11537 -5.55556
285.988 40.7071 10275.4 -5.55556
285.988 40.7098 11060.8 -5.55556
285.988 40.7125 9307.85 -5.55556
285.988 40.7153 9321.03 -5.55556
285.988 40.718 9503.32 -5.55556
285.988 40.7207 9443.9 -5.55556
285.988 40.7234 10061 -5.55556
285.988 40.7261 10194.5 -5.55556
285.988 40.7288 10856.3 -5.55556
285.988 40.7315 8695.4 -5.55556
285.988 40.7342 9917.17 -5.55556
285.988 40.7369 11377.2 -5.55556
285.988 40.7397 11254.7 -5.55556
285.988 40.7424 10830.3 -5.55556
285.988 40.7451 9847.29 -5.55556
285.988 40.7478 10338.2 -5.55556
285.988 40.7505 11069 -5.55556
285.988 40.7532 9756.54 -5.55556
285.988 40.7559 11392.2 -5.55556
285.988 40.7586 9300.22 -5.55556
285.988 40.7614 11693 -5.55556
285.988 40.7641 9681.54 -5.55556
285.988 40.7668 10258.1 -5.55556
285.988 40.7695 9764.41 -5.55556
285.988 40.7722 9513.83 -5.55556
285.988 40.7749 10495.8 -5.55556
285.988 40.7776 10440.7 -5.55556
285.988 40.7803 9291.17 -5.55556
285.988 40.7831 12001 -5.55556
285.988 40.7858 9307.53 -5.55556
285.988 40.7885 8653.87 -5.55556
285.988 40.7912 11282 -5.55556
285.988 40.7939 8117.03 -5.55556
285.988 40.7966 10487.4 -5.55556
285.988 40.7993 10430.8 -5.55556
285.988 40.802 11324.6 -5.55556
285.988 40.8047 9349.35 -5.55556
285.988 40.8075 11743.7 -5.55556
285.988 40.8102 8764.32 -5.55556
285.988 40.8129 10757.6 -5.55556
285.988 40.8156 10539.8 -5.55556
285.988 40.8183 8279.24 -5.55556
285.988 40.821 9969.92 -5.55556
285.988 40.8237 9761.95 -5.55556
285.988 40.8264 10084.3 -5.55556
285.988 40.8292 9756.87 -5.55556
285.988 40.8319 9900.44 -5.55556
285.988 40.8346 9119.52 -5.55556
285.988 40.8373 9392.21 -5.55556
285.988 40.84 10151.6 -5.55556
285.992 40.68 10330.5 -5.55556
285.992 40.6827 10105.7 -5.55556
285.992 40.6854 8898.71 -5.55556
285.992 40.6881 12705.6 -5.55556
285.992 40.6908 9317.48 -5.55556
285.992 40.6936 9026.1 -5.55556
285.992 40.6963 9613.71 -5.55556
285.992 40.699 11019.7 -5.55556
285.992 40.7017 10669.8 -5.55556
285.992 40.7044 9012.56 -5.55556
285.992 40.7071 9597.95 -5.55556
285.992 40.7098 8682.31 -5.55556
285.992 40.7125 8477.84 -5.55556
285.992 40.7153 10469.2 -5.55556
285.992 40.718 10715 -5.55556
285.992 40.7207 11720.5 -5.55556
285.992 40.7234 11500.8 -5.55556
285.992 40.7261 10088.9 -5.55556
285.992 40.7288 10351.6 -5.55556
285.992 40.7315 8486.71 -5.55556
285.992 40.7342 8907.12 -5.55556
285.992 40.7369 10930.3 -5.55556
285.992 40.7397 9259.33 -5.55556
285.992 40.7424 8732.97 -5.55556
285.992 40.7451 11310.7 -5.55556
285.992 40.7478 8971.18 -5.55556
285.992 40.7505 12517 -5.55556
285.992 40.7532 9324.12 -5.55556
285.992 40.7559 10121.8 -5.55556
285.992 40.7586 9768.4 -5.55556
285.992 40.7614 9627.43 -5.55556
285.992 40.7641 7709.82 -5.55556
285.992 40.7668 9966.41 -5.55556
285.992 40.7695 8243.8 -5.55556
285.992 40.7722 9442.01 -5.55556
285.992 40.7749 9382.21 -5.55556
285.992 40.7776 10386.8 -5.55556
285.992 40.7803 10720.4 -5.55556
285.992 40.7831 8545.07 -5.55556
285.992 40.7858 10535.6 -5.55556
285.992 40.7885 11252.9 -5.55556
285.992 40.7912 9774.03 -5.55556
285.992 40.7939 8381.24 -5.55556
285.992 40.7966 8366.52 -5.55556
285.992 40.7993 10799.5 -5.55556
285.992 40.802 11144.3 -5.55556
285.992 40.8047 10606.9 -5.55556
285.992 40.8075 10219.2 -5.55556
285.992 40.8102 10114.4 -5.55556
285.992 40.8129 9359.6 -5.55556
285.992 40.8156 8502.94 -5.55556
285.992 40.8183 8590.95 -5.55556
285.992 40.821 8902.47 -5.55556
285.992 40.8237 9174.58 -5.55556
285.992 40.8264 9715.46 -5.55556
285.992 40.8292 9450.39 -5.55556
285.992 40.8319 10949.4 -5.55556
285.992 40.8346 10807.6 -5.55556
285.992 40.8373 10352.1 -5.55556
285.992 40.84 9681.97 -5.55556
285.995 40.68 8637.3 -5.55556
285.995 40.6827 9277.19 -5.55556
285.995 40.6854 11529.6 -5.55556
285.995 40.6881 9847.87 -5.55556
285.995 40.6908 9275.95 -5.55556
285.995 40.6936 11071.4 -5.55556
285.995 40.6963 9243.5 -5.55556
285.995 40.699 11975.9 -5.55556
285.995 40.7017 8889.5 -5.55556
285.995 40.7044 12077.5 -5.55556
285.995 40.7071 10199.3 -5.55556
285.995 40.7098 9692.48 -5.55556
285.995 40.7125 10022.3 -5.55556
285.995 40.7153 12691.3 -5.55556
285.995 40.718 10210.6 -5.55556
285.995 40.7207 10867.9 -5.55556
285.995 40.7234 10381.5 -5.55556
285.995 40.7261 11178.8 -5.55556
285.995 40.7288 9785.54 -5.55556
285.995 40.7315 9787.52 -5.55556
285.995 40.7342 10360.4 -5.55556
285.995 40.7369 8697.06 -5.55556
285.995 40.7397 10745.6 -5.55556
285.995 40.7424 8623.39 -5.55556
285.995 40.7451 10337.8 -5.55556
285.995 40.7478 8759.59 -5.55556
285.995 40.7505 10746.7 -5.55556
285.995 40.7532 9616.06 -5.55556
285.995 40.7559 11184.2 -5.55556
285.995 40.7586 9098.47 -5.55556
285.995 40.7614 10877.3 -5.55556
285.995 40.7641 11761.8 -5.55556
285.995 40.7668 9585.37 -5.55556
285.995 40.7695 10280.2 -5.55556
285.995 40.7722 9318.04 -5.55556
285.995 40.7749 8517.38 -5.55556
285.995 40.7776 9665.3 -5.55556
285.995 40.7803 9378.56 -5.55556
285.995 40.7831 10586.2 -5.55556
285.995 40.7858 9797.11 -5.55556
285.995 40.7885 8665.76 -5.55556
285.995 40.7912 9938.85 -5.55556
285.995 40.7939 10020.7 -5.55556
285.995 40.7966 8277.59 -5.55556
285.995 40.7993 12263.7 -5.55556
285.995 40.802 9736.88 -5.55556
285.995 40.8047 9979.64 -5.55556
285.995 40.8075 9980.85 -5.55556
285.995 40.8102 8255.87 -5.55556
285.995 40.8129 9027.47 -5.55556
285.995 40.8156 9791.82 -5.55556
285.995 40.8183 8719.86 -5.55556
285.995 40.821 11193.4 -5.55556
285.995 40.8237 10983.2 -5.55556
285.995 40.8264 9968.19 -5.55556
285.995 40.8292 9742.75 -5.55556
285.995 40.8319 9875.76 -5.55556
285.995 40.8346 9971.08 -5.55556
285.995 40.8373 10083.6 -5.55556
285.995 40.84 9381.93 -5.55556
285.999 40.68 11247.8 -5.55556
285.999 40.6827 9933.51 -5.55556
285.999 40.6854 9658.06 -5.55556
285.999 40.6881 9179.29 -5.55556
285.999 40.6908 10356.6 -5.55556
285.999 40.6936 9104.33 -5.55556
285.999 40.6963 8873.5 -5.55556
285.999 40.699 8953.39 -5.55556
285.999 40.7017 11654.5 -5.55556
285.999 40.7044 10369.7 -5.55556
285.999 40.7071 10620.4 -5.55556
285.999 40.7098 8232.46 -5.55556
285.999 40.7125 9440.19 -5.55556
285.999 40.7153 9256.46 -5.55556
285.999 40.718 11074.6 -5.55556
285.999 40.7207 10111.3 -5.55556
285.999 40.7234 10379.7 -5.55556
285.999 40.7261 10726.4 -5.55556
285.999 40.7288 10792.2 -5.55556
285.999 40.7315 9637.48 -5.55556
285.999 40.7342 10490.2 -5.55556
285.999 40.7369 8523.17 -5.55556
285.999 40.7397 11169.3 -5.55556
285.999 40.7424 10351.7 -5.55556
285.999 40.7451 9652.44 -5.55556
285.999 40.7478 10133.1 -5.55556
285.999 40.7505 11025 -5.55556
285.999 40.7532 10547.9 -5.55556
285.999 40.7559 9753.85 -5.55556
285.999 40.7586 9991.45 -5.55556
285.999 40.7614 10850.1 -5.55556
285.999 40.7641 9946.22 -5.55556
285.999 40.7668 8090.82 -5.55556
285.999 40.7695 9035.82 -5.55556
285.999 40.7722 10322.6 -5.55556
285.999 40.7749 8557.34 -5.55556
285.999 40.7776 8519.66 -5.55556
285.999 40.7803 8478.28 -5.55556
285.999 40.7831 8525.34 -5.55556
285.999 40.7858 9861.74 -5.55556
285.999 40.7885 8884.17 -5.55556
285.999 40.7912 11144.4 -5.55556
285.999 40.7939 9945.97 -5.55556
285.999 40.7966 10163.6 -5.55556
285.999 40.7993 11202.5 -5.55556
285.999 40.802 10061.6 -5.55556
285.999 40.8047 8916.48 -5.55556
285.999 40.8075 9184.2 -5.55556
285.999 40.8102 10790.9 -5.55556
285.999 40.8129 9492.37 -5.55556
285.999 40.8156 7904.68 -5.55556
285.999 40.8183 8237.12 -5.55556
285.999 40.821 9926.28 -5.55556
285.999 40.8237 10892 -5.55556
285.999 40.8264 9466.96 -5.55556
285.999 40.8292 9434.44 -5.55556
285.999 40.8319 7387.79 -5.55556
285.999 40.8346 10474.7 -5.55556
285.999 40.8373 10633.4 -5.55556
285.999 40.84 9292.74 -5.55556
286.002 40.68 10648.4 -5.55556
286.002 40.6827 10547.3 -5.55556
286.002 40.6854 12033.9 -5.55556
286.002 40.6881 10980.5 -5.55556
286.002 40.6908 8460.49 -5.55556
286.002 40.6936 10676.2 -5.55556
286.002 40.6963 9689.74 -5.55556
286.002 40.699 10239.8 -5.55556
286.002 40.7017 9051.25 -5.55556
286.002 40.7044 11086.3 -5.55556
286.002 40.7071 10498.6 -5.55556
286.002 40.7098 10777.5 -5.55556
286.002 40.7125 9868.56 -5.55556
286.002 40.7153 9663.57 -5.55556
286.002 40.718 11482.8 -5.55556
286.002 40.7207 10842.2 -5.55556
286.002 40.7234 8585.12 -5.55556
286.002 40.7261 7822.02 -5.55556
286.002 40.7288 11056.9 -5.55556
286.002 40.7315 10896.6 -5.55556
286.002 40.7342 9505.79 -5.55556
286.002 40.7369 8705.55 -5.55556
286.002 40.7397 9839.84 -5.55556
286.002 40.7424 11818.1 -5.55556
286.002 40.7451 10362.2 -5.55556
286.002 40.7478 10414.2 -5.55556
286.002 40.7505 10881.1 -5.55556
286.002 40.7532 10481.1 -5.55556
286.002 40.7559 10710.1 -5.55556
286.002 40.7586 9291.76 -5.55556
286.002 40.7614 8901.84 -5.55556
286.002 40.7641 10458.6 -5.55556
286.002 40.7668 10084.7 -5.55556
286.002 40.7695 8971.36 -5.55556
286.002 40.7722 11687 -5.55556
286.002 40.7749 9646.61 -5.55556
286.002 40.7776 8777.72 -5.55556
286.002 40.7803 10087.6 -5.55556
286.002 40.7831 9214.05 -5.55556
286.002 40.7858 11121.7 -5.55556
286.002 40.7885 11042 -5.55556
286.002 40.7912 9728.88 -5.55556
286.002 40.7939 11009.9 -5.55556
286.002 40.7966 9473.61 -5.55556
286.002 40.7993 10325.6 -5.55556
286.002 40.802 11424.1 -5.55556
286.002 40.8047 10604.5 -5.55556
286.002 40.8075 8987.73 -5.55556
286.002 40.8102 10583.7 -5.55556
286.002 40.8129 9528.44 -5.55556
286.002 40.8156 10161.8 -5.55556
286.002 40.8183 10511.1 -5.55556
286.002 40.821 9099.84 -5.55556
286.002 40.8237 11120.4 -5.55556
286.002 40.8264 10533.5 -5.55556
286.002 40.8292 10182.4 -5.55556
286.002 40.8319 10617.4 -5.55556
286.002 40.8346 11246.5 -5.55556
286.002 40.8373 9593.5 -5.55556
286.002 40.84 11251.3 -5.55556
286.006 40.68 9687.25 -5.55556
286.006 40.6827 9384.62 -5.55556
286.006 40.6854 10552.4 -5.55556
286.006 40.6881 11678.8 -5.55556
286.006 40.6908 8485.56 -5.55556
286.006 40.6936 11196.3 -5.55556
286.006 40.6963 9025.98 -5.55556
286.006 40.699 11099.6 -5.55556
286.006 40.7017 7743.73 -5.55556
286.006 40.7044 9172.04 -5.55556
286.006 40.7071 10615.5 -5.55556
286.006 40.7098 12058.5 -5.55556
286.006 40.7125 9530.23 -5.55556
286.006 40.7153 10293.7 -5.55556
286.006 40.718 9823.89 -5.55556
286.006 40.7207 8814.07 -5.55556
286.006 40.7234 9196.13 -5.55556
286.006 40.7261 11066.1 -5.55556
286.006 40.7288 9731.44 -5.55556
286.006 40.7315 12177.3 -5.55556
286.006 40.7342 9990.12 -5.55556
286.006 40.7369 12217.4 -5.55556
286.006 40.7397 11419.3 -5.55556
286.006 40.7424 10231.7 -5.55556
286.006 40.7451 10396.4 -5.55556
286.006 40.7478 11039.1 -5.55556
286.006 40.7505 10970.5 -5.55556
286.006 40.7532 9278.22 -5.55556
286.006 40.7559 10498.6 -5.55556
286.006 40.7586 8876.06 -5.55556
286.006 40.7614 9226.56 -5.55556
286.006 40.7641 10310.5 -5.55556
286.006 40.7668 8935.87 -5.55556
286.006 40.7695 10297.9 -5.55556
286.006 40.7722 10451.7 -5.55556
286.006 40.7749 10251.9 -5.55556
286.006 40.7776 9660.68 -5.55556
286.006 40.7803 12961.9 -5.55556
286.006 40.7831 9463.03 -5.55556
286.006 40.7858 10559.5 -5.55556
286.006 40.7885 8737.02 -5.55556
286.006 40.7912 10749.9 -5.55556
286.006 40.7939 9975.64 -5.55556
286.006 40.7966 10192.1 -5.55556
286.006 40.7993 9594.22 -5.55556
286.006 40.802 9825.92 -5.55556
286.006 40.8047 8519.87 -5.55556
286.006 40.8075 10456.2 -5.55556
286.006 40.8102 12419.8 -5.55556
286.006 40.8129 11382.1 -5.55556
286.006 40.8156 8789.69 -5.55556
286.006 40.8183 10470.9 -5.55556
286.006 40.821 9420.84 -5.55556
286.006 40.8237 9078.43 -5.55556
286.006 40.8264 9124.84 -5.55556
286.006 40.8292 9220.19 -5.55556
286.006 40.8319 10391 -5.55556
286.006 40.8346 9904.45 -5.55556
286.006 40.8373 10908.8 -5.55556
286.006 40.84 10848.3 -5.55556
286.009 40.68 11071 -5.55556
286.009 40.6827 8780.13 -5.55556
286.009 40.6854 11539.5 -5.55556
286.009 40.6881 11786.4 -5.55556
286.009 40.6908 7928.34 -5.55556
286.009 40.6936 10331.5 -5.55556
286.009 40.6963 7136.76 -5.55556
286.009 40.699 10531.1 -5.55556
286.009 40.7017 9778.79 -5.55556
286.009 40.7044 11567.9 -5.55556
286.009 40.7071 10492.5 -5.55556
286.009 40.7098 8684.57 -5.55556
286.009 40.7125 9520.9 -5.55556
286.009 40.7153 10281.5 -5.55556
286.009 40.718 9393.77 -5.55556
286.009 40.7207 9111.71 -5.55556
286.009 40.7234 10336 -5.55556
286.009 40.7261 10469.4 -5.55556
286.009 40.7288 10168.3 -5.55556
286.009 40.7315 11628.2 -5.55556
286.009 40.7342 10648.6 -5.55556
286.009 40.7369 10294 -5.55556
286.009 40.7397 10676.9 -5.55556
286.009 40.7424 10202.6 -5.55556
286.009 40.7451 11244.8 -5.55556
286.009 40.7478 11116.5 -5.55556
286.009 40.7505 9855.58 -5.55556
286.009 40.7532 8729.46 -5.55556
286.009 40.7559 11102.7 -5.55556
286.009 40.7586 10190.7 -5.55556
286.009 40.7614 9494.22 -5.55556
286.009 40.7641 9239.31 -5.55556
286.009 40.7668 9509.75 -5.55556
286.009 40.7695 10381.8 -5.55556
286.009 40.7722 10637 -5.55556
286.009 40.7749 10492.1 -5.55556
286.009 40.7776 9431.92 -5.55556
286.009 40.7803 9642.19 -5.55556
286.009 40.7831 9497.43 -5.55556
286.009 40.7858 10243.6 -5.55556
286.009 40.7885 9798 -5.55556
286.009 40.7912 10947.5 -5.55556
286.009 40.7939 9288.75 -5.55556
286.009 40.7966 10405.1 -5.55556
286.009 40.7993 10681.5 -5.55556
286.009 40.802 10032.8 -5.55556
286.009 40.8047 9708.57 -5.55556
286.009 40.8075 9318.57 -5.55556
286.009 40.8102 10040.3 -5.55556
286.009 40.8129 9937.29 -5.55556
286.009 40.8156 8383.63 -5.55556
286.009 40.8183 7466.67 -5.55556
286.009 40.821 10308.3 -5.55556
286.009 40.8237 11918.3 -5.55556
286.009 40.8264 12411 -5.55556
286.009 40.8292 10018.6 -5.55556
286.009 40.8319 9975.72 -5.55556
286.009 40.8346 8833.47 -5.55556
286.009 40.8373 10189.9 -5.55556
286.009 40.84 9711.43 -5.55556
286.013 40.68 8668.93 -5.55556
286.013 40.6827 11695.4 -5.55556
286.013 40.6854 9739.18 -5.55556
286.013 40.6881 8671.88 -5.55556
286.013 40.6908 9506.96 -5.55556
286.013 40.6936 10460.4 -5.55556
286.013 40.6963 10791.5 -5.55556
286.013 40.699 11048.8 -5.55556
286.013 40.7017 10130.8 -5.55556
286.013 40.7044 9797.47 -5.55556
286.013 40.7071 11518.3 -5.55556
286.013 40.7098 9074.95 -5.55556
286.013 40.7125 11504.2 -5.55556
286.013 40.7153 11029.3 -5.55556
286.013 40.718 10537.8 -5.55556
286.013 40.7207 10503.1 -5.55556
286.013 40.7234 9220.47 -5.55556
286.013 40.7261 11673.2 -5.55556
286.013 40.7288 8529.18 -5.55556
286.013 40.7315 8504.11 -5.55556
286.013 40.7342 9330.79 -5.55556
286.013 40.7369 10865.4 -5.55556
286.013 40.7397 9949.94 -5.55556
286.013 40.7424 9502.16 -5.55556
286.013 40.7451 10797.1 -5.55556
286.013 40.7478 11474.6 -5.55556
286.013 40.7505 9921.5 -5.55556
286.013 40.7532 10565.2 -5.55556
286.013 40.7559 10661 -5.55556
286.013 40.7586 10484.2 -5.55556
286.013 40.7614 8399.32 -5.55556
286.013 40.7641 9318.83 -5.55556
286.013 40.7668 9315.76 -5.55556
286.013 40.7695 11182.2 -5.55556
286.013 40.7722 10621.5 -5.55556
286.013 40.7749 8670.76 -5.55556
286.013 40.7776 11630.5 -5.55556
286.013 40.7803 10177.1 -5.55556
286.013 40.7831 10385.1 -5.55556
286.013 40.7858 10642.1 -5.55556
286.013 40.7885 10536.2 -5.55556
286.013 40.7912 10575.8 -5.55556
286.013 40.7939 10022.1 -5.55556
286.013 40.7966 9660.78 -5.55556
286.013 40.7993 8669.7 -5.55556
286.013 40.802 11658.1 -5.55556
286.013 40.8047 10276.7 -5.55556
286.013 40.8075 8066.11 -5.55556
286.013 40.8102 9820.4 -5.55556
286.013 40.8129 10348.3 -5.55556
286.013 40.8156 7880.18 -5.55556
286.013 40.8183 10027 -5.55556
286.013 40.821 11051.2 -5.55556
286.013 40.8237 10587.9 -5.55556
286.013 40.8264 10058.2 -5.55556
286.013 40.8292 10074.1 -5.55556
286.013 40.8319 8441.63 -5.55556
286.013 40.8346 8815.07 -5.55556
286.013 40.8373 9879.14 -5.55556
286.013 40.84 7270.59 -5.55556
286.016 40.68 10914.2 -5.55556
286.016 40.6827 10588.3 -5.55556
286.016 40.6854 11012.9 -5.55556
286.016 40.6881 10206 -5.55556
286.016 40.6908 8741.55 -5.55556
286.016 40.6936 9471.88 -5.55556
286.016 40.6963 11340.8 -5.55556
286.016 40.699 8928.16 -5.55556
286.016 40.7017 10832.8 -5.55556
286.016 40.7044 10595.3 -5.55556
286.016 40.7071 7907.67 -5.55556
286.016 40.7098 9883.26 -5.55556
286.016 40.7125 9043.8 -5.55556
286.016 40.7153 10297.8 -5.55556
286.016 40.718 11278.2 -5.55556
286.016 40.7207 10292.1 -5.55556
286.016 40.7234 9470.26 -5.55556
286.016 40.7261 9904.59 -5.55556
286.016 40.7288 10516.3 -5.55556
286.016 40.7315 10592.6 -5.55556
286.016 40.7342 10534.3 -5.55556
286.016 40.7369 10449.6 -5.55556
286.016 40.7397 9050.44 -5.55556
286.016 40.7424 11173.2 -5.55556
286.016 40.7451 9448.72 -5.55556
286.016 40.7478 9302.95 -5.55556
286.016 40.7505 10880.2 -5.55556
286.016 40.7532 10288.4 -5.55556
286.016 40.7559 10850.3 -5.55556
286.016 40.7586 10531.5 -5.55556
286.016 40.7614 10243.9 -5.55556
286.016 40.7641 9902.06 -5.55556
286.016 40.7668 10573.6 -5.55556
286.016 40.7695 8091.52 -5.55556
286.016 40.7722 10050.3 -5.55556
286.016 40.7749 11632.9 -5.55556
286.016 40.7776 9276.95 -5.55556
286.016 40.7803 9443.82 -5.55556
286.016 40.7831 9024.31 -5.55556
286.016 40.7858 10645.3 -5.55556
286.016 40.7885 10029.6 -5.55556
286.016 40.7912 9451.69 -5.55556
286.016 40.7939 10247.2 -5.55556
286.016 40.7966 8549.95 -5.55556
286.016 40.7993 10743 -5.55556
286.016 40.802 10288.7 -5.55556
286.016 40.8047 10662.9 -5.55556
286.016 40.8075 9171.46 -5.55556
286.016 40.8102 11987.5 -5.55556
286.016 40.8129 10889.3 -5.55556
286.016 40.8156 9707.87 -5.55556
286.016 40.8183 9799.57 -5.55556
286.016 40.821 10059.3 -5.55556
286.016 40.8237 8492.11 -5.55556
286.016 40.8264 8486.53 -5.55556
286.016 40.8292 9786.6 -5.55556
286.016 40.8319 9682.13 -5.55556
286.016 40.8346 8529.7 -5.55556
286.016 40.8373 8580.13 -5.55556
286.016 40.84 7875.02 -5.55556
286.02 40.68 8891.4 -5.55556
286.02 40.6827 9657.12 -5.55556
286.02 40.6854 10389 -5.55556
286.02 40.6881 11133 -5.55556
286.02 40.6908 9461.38 -5.55556
286.02 40.6936 10081.4 -5.55556
286.02 40.6963 9194.45 -5.55556
286.02 40.699 7797.76 -5.55556
286.02 40.7017 9552.9 -5.55556
286.02 40.7044 9876.3 -5.55556
286.02 40.7071 10620.8 -5.55556
286.02 40.7098 9997.35 -5.55556
286.02 40.7125 10184.3 -5.55556
286.02 40.7153 10513.9 -5.55556
286.02 40.718 11450.8 -5.55556
286.02 40.7207 10385 -5.55556
286.02 40.7234 9923.36 -5.55556
286.02 40.7261 10049.6 -5.55556
286.02 40.7288 9743.96 -5.55556
286.02 40.7315 10171.8 -5.55556
286.02 40.7342 11777.9 -5.55556
286.02 40.7369 8183.09 -5.55556
286.02 40.7397 10567 -5.55556
286.02 40.7424 10963.2 -5.55556
286.02 40.7451 9921.33 -5.55556
286.02 40.7478 10483.2 -5.55556
286.02 40.7505 8765.81 -5.55556
286.02 40.7532 12421.6 -5.55556
286.02 40.7559 10305 -5.55556
286.02 40.7586 10071.9 -5.55556
286.02 40.7614 9389.08 -5.55556
286.02 40.7641 10356.5 -5.55556
286.02 40.7668 10232 -5.55556
286.02 40.7695 10883.3 -5.55556
286.02 40.7722 9284.78 -5.55556
286.02 40.7749 10291.9 -5.55556
286.02 40.7776 11753.6 -5.55556
286.02 40.7803 9967.68 -5.55556
286.02 40.7831 11420.2 -5.55556
286.02 40.7858 10861.1 -5.55556
286.02 40.7885 10350.5 -5.55556
286.02 40.7912 8854.68 -5.55556
286.02 40.7939 10846.4 -5.55556
286.02 40.7966 9684.15 -5.55556
286.02 40.7993 8128.26 -5.55556
286.02 40.802 9348.1 -5.55556
286.02 40.8047 10742.4 -5.55556
286.02 40.8075 8402.78 -5.55556
286.02 40.8102 10856.8 -5.55556
286.02 40.8129 10106.4 -5.55556
286.02 40.8156 9080.21 -5.55556
286.02 40.8183 10362.6 -5.55556
286.02 40.821 12039.6 -5.55556
286.02 40.8237 8772.12 -5.55556
286.02 40.8264 9645.55 -5.55556
286.02 40.8292 9369.6 -5.55556
286.02 40.8319 10459.5 -5.55556
286.02 40.8346 10313.2 -5.55556
286.02 40.8373 10337.2 -5.55556
286.02 40.84 8944.78 -5.55556
286.024 40.68 9494.79 -5.55556
286.024 40.6827 12538.5 -5.55556
286.024 40.6854 10701.6 -5.55556
286.024 40.6881 8915.83 -5.55556
286.024 40.6908 8110.1 -5.55556
286.024 40.6936 11228.9 -5.55556
286.024 40.6963 9742.06 -5.55556
286.024 40.699 10830 -5.55556
286.024 40.7017 10572.2 -5.55556
286.024 40.7044 11086 -5.55556
286.024 40.7071 11101.9 -5.55556
286.024 40.7098 9149.16 -5.55556
286.024 40.7125 8944.26 -5.55556
286.024 40.7153 10750.4 -5.55556
286.024 40.718 11726.1 -5.55556
286.024 40.7207 9879.1 -5.55556
286.024 40.7234 10397.6 -5.55556
286.024 40.7261 9539.97 -5.55556
286.024 40.7288 10336.5 -5.55556
286.024 40.7315 7917.1 -5.55556
286.024 40.7342 9971.4 -5.55556
286.024 40.7369 10060.9 -5.55556
286.024 40.7397 10634.5 -5.55556
286.024 40.7424 9106.68 -5.55556
286.024 40.7451 9660.93 -5.55556
286.024 40.7478 10826.2 -5.55556
286.024 40.7505 9455.57 -5.55556
286.024 40.7532 10997 -5.55556
286.024 40.7559 11590 -5.55556
286.024 40.7586 9212.36 -5.55556
286.024 40.7614 10746.6 -5.55556
286.024 40.7641 11021.1 -5.55556
286.024 40.7668 9948.67 -5.55556
286.024 40.7695 9728.52 -5.55556
286.024 40.7722 11214.2 -5.55556
286.024 40.7749 11146.6 -5.55556
286.024 40.7776 9944.59 -5.55556
286.024 40.7803 10760.7 -5.55556
286.024 40.7831 11742.6 -5.55556
286.024 40.7858 11111.8 -5.55556
286.024 40.7885 9571.32 -5.55556
286.024 40.7912 10359.8 -5.55556
286.024 40.7939 11269.6 -5.55556
286.024 40.7966 10469.1 -5.55556
286.024 40.7993 8304.21 -5.55556
286.024 40.802 10210 -5.55556
286.024 40.8047 10590.6 -5.55556
286.024 40.8075 8281.46 -5.55556
286.024 40.8102 8965.11 -5.55556
286.024 40.8129 11393.3 -5.55556
286.024 40.8156 9697.9 -5.55556
286.024 40.8183 10573.7 -5.55556
286.024 40.821 11968.5 -5.55556
286.024 40.8237 10516.4 -5.55556
286.024 40.8264 9039.66 -5.55556
286.024 40.8292 10495.3 -5.55556
286.024 40.8319 10492.5 -5.55556
286.024 40.8346 9871.76 -5.55556
286.024 40.8373 9745.19 -5.55556
286.024 40.84 10484.5 -5.55556
286.027 40.68 8942.86 -5.55556
286.027 40.6827 9619.37 -5.55556
286.027 40.6854 9674.37 -5.55556
286.027 40.6881 11021.4 -5.55556
286.027 40.6908 10846.7 -5.55556
286.027 40.6936 10118.2 -5.55556
286.027 40.6963 8910.37 -5.55556
286.027 40.699 9587.67 -5.55556
286.027 40.7017 13866.7 -5.55556
286.027 40.7044 10097.1 -5.55556
286.027 40.7071 11352.9 -5.55556
286.027 40.7098 10077.7 -5.55556
286.027 40.7125 10789.1 -5.55556
286.027 40.7153 12114.2 -5.55556
286.027 40.718 9613.27 -5.55556
286.027 40.7207 9978.63 -5.55556
286.027 40.7234 11299.1 -5.55556
286.027 40.7261 11213.9 -5.55556
286.027 40.7288 8645.63 -5.55556
286.027 40.7315 8374.31 -5.55556
286.027 40.7342 10658.2 -5.55556
286.027 40.7369 9453.77 -5.55556
286.027 40.7397 10960.2 -5.55556
286.027 40.7424 8799.43 -5.55556
286.027 40.7451 8668.56 -5.55556
286.027 40.7478 10458.5 -5.55556
286.027 40.7505 10763.4 -5.55556
286.027 40.7532 10516.1 -5.55556
286.027 40.7559 9792.71 -5.55556
286.027 40.7586 11649.5 -5.55556
286.027 40.7614 8556.28 -5.55556
286.027 40.7641 9842.08 -5.55556
286.027 40.7668 10881.9 -5.55556
286.027 40.7695 8982.53 -5.55556
286.027 40.7722 9003.04 -5.55556
286.027 40.7749 8911.04 -5.55556
286.027 40.7776 9876.98 -5.55556
286.027 40.7803 13207.5 -5.55556
286.027 40.7831 10023.5 -5.55556
286.027 40.7858 9843.9 -5.55556
286.027 40.7885 10214.2 -5.55556
286.027 40.7912 10898.2 -5.55556
286.027 40.7939 10783.4 -5.55556
286.027 40.7966 9430.43 -5.55556
286.027 40.7993 11910.3 -5.55556
286.027 40.802 9626.2 -5.55556
286.027 40.8047 9120.91 -5.55556
286.027 40.8075 11263.6 -5.55556
286.027 40.8102 12021.2 -5.55556
286.027 40.8129 11452.6 -5.55556
286.027 40.8156 9805.54 -5.55556
286.027 40.8183 10011.7 -5.55556
286.027 40.821 9019.67 -5.55556
286.027 40.8237 9295.17 -5.55556
286.027 40.8264 10451.3 -5.55556
286.027 40.8292 9878.5 -5.55556
286.027 40.8319 11051.5 -5.55556
286.027 40.8346 10412.2 -5.55556
286.027 40.8373 11489.6 -5.55556
286.027 40.84 10127.9 -5.55556
286.031 40.68 10695.4 -5.55556
286.031 40.6827 11283.6 -5.55556
286.031 40.6854 11162 -5.55556
286.031 40.6881 9685.63 -5.55556
286.031 40.6908 9816.63 -5.55556
286.031 40.6936 8603.78 -5.55556
286.031 40.6963 10061.2 -5.55556
286.031 40.699 10307.1 -5.55556
286.031 40.7017 10174.4 -5.55556
286.031 40.7044 10128.2 -5.55556
286.031 40.7071 10723.7 -5.55556
286.031 40.7098 9264.94 -5.55556
286.031 40.7125 10238.9 -5.55556
286.031 40.7153 9749.93 -5.55556
286.031 40.718 10349.7 -5.55556
286.031 40.7207 12218.2 -5.55556
286.031 40.7234 11458.3 -5.55556
286.031 40.7261 9983.25 -5.55556
286.031 40.7288 9327.5 -5.55556
286.031 40.7315 11035.8 -5.55556
286.031 40.7342 11963.9 -5.55556
286.031 40.7369 8208.5 -5.55556
286.031 40.7397 8432.62 -5.55556
286.031 40.7424 10660.8 -5.55556
286.031 40.7451 9626.94 -5.55556
286.031 40.7478 10213.2 -5.55556
286.031 40.7505 8047.59 -5.55556
286.031 40.7532 10512.8 -5.55556
286.031 40.7559 8152.44 -5.55556
286.031 40.7586 9281.7 -5.55556
286.031 40.7614 10457.1 -5.55556
286.031 40.7641 10619.7 -5.55556
286.031 40.7668 11117.6 -5.55556
286.031 40.7695 8463.36 -5.55556
286.031 40.7722 10337.6 -5.55556
286.031 40.7749 8906.32 -5.55556
286.031 40.7776 10023.4 -5.55556
286.031 40.7803 9385.54 -5.55556
286.031 40.7831 10736.2 -5.55556
286.031 40.7858 11792.2 -5.55556
286.031 40.7885 9216.08 -5.55556
286.031 40.7912 11016.3 -5.55556
286.031 40.7939 10699.5 -5.55556
286.031 40.7966 9954.77 -5.55556
286.031 40.7993 9930.25 -5.55556
286.031 40.802 8612.67 -5.55556
286.031 40.8047 11643.3 -5.55556
286.031 40.8075 12330.8 -5.55556
286.031 40.8102 8776.19 -5.55556
286.031 40.8129 9348.94 -5.55556
286.031 40.8156 8497.72 -5.55556
286.031 40.8183 10568.1 -5.55556
286.031 40.821 9590.9 -5.55556
286.031 40.8237 8900.9 -5.55556
286.031 40.8264 10742.4 -5.55556
286.031 40.8292 10503.1 -5.55556
286.031 40.8319 7290.85 -5.55556
286.031 40.8346 10314.5 -5.55556
286.031 40.8373 10919.8 -5.55556
286.031 40.84 10033.5 -5.55556
286.034 40.68 11625.1 -5.55556
286.034 40.6827 9710.1 -5.55556
286.034 40.6854 9340.08 -5.55556
286.034 40.6881 9998.73 -5.55556
286.034 40.6908 9463.67 -5.55556
286.034 40.6936 12554.2 -5.55556
286.034 40.6963 9963.15 -5.55556
286.034 40.699 10776.2 -5.55556
286.034 40.7017 10797.7 -5.55556
286.034 40.7044 9501.08 -5.55556
286.034 40.7071 10632.4 -5.55556
286.034 40.7098 10363.3 -5.55556
286.034 40.7125 10058.3 -5.55556
286.034 40.7153 11807.5 -5.55556
286.034 40.718 11084.7 -5.55556
286.034 40.7207 8635.71 -5.55556
286.034 40.7234 10476.2 -5.55556
286.034 40.7261 10117.9 -5.55556
286.034 40.7288 8437.09 -5.55556
286.034 40.7315 9893.87 -5.55556
286.034 40.7342 10201.1 -5.55556
286.034 40.7369 8750.75 -5.55556
286.034 40.7397 8876.07 -5.55556
286.034 40.7424 10236 -5.55556
286.034 40.7451 9257.25 -5.55556
286.034 40.7478 9559.16 -5.55556
286.034 40.7505 8878.22 -5.55556
286.034 40.7532 12542.7 -5.55556
286.034 40.7559 9327.36 -5.55556
286.034 40.7586 10148.1 -5.55556
286.034 40.7614 10173.2 -5.55556
286.034 40.7641 9919.19 -5.55556
286.034 40.7668 9287.36 -5.55556
286.034 40.7695 11083.7 -5.55556
286.034 40.7722 11325.8 -5.55556
286.034 40.7749 9015.5 -5.55556
286.034 40.7776 8725.61 -5.55556
286.034 40.7803 10428.6 -5.55556
286.034 40.7831 12303.9 -5.55556
286.034 40.7858 11935.6 -5.55556
286.034 40.7885 11502.5 -5.55556
286.034 40.7912 9770.34 -5.55556
286.034 40.7939 10245.2 -5.55556
286.034 40.7966 9592.52 -5.55556
286.034 40.7993 10192.2 -5.55556
286.034 40.802 11173.3 -5.55556
286.034 40.8047 8650.12 -5.55556
286.034 40.8075 10906.2 -5.55556
286.034 40.8102 8796.65 -5.55556
286.034 40.8129 9035.13 -5.55556
286.034 40.8156 7825.86 -5.55556
286.034 40.8183 9148.7 -5.55556
286.034 40.821 9833.54 -5.55556
286.034 40.8237 10412.5 -5.55556
286.034 40.8264 9145.99 -5.55556
286.034 40.8292 10921 -5.55556
286.034 40.8319 9538.24 -5.55556
286.034 40.8346 11119.2 -5.55556
286.034 40.8373 9873.96 -5.55556
286.034 40.84 10098.3 -5.55556
286.038 40.68 10278.5 -5.55556
286.038 40.6827 9934.04 -5.55556
286.038 40.6854 9853.54 -5.55556
286.038 40.6881 10697.7 -5.55556
286.038 40.6908 11265.2 -5.55556
286.038 40.6936 9634.79 -5.55556
286.038 40.6963 10157.1 -5.55556
286.038 40.699 9591.27 -5.55556
286.038 40.7017 7918.73 -5.55556
286.038 40.7044 9883.74 -5.55556
286.038 40.7071 8945.45 -5.55556
286.038 40.7098 10368.2 -5.55556
286.038 40.7125 9319.94 -5.55556
286.038 40.7153 9981.69 -5.55556
286.038 40.718 9763.4 -5.55556
286.038 40.7207 9632.73 -5.55556
286.038 40.7234 11113.5 -5.55556
286.038 40.7261 9869.65 -5.55556
286.038 40.7288 12389.4 -5.55556
286.038 40.7315 9682.64 -5.55556
286.038 40.7342 10936.9 -5.55556
286.038 40.7369 10407.8 -5.55556
286.038 40.7397 10903.5 -5.55556
286.038 40.7424 10158.6 -5.55556
286.038 40.7451 10958.1 -5.55556
286.038 40.7478 9531.78 -5.55556
286.038 40.7505 9117.53 -5.55556
286.038 40.7532 9388.03 -5.55556
286.038 40.7559 8856.13 -5.55556
286.038 40.7586 11819.5 -5.55556
286.038 40.7614 9557.63 -5.55556
286.038 40.7641 11414.7 -5.55556
286.038 40.7668 10861.4 -5.55556
286.038 40.7695 9805.84 -5.55556
286.038 40.7722 8325.45 -5.55556
286.038 40.7749 10503.6 -5.55556
286.038 40.7776 11041.9 -5.55556
286.038 40.7803 10161.7 -5.55556
286.038 40.7831 9032.92 -5.55556
286.038 40.7858 11482.5 -5.55556
286.038 40.7885 10860.4 -5.55556
286.038 40.7912 11429.4 -5.55556
286.038 40.7939 9231.08 -5.55556
286.038 40.7966 9996.98 -5.55556
286.038 40.7993 9234.39 -5.55556
286.038 40.802 11288.6 -5.55556
286.038 40.8047 9266.47 -5.55556
286.038 40.8075 11277.7 -5.55556
286.038 40.8102 8257.47 -5.55556
286.038 40.8129 11192.6 -5.55556
286.038 40.8156 9430.79 -5.55556
286.038 40.8183 11059.8 -5.55556
286.038 40.821 8981.97 -5.55556
286.038 40.8237 9216.83 -5.55556
286.038 40.8264 9857.19 -5.55556
286.038 40.8292 10615.8 -5.55556
286.038 40.8319 8942.53 -5.55556
286.038 40.8346 10660.7 -5.55556
286.038 40.8373 9585.98 -5.55556
286.038 40.84 10763.1 -5.55556
286.041 40.68 11926.6 -5.55556
286.041 40.6827 8754.35 -5.55556
286.041 40.6854 11536.1 -5.55556
286.041 40.6881 9803.42 -5.55556
286.041 40.6908 10953.9 -5.55556
286.041 40.6936 9064.28 -5.55556
286.041 40.6963 8145.07 -5.55556
286.041 40.699 11974.2 -5.55556
286.041 40.7017 11347.8 -5.55556
286.041 40.7044 11417.4 -5.55556
286.041 40.7071 10354.2 -5.55556
286.041 40.7098 11278.7 -5.55556
286.041 40.7125 9923.32 -5.55556
286.041 40.7153 9907.85 -5.55556
286.041 40.718 11658.9 -5.55556
286.041 40.7207 9862.28 -5.55556
286.041 40.7234 12287.4 -5.55556
286.041 40.7261 9675.44 -5.55556
286.041 40.7288 9823.06 -5.55556
286.041 40.7315 9350.84 -5.55556
286.041 40.7342 9130.72 -5.55556
286.041 40.7369 10499.1 -5.55556
286.041 40.7397 10957.4 -5.55556
286.041 40.7424 9707.42 -5.55556
286.041 40.7451 10295.6 -5.55556
286.041 40.7478 9034.66 -5.55556
286.041 40.7505 8952.38 -5.55556
286.041 40.7532 8469.28 -5.55556
286.041 40.7559 11212.5 -5.55556
286.041 40.7586 9567.51 -5.55556
286.041 40.7614 10090.7 -5.55556
286.041 40.7641 10111.2 -5.55556
286.041 40.7668 9078.04 -5.55556
286.041 40.7695 8629.51 -5.55556
286.041 40.7722 10114 -5.55556
286.041 40.7749 9474.48 -5.55556
286.041 40.7776 10053 -5.55556
286.041 40.7803 8690.96 -5.55556
286.041 40.7831 8032.24 -5.55556
286.041 40.7858 9862.04 -5.55556
286.041 40.7885 8288.83 -5.55556
286.041 40.7912 9902.55 -5.55556
286.041 40.7939 11280.9 -5.55556
286.041 40.7966 10509.1 -5.55556
286.041 40.7993 9222.02 -5.55556
286.041 40.802 9318.33 -5.55556
286.041 40.8047 8886.41 -5.55556
286.041 40.8075 7716.31 -5.55556
286.041 40.8102 10200.7 -5.55556
286.041 40.8129 9266.66 -5.55556
286.041 40.8156 9033.43 -5.55556
286.041 40.8183 10140.4 -5.55556
286.041 40.821 9669.24 -5.55556
286.041 40.8237 11080.3 -5.55556
286.041 40.8264 11474.1 -5.55556
286.041 40.8292 10077 -5.55556
286.041 40.8319 10202.7 -5.55556
286.041 40.8346 11004.3 -5.55556
286.041 40.8373 8528.42 -5.55556
286.041 40.84 10857.6 -5.55556
286.045 40.68 10192.2 -5.55556
286.045 40.6827 9890 -5.55556
286.045 40.6854 10278.6 -5.55556
286.045 40.6881 10005.8 -5.55556
286.045 40.6908 10817.7 -5.55556
286.045 40.6936 10289.2 -5.55556
286.045 40.6963 9635.98 -5.55556
286.045 40.699 10554.2 -5.55556
286.045 40.7017 10591.1 -5.55556
286.045 40.7044 9642.12 -5.55556
286.045 40.7071 10607.7 -5.55556
286.045 40.7098 9599.36 -5.55556
286.045 40.7125 9973.5 -5.55556
286.045 40.7153 9017.47 -5.55556
286.045 40.718 7307.59 -5.55556
286.045 40.7207 10287.9 -5.55556
286.045 40.7234 9885.29 -5.55556
286.045 40.7261 9867.42 -5.55556
286.045 40.7288 9982.82 -5.55556
286.045 40.7315 8930.73 -5.55556
286.045 40.7342 10036.5 -5.55556
286.045 40.7369 9925.29 -5.55556
286.045 40.7397 8278.63 -5.55556
286.045 40.7424 10120.9 -5.55556
286.045 40.7451 8848.12 -5.55556
286.045 40.7478 10437 -5.55556
286.045 40.7505 8761.69 -5.55556
286.045 40.7532 7221.19 -5.55556
286.045 40.7559 8538.45 -5.55556
286.045 40.7586 9820.32 -5.55556
286.045 40.7614 9794.17 -5.55556
286.045 40.7641 9463.26 -5.55556
286.045 40.7668 10283.3 -5.55556
286.045 40.7695 9139.2 -5.55556
286.045 40.7722 7719.86 -5.55556
286.045 40.7749 12406.3 -5.55556
286.045 40.7776 10000.1 -5.55556
286.045 40.7803 11069.9 -5.55556
286.045 40.7831 9583.92 -5.55556
286.045 40.7858 9231.01 -5.55556
286.045 40.7885 10410.7 -5.55556
286.045 40.7912 9078.76 -5.55556
286.045 40.7939 9242.37 -5.55556
286.045 40.7966 10172.8 -5.55556
286.045 40.7993 8562.1 -5.55556
286.045 40.802 9251.05 -5.55556
286.045 40.8047 10740.3 -5.55556
286.045 40.8075 8862.24 -5.55556
286.045 40.8102 9661.33 -5.55556
286.045 40.8129 11669.2 -5.55556
286.045 40.8156 11295.4 -5.55556
286.045 40.8183 9218.33 -5.55556
286.045 40.821 10371.6 -5.55556
286.045 40.8237 9796.78 -5.55556
286.045 40.8264 10890.9 -5.55556
286.045 40.8292 10838.1 -5.55556
286.045 40.8319 9473.57 -5.55556
286.045 40.8346 9334.35 -5.55556
286.045 40.8373 9612.21 -5.55556
286.045 40.84 8958.47 -5.55556
286.048 40.68 9133.4 -5.55556
286.048 40.6827 9289.01 -5.55556
286.048 40.6854 10089.7 -5.55556
286.048 40.6881 9834.17 -5.55556
286.048 40.6908 9635.62 -5.55556
286.048 40.6936 9330.52 -5.55556
286.048 40.6963 7593.58 -5.55556
286.048 40.699 10885.8 -5.55556
286.048 40.7017 9066.79 -5.55556
286.048 40.7044 10280 -5.55556
286.048 40.7071 10513.8 -5.55556
286.048 40.7098 10810.1 -5.55556
286.048 40.7125 8363.28 -5.55556
286.048 40.7153 10037.2 -5.55556
286.048 40.718 11789.5 -5.55556
286.048 40.7207 10397.3 -5.55556
286.048 40.7234 9790.53 -5.55556
286.048 40.7261 11011.9 -5.55556
286.048 40.7288 9750.2 -5.55556
286.048 40.7315 9812.79 -5.55556
286.048 40.7342 10883.6 -5.55556
286.048 40.7369 10762.8 -5.55556
286.048 40.7397 10116.2 -5.55556
286.048 40.7424 9350.85 -5.55556
286.048 40.7451 10498.1 -5.55556
286.048 40.7478 8908.71 -5.55556
286.048 40.7505 8697.64 -5.55556
286.048 40.7532 10582.5 -5.55556
286.048 40.7559 9606.03 -5.55556
286.048 40.7586 11086.7 -5.55556
286.048 40.7614 8999.72 -5.55556
286.048 40.7641 10622.7 -5.55556
286.048 40.7668 10108.8 -5.55556
286.048 40.7695 7676.72 -5.55556
286.048 40.7722 9498.55 -5.55556
286.048 40.7749 9320.69 -5.55556
286.048 40.7776 8616.97 -5.55556
286.048 40.7803 9750.87 -5.55556
286.048 40.7831 11205.5 -5.55556
286.048 40.7858 10335.2 -5.55556
286.048 40.7885 10781.4 -5.55556
286.048 40.7912 10062.8 -5.55556
286.048 40.7939 10057.3 -5.55556
286.048 40.7966 9298.08 -5.55556
286.048 40.7993 9753.9 -5.55556
286.048 40.802 9698.62 -5.55556
286.048 40.8047 9591 -5.55556
286.048 40.8075 10267.4 -5.55556
286.048 40.8102 9571.05 -5.55556
286.048 40.8129 10617.2 -5.55556
286.048 40.8156 10803 -5.55556
286.048 40.8183 9929.4 -5.55556
286.048 40.821 8217.32 -5.55556
286.048 40.8237 9560.38 -5.55556
286.048 40.8264 10006.2 -5.55556
286.048 40.8292 10120.1 -5.55556
286.048 40.8319 8386.88 -5.55556
286.048 40.8346 11423.9 -5.55556
286.048 40.8373 9199.41 -5.55556
286.048 40.84 9419.43 -5.55556
286.052 40.68 9942.06 -5.55556
286.052 40.6827 8893.2 -5.55556
286.052 40.6854 9142.51 -5.55556
286.052 40.6881 9591.51 -5.55556
286.052 40.6908 9032.26 -5.55556
286.052 40.6936 11360.1 -5.55556
286.052 40.6963 9724.21 -5.55556
286.052 40.699 11337.3 -5.55556
286.052 40.7017 9480.04 -5.55556
286.052 40.7044 10099.1 -5.55556
286.052 40.7071 9227.42 -5.55556
286.052 40.7098 10053.4 -5.55556
286.052 40.7125 10267.5 -5.55556
286.052 40.7153 8399.11 -5.55556
286.052 40.718 11071 -5.55556
286.052 40.7207 9031.14 -5.55556
286.052 40.7234 9283.25 -5.55556
286.052 40.7261 9666.5 -5.55556
286.052 40.7288 7783.68 -5.55556
286.052 40.7315 9612.63 -5.55556
286.052 40.7342 8669.07 -5.55556
286.052 40.7369 9139.26 -5.55556
286.052 40.7397 11648.9 -5.55556
286.052 40.7424 8787.63 -5.55556
286.052 40.7451 11457.2 -5.55556
286.052 40.7478 8648.9 -5.55556
286.052 40.7505 8242.69 -5.55556
286.052 40.7532 11065.9 -5.55556
286.052 40.7559 8698.87 -5.55556
286.052 40.7586 8309.77 -5.55556
286.052 40.7614 10284.8 -5.55556
286.052 40.7641 10553.4 -5.55556
286.052 40.7668 9176.83 -5.55556
286.052 40.7695 8719.26 -5.55556
286.052 40.7722 9701.93 -5.55556
286.052 40.7749 8608.61 -5.55556
286.052 40.7776 11852.4 -5.55556
286.052 40.7803 8804.5 -5.55556
286.052 40.7831 10076.1 -5.55556
286.052 40.7858 8615.3 -5.55556
286.052 40.7885 10708.7 -5.55556
286.052 40.7912 10051.2 -5.55556
286.052 40.7939 10304 -5.55556
286.052 40.7966 7535.38 -5.55556
286.052 40.7993 9565.21 -5.55556
286.052 40.802 10150.1 -5.55556
286.052 40.8047 9867.98 -5.55556
286.052 40.8075 9112.28 -5.55556
286.052 40.8102 10113.5 -5.55556
286.052 40.8129 10084.4 -5.55556
286.052 40.8156 10147.4 -5.55556
286.052 40.8183 11315.2 -5.55556
286.052 40.821 11195.5 -5.55556
286.052 40.8237 9581.62 -5.55556
286.052 40.8264 8714.47 -5.55556
286.052 40.8292 10584.9 -5.55556
286.052 40.8319 10673 -5.55556
286.052 40.8346 9229.64 -5.55556
286.052 40.8373 9721.62 -5.55556
286.052 40.84 11640.1 -5.55556
286.055 40.68 8230.46 -5.55556
286.055 40.6827 9614.86 -5.55556
286.055 40.6854 10749.9 -5.55556
286.055 40.6881 10270.2 -5.55556
286.055 40.6908 11285.6 -5.55556
286.055 40.6936 9689.35 -5.55556
286.055 40.6963 8594.37 -5.55556
286.055 40.699 10059.5 -5.55556
286.055 40.7017 11055.5 -5.55556
286.055 40.7044 10762.8 -5.55556
286.055 40.7071 10243.9 -5.55556
286.055 40.7098 10321.7 -5.55556
286.055 40.7125 8520.12 -5.55556
286.055 40.7153 10523.6 -5.55556
286.055 40.718 8482.73 -5.55556
286.055 40.7207 11323.9 -5.55556
286.055 40.7234 10445.4 -5.55556
286.055 40.7261 10449.4 -5.55556
286.055 40.7288 11112.3 -5.55556
286.055 40.7315 10787.6 -5.55556
286.055 40.7342 10096 -5.55556
286.055 40.7369 8430.61 -5.55556
286.055 40.7397 9892.78 -5.55556
286.055 40.7424 8266.32 -5.55556
286.055 40.7451 7522.57 -5.55556
286.055 40.7478 10516.5 -5.55556
286.055 40.7505 9821.35 -5.55556
286.055 40.7532 9974.22 -5.55556
286.055 40.7559 8847.78 -5.55556
286.055 40.7586 10435.1 -5.55556
286.055 40.7614 9924.43 -5.55556
286.055 40.7641 9739.93 -5.55556
286.055 40.7668 8781.74 -5.55556
286.055 40.7695 9522.02 -5.55556
286.055 40.7722 9283.32 -5.55556
286.055 40.7749 8954.26 -5.55556
286.055 40.7776 9297.58 -5.55556
286.055 40.7803 10669.5 -5.55556
286.055 40.7831 9261.06 -5.55556
286.055 40.7858 9281.91 -5.55556
286.055 40.7885 13368.5 -5.55556
286.055 40.7912 8616.65 -5.55556
286.055 40.7939 9412.42 -5.55556
286.055 40.7966 11139.7 -5.55556
286.055 40.7993 7575.67 -5.55556
286.055 40.802 9246.07 -5.55556
286.055 40.8047 9494.73 -5.55556
286.055 40.8075 8346.4 -5.55556
286.055 40.8102 7679.14 -5.55556
286.055 40.8129 10869.7 -5.55556
286.055 40.8156 10555 -5.55556
286.055 40.8183 8792.39 -5.55556
286.055 40.821 9887.19 -5.55556
286.055 40.8237 10178 -5.55556
286.055 40.8264 9264.99 -5.55556
286.055 40.8292 10608.8 -5.55556
286.055 40.8319 8169.58 -5.55556
286.055 40.8346 9783.48 -5.55556
286.055 40.8373 9984.38 -5.55556
286.055 40.84 8646.78 -5.55556
286.059 40.68 11915.8 -5.55556
286.059 40.6827 9524.05 -5.55556
286.059 40.6854 9058.59 -5.55556
286.059 40.6881 9236.45 -5.55556
286.059 40.6908 10698.2 -5.55556
286.059 40.6936 9011.75 -5.55556
286.059 40.6963 10229.5 -5.55556
286.059 40.699 9228.88 -5.55556
286.059 40.7017 10980.4 -5.55556
286.059 40.7044 10504.5 -5.55556
286.059 40.7071 10940.4 -5.55556
286.059 40.7098 9070.83 -5.55556
286.059 40.7125 9555.09 -5.55556
286.059 40.7153 8499.41 -5.55556
286.059 40.718 10813.3 -5.55556
286.059 40.7207 11649.4 -5.55556
286.059 40.7234 10342.1 -5.55556
286.059 40.7261 9382.41 -5.55556
286.059 40.7288 11372 -5.55556
286.059 40.7315 8364.01 -5.55556
286.059 40.7342 9329.94 -5.55556
286.059 40.7369 9540.95 -5.55556
286.059 40.7397 11099.1 -5.55556
286.059 40.7424 9008.92 -5.55556
286.059 40.7451 11255.8 -5.55556
286.059 40.7478 10105.6 -5.55556
286.059 40.7505 11446.1 -5.55556
286.059 40.7532 9489.96 -5.55556
286.059 40.7559 9414.54 -5.55556
286.059 40.7586 9026.94 -5.55556
286.059 40.7614 10719.7 -5.55556
286.059 40.7641 7768.31 -5.55556
286.059 40.7668 10095.3 -5.55556
286.059 40.7695 10878.4 -5.55556
286.059 40.7722 9495.2 -5.55556
286.059 40.7749 9859.67 -5.55556
286.059 40.7776 9992.47 -5.55556
286.059 40.7803 9537.64 -5.55556
286.059 40.7831 9707.93 -5.55556
286.059 40.7858 11675.5 -5.55556
286.059 40.7885 9921.26 -5.55556
286.059 40.7912 7969.5 -5.55556
286.059 40.7939 10356.7 -5.55556
286.059 40.7966 10007.3 -5.55556
286.059 40.7993 10847 -5.55556
286.059 40.802 10585.1 -5.55556
286.059 40.8047 8238.04 -5.55556
286.059 40.8075 10819.5 -5.55556
286.059 40.8102 11538.7 -5.55556
286.059 40.8129 9985.86 -5.55556
286.059 40.8156 9681.76 -5.55556
286.059 40.8183 12035.2 -5.55556
286.059 40.821 9351.15 -5.55556
286.059 40.8237 9800.96 -5.55556
286.059 40.8264 8477.77 -5.55556
286.059 40.8292 8906.72 -5.55556
286.059 40.8319 10851.7 -5.55556
286.059 40.8346 8953.74 -5.55556
286.059 40.8373 9245.27 -5.55556
286.059 40.84 9642.09 -5.55556
286.062 40.68 10428.4 -5.55556
286.062 40.6827 10673.1 -5.55556
286.062 40.6854 10590.1 -5.55556
286.062 40.6881 10972 -5.55556
286.062 40.6908 8814.08 -5.55556
286.062 40.6936 8991.66 -5.55556
286.062 40.6963 9372.06 -5.55556
286.062 40.699 9340.11 -5.55556
286.062 40.7017 9935.9 -5.55556
286.062 40.7044 11446.1 -5.55556
286.062 40.7071 10302.9 -5.55556
286.062 40.7098 9535.58 -5.55556
286.062 40.7125 9907.71 -5.55556
286.062 40.7153 7504.31 -5.55556
286.062 40.718 10273.6 -5.55556
286.062 40.7207 9772.98 -5.55556
286.062 40.7234 10583.8 -5.55556
286.062 40.7261 11873 -5.55556
286.062 40.7288 10306.6 -5.55556
286.062 40.7315 11519.7 -5.55556
286.062 40.7342 10994.9 -5.55556
286.062 40.7369 10732.1 -5.55556
286.062 40.7397 8309.73 -5.55556
286.062 40.7424 9392.93 -5.55556
286.062 40.7451 8848.23 -5.55556
286.062 40.7478 9763.29 -5.55556
286.062 40.7505 10393.6 -5.55556
286.062 40.7532 10481.4 -5.55556
286.062 40.7559 10931.3 -5.55556
286.062 40.7586 10349.3 -5.55556
286.062 40.7614 10732 -5.55556
286.062 40.7641 12445.9 -5.55556
286.062 40.7668 10197 -5.55556
286.062 40.7695 11640.6 -5.55556
286.062 40.7722 10291.1 -5.55556
286.062 40.7749 10232.6 -5.55556
286.062 40.7776 10130.1 -5.55556
286.062 40.7803 8520.3 -5.55556
286.062 40.7831 8376.2 -5.55556
286.062 40.7858 11526.3 -5.55556
286.062 40.7885 11142.4 -5.55556
286.062 40.7912 9782.76 -5.55556
286.062 40.7939 9818.42 -5.55556
286.062 40.7966 9573.83 -5.55556
286.062 40.7993 8262.75 -5.55556
286.062 40.802 10516.7 -5.55556
286.062 40.8047 8743.56 -5.55556
286.062 40.8075 9271.15 -5.55556
286.062 40.8102 10272.5 -5.55556
286.062 40.8129 9301.75 -5.55556
286.062 40.8156 8809.97 -5.55556
286.062 40.8183 9884.4 -5.55556
286.062 40.821 9385.61 -5.55556
286.062 40.8237 11471 -5.55556
286.062 40.8264 9212.54 -5.55556
286.062 40.8292 10949.1 -5.55556
286.062 40.8319 8773.11 -5.55556
286.062 40.8346 8435.23 -5.55556
286.062 40.8373 9723.04 -5.55556
286.062 40.84 10231 -5.55556
286.066 40.68 10495.4 -5.55556
286.066 40.6827 10437.5 -5.55556
286.066 40.6854 8764.67 -5.55556
286.066 40.6881 9681.6 -5.55556
286.066 40.6908 10171.5 -5.55556
286.066 40.6936 11370.1 -5.55556
286.066 40.6963 9492.65 -5.55556
286.066 40.699 11950.9 -5.55556
286.066 40.7017 8575.14 -5.55556
286.066 40.7044 10864.5 -5.55556
286.066 40.7071 11068 -5.55556
286.066 40.7098 11206.1 -5.55556
286.066 40.7125 10119.6 -5.55556
286.066 40.7153 9950.8 -5.55556
286.066 40.718 9680.71 -5.55556
286.066 40.7207 9586.83 -5.55556
286.066 40.7234 10806.3 -5.55556
286.066 40.7261 10253.7 -5.55556
286.066 40.7288 11129.7 -5.55556
286.066 40.7315 9265.34 -5.55556
286.066 40.7342 10879.1 -5.55556
286.066 40.7369 10520.2 -5.55556
286.066 40.7397 10179.9 -5.55556
286.066 40.7424 10424.1 -5.55556
286.066 40.7451 11673.7 -5.55556
286.066 40.7478 9411.65 -5.55556
286.066 40.7505 9910.26 -5.55556
286.066 40.7532 11194.8 -5.55556
286.066 40.7559 9935.38 -5.55556
286.066 40.7586 11024 -5.55556
286.066 40.7614 10157.7 -5.55556
286.066 40.7641 11604.7 -5.55556
286.066 40.7668 9358.3 -5.55556
286.066 40.7695 10068.7 -5.55556
286.066 40.7722 9848.11 -5.55556
286.066 40.7749 10435.6 -5.55556
286.066 40.7776 11370.3 -5.55556
286.066 40.7803 9126.04 -5.55556
286.066 40.7831 9870.8 -5.55556
286.066 40.7858 9236.84 -5.55556
286.066 40.7885 10181 -5.55556
286.066 40.7912 11071.8 -5.55556
286.066 40.7939 9140.33 -5.55556
286.066 40.7966 9266.77 -5.55556
286.066 40.7993 9039.87 -5.55556
286.066 40.802 11219.2 -5.55556
286.066 40.8047 9180.51 -5.55556
286.066 40.8075 9043.47 -5.55556
286.066 40.8102 11025.4 -5.55556
286.066 40.8129 9135.57 -5.55556
286.066 40.8156 9563.06 -5.55556
286.066 40.8183 12300.2 -5.55556
286.066 40.821 9516.1 -5.55556
286.066 40.8237 9147.06 -5.55556
286.066 40.8264 10068.9 -5.55556
286.066 40.8292 10390 -5.55556
286.066 40.8319 11380.6 -5.55556
286.066 40.8346 10642.8 -5.55556
286.066 40.8373 10904.4 -5.55556
286.066 40.84 10660.9 -5.55556
286.069 40.68 11882.8 -5.55556
286.069 40.6827 9403.82 -5.55556
286.069 40.6854 10474.3 -5.55556
286.069 40.6881 8865.65 -5.55556
286.069 40.6908 11688.9 -5.55556
286.069 40.6936 10404.2 -5.55556
286.069 40.6963 10726.4 -5.55556
286.069 40.699 10867 -5.55556
286.069 40.7017 10714.2 -5.55556
286.069 40.7044 9301.3 -5.55556
286.069 40.7071 9954.53 -5.55556
286.069 40.7098 11584.5 -5.55556
286.069 40.7125 10282.1 -5.55556
286.069 40.7153 10886.4 -5.55556
286.069 40.718 8732.11 -5.55556
286.069 40.7207 9712.92 -5.55556
286.069 40.7234 10661 -5.55556
286.069 40.7261 10388.2 -5.55556
286.069 40.7288 9313.35 -5.55556
286.069 40.7315 10635.7 -5.55556
286.069 40.7342 11260.5 -5.55556
286.069 40.7369 7194.25 -5.55556
286.069 40.7397 9858.45 -5.55556
286.069 40.7424 10482.3 -5.55556
286.069 40.7451 9059.47 -5.55556
286.069 40.7478 10721.5 -5.55556
286.069 40.7505 10534.4 -5.55556
286.069 40.7532 9442.35 -5.55556
286.069 40.7559 10375.1 -5.55556
286.069 40.7586 8350.15 -5.55556
286.069 40.7614 10598.1 -5.55556
286.069 40.7641 10095.4 -5.55556
286.069 40.7668 9531.54 -5.55556
286.069 40.7695 10870.7 -5.55556
286.069 40.7722 10800.4 -5.55556
286.069 40.7749 9635.79 -5.55556
286.069 40.7776 9469.03 -5.55556
286.069 40.7803 10469.7 -5.55556
286.069 40.7831 11319.8 -5.55556
286.069 40.7858 10357.4 -5.55556
286.069 40.7885 10678.7 -5.55556
286.069 40.7912 9627.95 -5.55556
286.069 40.7939 12459.8 -5.55556
286.069 40.7966 9659.09 -5.55556
286.069 40.7993 9957.28 -5.55556
286.069 40.802 10710.3 -5.55556
286.069 40.8047 7978.55 -5.55556
286.069 40.8075 9582.25 -5.55556
286.069 40.8102 9797.15 -5.55556
286.069 40.8129 9504.49 -5.55556
286.069 40.8156 8173.71 -5.55556
286.069 40.8183 10328.4 -5.55556
286.069 40.821 11141.7 -5.55556
286.069 40.8237 9437.28 -5.55556
286.069 40.8264 11032 -5.55556
286.069 40.8292 10741.2 -5.55556
286.069 40.8319 9375 -5.55556
286.069 40.8346 9390.1 -5.55556
286.069 40.8373 10187.3 -5.55556
286.069 40.84 9418.09 -5.55556
286.073 40.68 7910.26 -5.55556
286.073 40.6827 10696.4 -5.55556
286.073 40.6854 10518.5 -5.55556
286.073 40.6881 9569.33 -5.55556
286.073 40.6908 10060.8 -5.55556
286.073 40.6936 10495 -5.55556
286.073 40.6963 12084.6 -5.55556
286.073 40.699 11017.3 -5.55556
286.073 40.7017 10313.8 -5.55556
286.073 40.7044 11102.3 -5.55556
286.073 40.7071 9316.62 -5.55556
286.073 40.7098 9576.82 -5.55556
286.073 40.7125 11687.8 -5.55556
286.073 40.7153 10491.6 -5.55556
286.073 40.718 10351.8 -5.55556
286.073 40.7207 12312.3 -5.55556
286.073 40.7234 9411.12 -5.55556
286.073 40.7261 7254.79 -5.55556
286.073 40.7288 10362.2 -5.55556
286.073 40.7315 10650.8 -5.55556
286.073 40.7342 9230.83 -5.55556
286.073 40.7369 10330.7 -5.55556
286.073 40.7397 10898.6 -5.55556
286.073 40.7424 9004.02 -5.55556
286.073 40.7451 10903.7 -5.55556
286.073 40.7478 9812.51 -5.55556
286.073 40.7505 8373.69 -5.55556
286.073 40.7532 9595.91 -5.55556
286.073 40.7559 10124.8 -5.55556
286.073 40.7586 9390.31 -5.55556
286.073 40.7614 10804.8 -5.55556
286.073 40.7641 11235.4 -5.55556
286.073 40.7668 11280.9 -5.55556
286.073 40.7695 8843.61 -5.55556
286.073 40.7722 10804.8 -5.55556
286.073 40.7749 9055.48 -5.55556
286.073 40.7776 9942.18 -5.55556
286.073 40.7803 9233.9 -5.55556
286.073 40.7831 10556.5 -5.55556
286.073 40.7858 11017.1 -5.55556
286.073 40.7885 10243 -5.55556
286.073 40.7912 11222.6 -5.55556
286.073 40.7939 10752.3 -5.55556
286.073 40.7966 9996.75 -5.55556
286.073 40.7993 11763.9 -5.55556
286.073 40.802 10208 -5.55556
286.073 40.8047 10046.4 -5.55556
286.073 40.8075 8862.29 -5.55556
286.073 40.8102 9847.13 -5.55556
286.073 40.8129 9344.26 -5.55556
286.073 40.8156 10186.8 -5.55556
286.073 40.8183 11013.5 -5.55556
286.073 40.821 11552.8 -5.55556
286.073 40.8237 9706.61 -5.55556
286.073 40.8264 10368.1 -5.55556
286.073 40.8292 10024.9 -5.55556
286.073 40.8319 9006.81 -5.55556
286.073 40.8346 9341.8 -5.55556
286.073 40.8373 11723 -5.55556
286.073 40.84 9623.8 -5.55556
286.076 40.68 9677.13 -5.55556
286.076 40.6827 9885.74 -5.55556
286.076 40.6854 9874.26 -5.55556
286.076 40.6881 9961.92 -5.55556
286.076 40.6908 11941.4 -5.55556
286.076 40.6936 9250.77 -5.55556
286.076 40.6963 10019.8 -5.55556
286.076 40.699 9387.3 -5.55556
286.076 40.7017 10687.7 -5.55556
286.076 40.7044 8886.08 -5.55556
286.076 40.7071 9388.41 -5.55556
286.076 40.7098 10233.2 -5.55556
286.076 40.7125 10522.5 -5.55556
286.076 40.7153 10538 -5.55556
286.076 40.718 11504.7 -5.55556
286.076 40.7207 10384.8 -5.55556
286.076 40.7234 10189.3 -5.55556
286.076 40.7261 9410.36 -5.55556
286.076 40.7288 9600.65 -5.55556
286.076 40.7315 9472.59 -5.55556
286.076 40.7342 8854.13 -5.55556
286.076 40.7369 8450.65 -5.55556
286.076 40.7397 9432.29 -5.55556
286.076 40.7424 10334.3 -5.55556
286.076 40.7451 9635.57 -5.55556
286.076 40.7478 11120.9 -5.55556
286.076 40.7505 11497.8 -5.55556
286.076 40.7532 10452.3 -5.55556
286.076 40.7559 9555.14 -5.55556
286.076 40.7586 10788.8 -5.55556
286.076 40.7614 9927.09 -5.55556
286.076 40.7641 11534 -5.55556
286.076 40.7668 9772.07 -5.55556
286.076 40.7695 8332.76 -5.55556
286.076 40.7722 11597 -5.55556
286.076 40.7749 8497.41 -5.55556
286.076 40.7776 10353.6 -5.55556
286.076 40.7803 9085.74 -5.55556
286.076 40.7831 9204.99 -5.55556
286.076 40.7858 10458.8 -5.55556
286.076 40.7885 8336.79 -5.55556
286.076 40.7912 9913.87 -5.55556
286.076 40.7939 9117.3 -5.55556
286.076 40.7966 10026.1 -5.55556
286.076 40.7993 8142.61 -5.55556
286.076 40.802 10814.5 -5.55556
286.076 40.8047 9742.85 -5.55556
286.076 40.8075 9893.75 -5.55556
286.076 40.8102 9491.36 -5.55556
286.076 40.8129 10228 -5.55556
286.076 40.8156 10758.9 -5.55556
286.076 40.8183 8234.12 -5.55556
286.076 40.821 10189.5 -5.55556
286.076 40.8237 9159.37 -5.55556
286.076 40.8264 10581.1 -5.55556
286.076 40.8292 8811.92 -5.55556
286.076 40.8319 10142.4 -5.55556
286.076 40.8346 10912.7 -5.55556
286.076 40.8373 10273.4 -5.55556
286.076 40.84 9344.16 -5.55556
286.08 40.68 8252.31 -5.55556
286.08 40.6827 9248.51 -5.55556
286.08 40.6854 10175.4 -5.55556
286.08 40.6881 11619.9 -5.55556
286.08 40.6908 10484.2 -5.55556
286.08 40.6936 9838.91 -5.55556
286.08 40.6963 9929.43 -5.55556
286.08 40.699 11845.6 -5.55556
286.08 40.7017 8648.22 -5.55556
286.08 40.7044 11238.9 -5.55556
286.08 40.7071 7521.66 -5.55556
286.08 40.7098 11103.8 -5.55556
286.08 40.7125 9116.13 -5.55556
286.08 40.7153 10049.2 -5.55556
286.08 40.718 9179.34 -5.55556
286.08 40.7207 10794.9 -5.55556
286.08 40.7234 10176.4 -5.55556
286.08 40.7261 9125.72 -5.55556
286.08 40.7288 9414.9 -5.55556
286.08 40.7315 10743.6 -5.55556
286.08 40.7342 10228.2 -5.55556
286.08 40.7369 9570.19 -5.55556
286.08 40.7397 8755.41 -5.55556
286.08 40.7424 9106.51 -5.55556
286.08 40.7451 11379.6 -5.55556
286.08 40.7478 9086.74 -5.55556
286.08 40.7505 10233.2 -5.55556
286.08 40.7532 9188.32 -5.55556
286.08 40.7559 9196.73 -5.55556
286.08 40.7586 10509.4 -5.55556
286.08 40.7614 8169.44 -5.55556
286.08 40.7641 10211 -5.55556
286.08 40.7668 9431.53 -5.55556
286.08 40.7695 9763.95 -5.55556
286.08 40.7722 9891.68 -5.55556
286.08 40.7749 10126.1 -5.55556
286.08 40.7776 11222.2 -5.55556
286.08 40.7803 10728.2 -5.55556
286.08 40.7831 10507.5 -5.55556
286.08 40.7858 10536.6 -5.55556
286.08 40.7885 11130.8 -5.55556
286.08 40.7912 9423.06 -5.55556
286.08 40.7939 10139.4 -5.55556
286.08 40.7966 11856.5 -5.55556
286.08 40.7993 7947.78 -5.55556
286.08 40.802 11521.7 -5.55556
286.08 40.8047 8991.49 -5.55556
286.08 40.8075 9207.63 -5.55556
286.08 40.8102 8064.77 -5.55556
286.08 40.8129 11175 -5.55556
286.08 40.8156 10430.9 -5.55556
286.08 40.8183 9149.08 -5.55556
286.08 40.821 10799.6 -5.55556
286.08 40.8237 9273.7 -5.55556
286.08 40.8264 10106.4 -5.55556
286.08 40.8292 9685.36 -5.55556
286.08 40.8319 8792.76 -5.55556
286.08 40.8346 8816.4 -5.55556
286.08 40.8373 10116.6 -5.55556
286.08 40.84 11292.6 -5.55556
