285.96 40.68 12030.6 -5.55556
285.96 40.6827 9981.15 -5.55556
285.96 40.6854 11469.2 -5.55556
285.96 40.6881 10789.4 -5.55556
285.96 40.6908 8775.55 -5.55556
285.96 40.6936 9547.26 -5.55556
285.96 40.6963 10032.1 -5.55556
285.96 40.699 12564.4 -5.55556
285.96 40.7017 9865.57 -5.55556
285.96 40.7044 11222.5 -5.55556
285.96 40.7071 10487.5 -5.55556
285.96 40.7098 8785.26 -5.55556
285.96 40.7125 10401.1 -5.55556
285.96 40.7153 10794.2 -5.55556
285.96 40.718 9466.78 -5.55556
285.96 40.7207 10138.8 -5.55556
285.96 40.7234 11925.9 -5.55556
285.96 40.7261 9988.53 -5.55556
285.96 40.7288 10148.6 -5.55556
285.96 40.7315 9914.31 -5.55556
285.96 40.7342 9284.95 -5.55556
285.96 40.7369 10646.6 -5.55556
285.96 40.7397 10965 -5.55556
285.96 40.7424 10319.7 -5.55556
285.96 40.7451 9423.69 -5.55556
285.96 40.7478 9797.43 -5.55556
285.96 40.7505 8848.11 -5.55556
285.96 40.7532 10585.6 -5.55556
285.96 40.7559 9974.59 -5.55556
285.96 40.7586 9815.57 -5.55556
285.96 40.7614 8623.91 -5.55556
285.96 40.7641 11466.2 -5.55556
285.96 40.7668 11352.6 -5.55556
285.96 40.7695 10714.3 -5.55556
285.96 40.7722 11084.4 -5.55556
285.96 40.7749 9919.55 -5.55556
285.96 40.7776 10215.7 -5.55556
285.96 40.7803 9952.74 -5.55556
285.96 40.7831 9740.12 -5.55556
285.96 40.7858 11116.5 -5.55556
285.96 40.7885 10162.3 -5.55556
285.96 40.7912 9784.43 -5.55556
285.96 40.7939 8316.52 -5.55556
285.96 40.7966 9352.74 -5.55556
285.96 40.7993 8619.52 -5.55556
285.96 40.802 10103.1 -5.55556
285.96 40.8047 9062.94 -5.55556
285.96 40.8075 8709.32 -5.55556
285.96 40.8102 9148.06 -5.55556
285.96 40.8129 10287.9 -5.55556
285.96 40.8156 8224.93 -5.55556
285.96 40.8183 9373.61 -5.55556
285.96 40.821 11550.4 -5.55556
285.96 40.8237 10529.4 -5.55556
285.96 40.8264 8635.67 -5.55556
285.96 40.8292 7501.02 -5.55556
285.96 40.8319 9940.8 -5.55556
285.96 40.8346 10677.3 -5.55556
285.96 40.8373 11625.1 -5.55556
285.96 40.84 11362 -5.55556
285.964 40.68 10538.3 -5.55556
285.964 40.6827 12467.3 -5.55556
285.964 40.6854 10628.1 -5.55556
285.964 40.6881 9479.33 -5.55556
285.964 40.6908 8535.62 -5.55556
285.964 40.6936 9945.62 -5.55556
285.964 40.6963 9071.97 -5.55556
285.964 40.699 9180.04 -5.55556
285.964 40.7017 10187.4 -5.55556
285.964 40.7044 9988.34 -5.55556
285.964 40.7071 9896.39 -5.55556
285.964 40.7098 11041.2 -5.55556
285.964 40.7125 11134.8 -5.55556
285.964 40.7153 10269 -5.55556
285.964 40.718 8939.73 -5.55556
285.964 40.7207 9568.87 -5.55556
285.964 40.7234 9401.22 -5.55556
285.964 40.7261 9394.19 -5.55556
285.964 40.7288 9579.46 -5.55556
285.964 40.7315 10495.4 -5.55556
285.964 40.7342 10379.5 -5.55556
285.964 40.7369 9365.35 -5.55556
285.964 40.7397 10314.6 -5.55556
285.964 40.7424 9901.23 -5.55556
285.964 40.7451 10525.5 -5.55556
285.964 40.7478 8999.21 -5.55556
285.964 40.7505 10123.2 -5.55556
285.964 40.7532 10191.5 -5.55556
285.964 40.7559 9536.5 -5.55556
285.964 40.7586 8629.45 -5.55556
285.964 40.7614 10740.9 -5.55556
285.964 40.7641 8569.42 -5.55556
285.964 40.7668 10736.1 -5.55556
285.964 40.7695 8068.65 -5.55556
285.964 40.7722 9661.66 -5.55556
285.964 40.7749 9445.61 -5.55556
285.964 40.7776 10236.2 -5.55556
285.964 40.7803 10780.1 -5.55556
285.964 40.7831 10265.9 -5.55556
285.964 40.7858 10376.8 -5.55556
285.964 40.7885 10629.6 -5.55556
285.964 40.7912 8664.67 -5.55556
285.964 40.7939 10507 -5.55556
285.964 40.7966 10722.3 -5.55556
285.964 40.7993 8975.76 -5.55556
285.964 40.802 9071.38 -5.55556
285.964 40.8047 9714.36 -5.55556
285.964 40.8075 10929 -5.55556
285.964 40.8102 10278.7 -5.55556
285.964 40.8129 9796.58 -5.55556
285.964 40.8156 9583.21 -5.55556
285.964 40.8183 10938.8 -5.55556
285.964 40.821 8992.42 -5.55556
285.964 40.8237 9354.84 -5.55556
285.964 40.8264 7879.5 -5.55556
285.964 40.8292 8258.81 -5.55556
285.964 40.8319 7689.33 -5.55556
285.964 40.8346 10749.2 -5.55556
285.964 40.8373 10180.2 -5.55556
285.964 40.84 10747.9 -5.55556
285.967 40.68 10188.9 -5.55556
285.967 40.6827 11409.9 -5.55556
285.967 40.6854 11355.2 -5.55556
285.967 40.6881 9822.87 -5.55556
285.967 40.6908 9231.89 -5.55556
285.967 40.6936 10079.1 -5.55556
285.967 40.6963 9657.32 -5.55556
285.967 40.699 11084.9 -5.55556
285.967 40.7017 9955.73 -5.55556
285.967 40.7044 10033.9 -5.55556
285.967 40.7071 11131 -5.55556
285.967 40.7098 10401.5 -5.55556
285.967 40.7125 10497.3 -5.55556
285.967 40.7153 9067.06 -5.55556
285.967 40.718 11007.6 -5.55556
285.967 40.7207 9054.23 -5.55556
285.967 40.7234 11439.6 -5.55556
285.967 40.7261 11520.5 -5.55556
285.967 40.7288 10550.4 -5.55556
285.967 40.7315 9640.11 -5.55556
285.967 40.7342 9749.97 -5.55556
285.967 40.7369 8945.43 -5.55556
285.967 40.7397 10571.5 -5.55556
285.967 40.7424 9183.76 -5.55556
285.967 40.7451 9294.64 -5.55556
285.967 40.7478 9520.81 -5.55556
285.967 40.7505 10672.5 -5.55556
285.967 40.7532 10784 -5.55556
285.967 40.7559 10193 -5.55556
285.967 40.7586 10385.4 -5.55556
285.967 40.7614 10327.5 -5.55556
285.967 40.7641 8677.01 -5.55556
285.967 40.7668 9436.92 -5.55556
285.967 40.7695 10509.6 -5.55556
285.967 40.7722 10770.9 -5.55556
285.967 40.7749 9731.81 -5.55556
285.967 40.7776 9945.49 -5.55556
285.967 40.7803 11836.5 -5.55556
285.967 40.7831 10254.5 -5.55556
285.967 40.7858 8119.86 -5.55556
285.967 40.7885 9692.89 -5.55556
285.967 40.7912 10788 -5.55556
285.967 40.7939 9815.41 -5.55556
285.967 40.7966 9993.36 -5.55556
285.967 40.7993 10401.8 -5.55556
285.967 40.802 11537.9 -5.55556
285.967 40.8047 9347.39 -5.55556
285.967 40.8075 10160.9 -5.55556
285.967 40.8102 10376.3 -5.55556
285.967 40.8129 11938.9 -5.55556
285.967 40.8156 11209.7 -5.55556
285.967 40.8183 9103.67 -5.55556
285.967 40.821 11174.9 -5.55556
285.967 40.8237 10403.9 -5.55556
285.967 40.8264 8075.76 -5.55556
285.967 40.8292 8355 -5.55556
285.967 40.8319 10351.6 -5.55556
285.967 40.8346 11971 -5.55556
285.967 40.8373 9613.88 -5.55556
285.967 40.84 9832.12 -5.55556
285.971 40.68 9631.72 -5.55556
285.971 40.6827 9287.49 -5.55556
285.971 40.6854 10565.8 -5.55556
285.971 40.6881 10469.2 -5.55556
285.971 40.6908 10423.4 -5.55556
285.971 40.6936 10684.5 -5.55556
285.971 40.6963 8836.78 -5.55556
285.971 40.699 9557.02 -5.55556
285.971 40.7017 10226.8 -5.55556
285.971 40.7044 9761.33 -5.55556
285.971 40.7071 9222.38 -5.55556
285.971 40.7098 11965.7 -5.55556
285.971 40.7125 10235.2 -5.55556
285.971 40.7153 9520.84 -5.55556
285.971 40.718 9294.59 -5.55556
285.971 40.7207 9553 -5.55556
285.971 40.7234 10302.2 -5.55556
285.971 40.7261 10489.2 -5.55556
285.971 40.7288 10983 -5.55556
285.971 40.7315 11247.6 -5.55556
285.971 40.7342 11811.6 -5.55556
285.971 40.7369 12340.1 -5.55556
285.971 40.7397 5924.43 -5.55556
285.971 40.7424 8499.92 -5.55556
285.971 40.7451 9715.16 -5.55556
285.971 40.7478 11106.5 -5.55556
285.971 40.7505 10043.4 -5.55556
285.971 40.7532 10604.3 -5.55556
285.971 40.7559 11795.8 -5.55556
285.971 40.7586 10526.6 -5.55556
285.971 40.7614 9477.63 -5.55556
285.971 40.7641 8338.44 -5.55556
285.971 40.7668 10447.9 -5.55556
285.971 40.7695 9270.72 -5.55556
285.971 40.7722 11197 -5.55556
285.971 40.7749 9262.3 -5.55556
285.971 40.7776 9229.27 -5.55556
285.971 40.7803 9686.02 -5.55556
285.971 40.7831 9173.67 -5.55556
285.971 40.7858 7987.09 -5.55556
285.971 40.7885 8355.09 -5.55556
285.971 40.7912 7598.92 -5.55556
285.971 40.7939 9614.97 -5.55556
285.971 40.7966 9202.34 -5.55556
285.971 40.7993 10085.7 -5.55556
285.971 40.802 10729.9 -5.55556
285.971 40.8047 8871.15 -5.55556
285.971 40.8075 11146.5 -5.55556
285.971 40.8102 12493.9 -5.55556
285.971 40.8129 9881.57 -5.55556
285.971 40.8156 10116.7 -5.55556
285.971 40.8183 8863.18 -5.55556
285.971 40.821 9422.85 -5.55556
285.971 40.8237 11093.1 -5.55556
285.971 40.8264 10166.2 -5.55556
285.971 40.8292 12466.3 -5.55556
285.971 40.8319 9953.68 -5.55556
285.971 40.8346 9953.23 -5.55556
285.971 40.8373 12975.1 -5.55556
285.971 40.84 11173.3 -5.55556
285.974 40.68 9292.35 -5.55556
285.974 40.6827 10258.1 -5.55556
285.974 40.6854 10918.1 -5.55556
285.974 40.6881 11185.6 -5.55556
285.974 40.6908 9856 -5.55556
285.974 40.6936 9723.52 -5.55556
285.974 40.6963 9021.64 -5.55556
285.974 40.699 10258.5 -5.55556
285.974 40.7017 9228.83 -5.55556
285.974 40.7044 10809.8 -5.55556
285.974 40.7071 9368.35 -5.55556
285.974 40.7098 8254.89 -5.55556
285.974 40.7125 7921.18 -5.55556
285.974 40.7153 11852.2 -5.55556
285.974 40.718 9612.3 -5.55556
285.974 40.7207 9820.75 -5.55556
285.974 40.7234 11042.2 -5.55556
285.974 40.7261 11990.7 -5.55556
285.974 40.7288 10973.7 -5.55556
285.974 40.7315 10180.9 -5.55556
285.974 40.7342 9881.38 -5.55556
285.974 40.7369 10331.5 -5.55556
285.974 40.7397 9451.25 -5.55556
285.974 40.7424 9940.28 -5.55556
285.974 40.7451 9036.12 -5.55556
285.974 40.7478 10993.1 -5.55556
285.974 40.7505 10900.2 -5.55556
285.974 40.7532 10447 -5.55556
285.974 40.7559 8319.64 -5.55556
285.974 40.7586 9557.89 -5.55556
285.974 40.7614 9955.97 -5.55556
285.974 40.7641 11123.1 -5.55556
285.974 40.7668 7690.56 -5.55556
285.974 40.7695 9716.94 -5.55556
285.974 40.7722 12095.4 -5.55556
285.974 40.7749 10293.1 -5.55556
285.974 40.7776 9345.75 -5.55556
285.974 40.7803 9530.47 -5.55556
285.974 40.7831 9154.77 -5.55556
285.974 40.7858 9881.63 -5.55556
285.974 40.7885 9279.81 -5.55556
285.974 40.7912 11135.5 -5.55556
285.974 40.7939 9274.16 -5.55556
285.974 40.7966 8147.38 -5.55556
285.974 40.7993 10118.7 -5.55556
285.974 40.802 8843.89 -5.55556
285.974 40.8047 10485.8 -5.55556
285.974 40.8075 10406.1 -5.55556
285.974 40.8102 9510.19 -5.55556
285.974 40.8129 9712.49 -5.55556
285.974 40.8156 9291.25 -5.55556
285.974 40.8183 10992.9 -5.55556
285.974 40.821 10073.6 -5.55556
285.974 40.8237 10537.1 -5.55556
285.974 40.8264 9859.96 -5.55556
285.974 40.8292 10829.4 -5.55556
285.974 40.8319 10169.4 -5.55556
285.974 40.8346 9888.47 -5.55556
285.974 40.8373 9842.71 -5.55556
285.974 40.84 9276.54 -5.55556
285.978 40.68 9497.14 -5.55556
285.978 40.6827 10755.6 -5.55556
285.978 40.6854 10886.3 -5.55556
285.978 40.6881 9731.13 -5.55556
285.978 40.6908 11341.4 -5.55556
285.978 40.6936 10430.8 -5.55556
285.978 40.6963 11416.5 -5.55556
285.978 40.699 10259.7 -5.55556
285.978 40.7017 9536.34 -5.55556
285.978 40.7044 9087.22 -5.55556
285.978 40.7071 11225.6 -5.55556
285.978 40.7098 9672.27 -5.55556
285.978 40.7125 10975.3 -5.55556
285.978 40.7153 9723.72 -5.55556
285.978 40.718 10818.2 -5.55556
285.978 40.7207 8678.49 -5.55556
285.978 40.7234 9788.92 -5.55556
285.978 40.7261 10061.2 -5.55556
285.978 40.7288 9518.48 -5.55556
285.978 40.7315 11010.1 -5.55556
285.978 40.7342 10718.7 -5.55556
285.978 40.7369 9491.54 -5.55556
285.978 40.7397 10681.2 -5.55556
285.978 40.7424 8152.51 -5.55556
285.978 40.7451 9125.48 -5.55556
285.978 40.7478 8167.69 -5.55556
285.978 40.7505 10155.2 -5.55556
285.978 40.7532 10392.4 -5.55556
285.978 40.7559 11545.4 -5.55556
285.978 40.7586 10627.7 -5.55556
285.978 40.7614 10158.1 -5.55556
285.978 40.7641 10379.9 -5.55556
285.978 40.7668 10043.9 -5.55556
285.978 40.7695 7385.18 -5.55556
285.978 40.7722 10940.7 -5.55556
285.978 40.7749 10622.3 -5.55556
285.978 40.7776 10872.2 -5.55556
285.978 40.7803 10813.3 -5.55556
285.978 40.7831 9064.77 -5.55556
285.978 40.7858 11588.4 -5.55556
285.978 40.7885 10249.4 -5.55556
285.978 40.7912 9104.28 -5.55556
285.978 40.7939 10542.7 -5.55556
285.978 40.7966 10431.8 -5.55556
285.978 40.7993 11546.1 -5.55556
285.978 40.802 10189.5 -5.55556
285.978 40.8047 10188.8 -5.55556
285.978 40.8075 9705.56 -5.55556
285.978 40.8102 10860.8 -5.55556
285.978 40.8129 8176.57 -5.55556
285.978 40.8156 10446.2 -5.55556
285.978 40.8183 11738.1 -5.55556
285.978 40.821 9151.19 -5.55556
285.978 40.8237 11146.5 -5.55556
285.978 40.8264 10043 -5.55556
285.978 40.8292 9583.77 -5.55556
285.978 40.8319 10757.6 -5.55556
285.978 40.8346 9862.77 -5.55556
285.978 40.8373 10726.8 -5.55556
285.978 40.84 10123.4 -5.55556
285.981 40.68 9825.05 -5.55556
285.981 40.6827 10254.5 -5.55556
285.981 40.6854 10160.3 -5.55556
285.981 40.6881 10204.5 -5.55556
285.981 40.6908 9862.56 -5.55556
285.981 40.6936 10478.2 -5.55556
285.981 40.6963 11181.8 -5.55556
285.981 40.699 9332.83 -5.55556
285.981 40.7017 10005.4 -5.55556
285.981 40.7044 9313.81 -5.55556
285.981 40.7071 11178.2 -5.55556
285.981 40.7098 10198.3 -5.55556
285.981 40.7125 11544.9 -5.55556
285.981 40.7153 11077.6 -5.55556
285.981 40.718 10498.4 -5.55556
285.981 40.7207 10034.3 -5.55556
285.981 40.7234 10135.7 -5.55556
285.981 40.7261 7958.03 -5.55556
285.981 40.7288 9126.65 -5.55556
285.981 40.7315 8865.85 -5.55556
285.981 40.7342 8973.49 -5.55556
285.981 40.7369 10445.3 -5.55556
285.981 40.7397 10052.5 -5.55556
285.981 40.7424 8789.36 -5.55556
285.981 40.7451 9412.86 -5.55556
285.981 40.7478 10014.8 -5.55556
285.981 40.7505 10441.6 -5.55556
285.981 40.7532 10334 -5.55556
285.981 40.7559 9390.5 -5.55556
285.981 40.7586 8982.23 -5.55556
285.981 40.7614 8278.24 -5.55556
285.981 40.7641 11754.7 -5.55556
285.981 40.7668 10734.6 -5.55556
285.981 40.7695 7149.02 -5.55556
285.981 40.7722 11037.9 -5.55556
285.981 40.7749 11711 -5.55556
285.981 40.7776 10249.3 -5.55556
285.981 40.7803 11596.4 -5.55556
285.981 40.7831 8885.82 -5.55556
285.981 40.7858 10916.5 -5.55556
285.981 40.7885 10956.8 -5.55556
285.981 40.7912 9825.91 -5.55556
285.981 40.7939 9489.45 -5.55556
285.981 40.7966 9888.16 -5.55556
285.981 40.7993 7513.5 -5.55556
285.981 40.802 11301.3 -5.55556
285.981 40.8047 9489.63 -5.55556
285.981 40.8075 9447.99 -5.55556
285.981 40.8102 8609.41 -5.55556
285.981 40.8129 9219.37 -5.55556
285.981 40.8156 10602 -5.55556
285.981 40.8183 9629.32 -5.55556
285.981 40.821 10445.5 -5.55556
285.981 40.8237 10243.5 -5.55556
285.981 40.8264 11270.8 -5.55556
285.981 40.8292 9525.85 -5.55556
285.981 40.8319 9178.07 -5.55556
285.981 40.8346 8924.51 -5.55556
285.981 40.8373 9756.21 -5.55556
285.981 40.84 9982.24 -5.55556
285.985 40.68 10738.7 -5.55556
285.985 40.6827 9943.72 -5.55556
285.985 40.6854 7975.24 -5.55556
285.985 40.6881 10173.7 -5.55556
285.985 40.6908 10279.5 -5.55556
285.985 40.6936 8336.79 -5.55556
285.985 40.6963 11555.5 -5.55556
285.985 40.699 9293.16 -5.55556
285.985 40.7017 9691.02 -5.55556
285.985 40.7044 8629.23 -5.55556
285.985 40.7071 9206.32 -5.55556
285.985 40.7098 10087.1 -5.55556
285.985 40.7125 9562.73 -5.55556
285.985 40.7153 11273.3 -5.55556
285.985 40.718 10504.8 -5.55556
285.985 40.7207 11426.9 -5.55556
285.985 40.7234 9467.4 -5.55556
285.985 40.7261 10387.3 -5.55556
285.985 40.7288 11914.6 -5.55556
285.985 40.7315 8933.16 -5.55556
285.985 40.7342 8327.95 -5.55556
285.985 40.7369 9585.84 -5.55556
285.985 40.7397 9379.7 -5.55556
285.985 40.7424 10527.3 -5.55556
285.985 40.7451 7311.21 -5.55556
285.985 40.7478 11140.3 -5.55556
285.985 40.7505 10863.4 -5.55556
285.985 40.7532 9783.36 -5.55556
285.985 40.7559 11502.8 -5.55556
285.985 40.7586 10100.9 -5.55556
285.985 40.7614 9728.98 -5.55556
285.985 40.7641 11320.3 -5.55556
285.985 40.7668 11584.1 -5.55556
285.985 40.7695 11054.9 -5.55556
285.985 40.7722 7608.62 -5.55556
285.985 40.7749 10761.2 -5.55556
285.985 40.7776 10378.6 -5.55556
285.985 40.7803 9350.19 -5.55556
285.985 40.7831 8690.67 -5.55556
285.985 40.7858 10838.9 -5.55556
285.985 40.7885 10109.3 -5.55556
285.985 40.7912 12047.6 -5.55556
285.985 40.7939 9686.18 -5.55556
285.985 40.7966 9277.4 -5.55556
285.985 40.7993 10134.1 -5.55556
285.985 40.802 9676.45 -5.55556
285.985 40.8047 8052.38 -5.55556
285.985 40.8075 11463.3 -5.55556
285.985 40.8102 10747.4 -5.55556
285.985 40.8129 10336 -5.55556
285.985 40.8156 9101.68 -5.55556
285.985 40.8183 10163.5 -5.55556
285.985 40.821 9488.79 -5.55556
285.985 40.8237 8210.48 -5.55556
285.985 40.8264 8528.79 -5.55556
285.985 40.8292 9969.22 -5.55556
285.985 40.8319 9673.59 -5.55556
285.985 40.8346 10483.5 -5.55556
285.985 40.8373 10245.2 -5.55556
285.985 40.84 9163.91 -5.55556
285.988 40.68 8502.71 -5.55556
285.988 40.6827 10601.5 -5.55556
285.988 40.6854 9408.21 -5.55556
285.988 40.6881 9746.8 -5.55556
285.988 40.6908 10625 -5.55556
285.988 40.6936 10313.7 -5.55556
285.988 40.6963 8946.33 -5.55556
285.988 40.699 11762.3 -5.55556
285.988 40.7017 8005.17 -5.55556
285.988 40.7044 7891.81 -5.55556
285.988 40.7071 11245.5 -5.55556
285.988 40.7098 7778.24 -5.55556
285.988 40.7125 9425.49 -5.55556
285.988 40.7153 9411.65 -5.55556
285.988 40.718 9420.19 -5.55556
285.988 40.7207 10133.3 -5.55556
285.988 40.7234 10626.4 -5.55556
285.988 40.7261 9519.36 -5.55556
285.988 40.7288 8805.74 -5.55556
285.988 40.7315 8853.67 -5.55556
285.988 40.7342 8883.08 -5.55556
285.988 40.7369 11487.8 -5.55556
285.988 40.7397 10307.5 -5.55556
285.988 40.7424 11141.6 -5.55556
285.988 40.7451 11352.6 -5.55556
285.988 40.7478 8893 -5.55556
285.988 40.7505 11679.4 -5.55556
285.988 40.7532 9788.19 -5.55556
285.988 40.7559 9183.32 -5.55556
285.988 40.7586 9168.27 -5.55556
285.988 40.7614 7055.24 -5.55556
285.988 40.7641 10113.6 -5.55556
285.988 40.7668 9418.14 -5.55556
285.988 40.7695 11026.4 -5.55556
285.988 40.7722 8535.85 -5.55556
285.988 40.7749 9017.93 -5.55556
285.988 40.7776 9667.78 -5.55556
285.988 40.7803 9261.74 -5.55556
285.988 40.7831 11340.2 -5.55556
285.988 40.7858 9261.31 -5.55556
285.988 40.7885 10869.5 -5.55556
285.988 40.7912 10348.8 -5.55556
285.988 40.7939 11354.6 -5.55556
285.988 40.7966 9147.95 -5.55556
285.988 40.7993 9326.28 -5.55556
285.988 40.802 9927.61 -5.55556
285.988 40.8047 10415.5 -5.55556
285.988 40.8075 8795.14 -5.55556
285.988 40.8102 10092.5 -5.55556
285.988 40.8129 10727.3 -5.55556
285.988 40.8156 10108.6 -5.55556
285.988 40.8183 10009.3 -5.55556
285.988 40.821 11166.3 -5.55556
285.988 40.8237 9521.52 -5.55556
285.988 40.8264 11190.7 -5.55556
285.988 40.8292 10389.4 -5.55556
285.988 40.8319 11308 -5.55556
285.988 40.8346 10007.5 -5.55556
285.988 40.8373 9808.59 -5.55556
285.988 40.84 9865.05 -5.55556
285.992 40.68 10040.1 -5.55556
285.992 40.6827 10553.7 -5.55556
285.992 40.6854 11112.1 -5.55556
285.992 40.6881 8927.86 -5.55556
285.992 40.6908 10138.7 -5.55556
285.992 40.6936 8807.54 -5.55556
285.992 40.6963 10976.7 -5.55556
285.992 40.699 10029.3 -5.55556
285.992 40.7017 9156.3 -5.55556
285.992 40.7044 10208.8 -5.55556
285.992 40.7071 10496.7 -5.55556
285.992 40.7098 9903.14 -5.55556
285.992 40.7125 10765.1 -5.55556
285.992 40.7153 9711.1 -5.55556
285.992 40.718 9649.01 -5.55556
285.992 40.7207 10223.7 -5.55556
285.992 40.7234 9573.17 -5.55556
285.992 40.7261 10341.6 -5.55556
285.992 40.7288 8900.21 -5.55556
285.992 40.7315 11739.9 -5.55556
285.992 40.7342 9785.33 -5.55556
285.992 40.7369 11707.9 -5.55556
285.992 40.7397 10337.1 -5.55556
285.992 40.7424 10638.8 -5.55556
285.992 40.7451 9581.9 -5.55556
285.992 40.7478 9614.92 -5.55556
285.992 40.7505 9700.99 -5.55556
285.992 40.7532 11589.3 -5.55556
285.992 40.7559 8256.87 -5.55556
285.992 40.7586 8052.59 -5.55556
285.992 40.7614 8426.62 -5.55556
285.992 40.7641 10027 -5.55556
285.992 40.7668 9490.74 -5.55556
285.992 40.7695 8183.29 -5.55556
285.992 40.7722 10059.2 -5.55556
285.992 40.7749 10333.7 -5.55556
285.992 40.7776 9696.32 -5.55556
285.992 40.7803 9987.36 -5.55556
285.992 40.7831 9210.26 -5.55556
285.992 40.7858 10106.2 -5.55556
285.992 40.7885 9029.61 -5.55556
285.992 40.7912 9897.1 -5.55556
285.992 40.7939 10515.4 -5.55556
285.992 40.7966 9407.77 -5.55556
285.992 40.7993 7490.35 -5.55556
285.992 40.802 8329.74 -5.55556
285.992 40.8047 10674.5 -5.55556
285.992 40.8075 9000.39 -5.55556
285.992 40.8102 10813.7 -5.55556
285.992 40.8129 8812.19 -5.55556
285.992 40.8156 10251.1 -5.55556
285.992 40.8183 7810.85 -5.55556
285.992 40.821 9627.13 -5.55556
285.992 40.8237 9161.75 -5.55556
285.992 40.8264 9357.05 -5.55556
285.992 40.8292 9491.61 -5.55556
285.992 40.8319 9763.19 -5.55556
285.992 40.8346 9081.03 -5.55556
285.992 40.8373 9561.25 -5.55556
285.992 40.84 9739.08 -5.55556
285.995 40.68 9876.14 -5.55556
285.995 40.6827 9911.27 -5.55556
285.995 40.6854 7774.58 -5.55556
285.995 40.6881 9487.37 -5.55556
285.995 40.6908 11166.9 -5.55556
285.995 40.6936 9210.61 -5.55556
285.995 40.6963 10241.5 -5.55556
285.995 40.699 8166.74 -5.55556
285.995 40.7017 11250.9 -5.55556
285.995 40.7044 7995.67 -5.55556
285.995 40.7071 11016.7 -5.55556
285.995 40.7098 10243.2 -5.55556
285.995 40.7125 8883 -5.55556
285.995 40.7153 11271.7 -5.55556
285.995 40.718 8901.88 -5.55556
285.995 40.7207 11115.1 -5.55556
285.995 40.7234 9722.59 -5.55556
285.995 40.7261 9233.27 -5.55556
285.995 40.7288 9570.6 -5.55556
285.995 40.7315 9720.96 -5.55556
285.995 40.7342 10709.2 -5.55556
285.995 40.7369 8621.13 -5.55556
285.995 40.7397 9645.52 -5.55556
285.995 40.7424 11795.7 -5.55556
285.995 40.7451 10363.6 -5.55556
285.995 40.7478 8824.7 -5.55556
285.995 40.7505 11057.1 -5.55556
285.995 40.7532 11089 -5.55556
285.995 40.7559 8608.09 -5.55556
285.995 40.7586 9269.65 -5.55556
285.995 40.7614 9639.75 -5.55556
285.995 40.7641 9829.47 -5.55556
285.995 40.7668 10134.9 -5.55556
285.995 40.7695 11685.4 -5.55556
285.995 40.7722 9899.92 -5.55556
285.995 40.7749 12099.7 -5.55556
285.995 40.7776 9838.09 -5.55556
285.995 40.7803 9933.55 -5.55556
285.995 40.7831 10406.3 -5.55556
285.995 40.7858 10125.9 -5.55556
285.995 40.7885 11905.3 -5.55556
285.995 40.7912 9952.87 -5.55556
285.995 40.7939 8918.27 -5.55556
285.995 40.7966 9930.03 -5.55556
285.995 40.7993 9679.77 -5.55556
285.995 40.802 9553.82 -5.55556
285.995 40.8047 7616.14 -5.55556
285.995 40.8075 9984.59 -5.55556
285.995 40.8102 9693.12 -5.55556
285.995 40.8129 10295.9 -5.55556
285.995 40.8156 12359.9 -5.55556
285.995 40.8183 11109.2 -5.55556
285.995 40.821 10059.7 -5.55556
285.995 40.8237 10397.8 -5.55556
285.995 40.8264 10369.3 -5.55556
285.995 40.8292 10935.4 -5.55556
285.995 40.8319 10457.4 -5.55556
285.995 40.8346 10059.8 -5.55556
285.995 40.8373 9298.57 -5.55556
285.995 40.84 9994.11 -5.55556
285.999 40.68 11318.6 -5.55556
285.999 40.6827 10689.7 -5.55556
285.999 40.6854 8679.9 -5.55556
285.999 40.6881 7494.44 -5.55556
285.999 40.6908 9827.67 -5.55556
285.999 40.6936 9196.03 -5.55556
285.999 40.6963 9654.9 -5.55556
285.999 40.699 9192.3 -5.55556
285.999 40.7017 10292.9 -5.55556
285.999 40.7044 10793.7 -5.55556
285.999 40.7071 11094.7 -5.55556
285.999 40.7098 8705.26 -5.55556
285.999 40.7125 9939.4 -5.55556
285.999 40.7153 10238.1 -5.55556
285.999 40.718 11472.6 -5.55556
285.999 40.7207 10869 -5.55556
285.999 40.7234 10344 -5.55556
285.999 40.7261 10803.7 -5.55556
285.999 40.7288 11228 -5.55556
285.999 40.7315 9424.44 -5.55556
285.999 40.7342 9682.02 -5.55556
285.999 40.7369 10355.4 -5.55556
285.999 40.7397 10064.4 -5.55556
285.999 40.7424 9506.15 -5.55556
285.999 40.7451 10253.4 -5.55556
285.999 40.7478 10166.2 -5.55556
285.999 40.7505 10585.2 -5.55556
285.999 40.7532 11403.5 -5.55556
285.999 40.7559 9785.03 -5.55556
285.999 40.7586 11185.6 -5.55556
285.999 40.7614 11295.9 -5.55556
285.999 40.7641 10100.4 -5.55556
285.999 40.7668 10640.3 -5.55556
285.999 40.7695 11727.7 -5.55556
285.999 40.7722 9450.92 -5.55556
285.999 40.7749 9282.98 -5.55556
285.999 40.7776 9259.2 -5.55556
285.999 40.7803 10489 -5.55556
285.999 40.7831 11320.5 -5.55556
285.999 40.7858 10164.8 -5.55556
285.999 40.7885 11433 -5.55556
285.999 40.7912 9825.68 -5.55556
285.999 40.7939 10612.8 -5.55556
285.999 40.7966 8454.73 -5.55556
285.999 40.7993 9888.49 -5.55556
285.999 40.802 10186.3 -5.55556
285.999 40.8047 11518.1 -5.55556
285.999 40.8075 10728.3 -5.55556
285.999 40.8102 10430.4 -5.55556
285.999 40.8129 9642.88 -5.55556
285.999 40.8156 10651.8 -5.55556
285.999 40.8183 10177.3 -5.55556
285.999 40.821 8585.67 -5.55556
285.999 40.8237 10319.5 -5.55556
285.999 40.8264 12644.3 -5.55556
285.999 40.8292 9330.79 -5.55556
285.999 40.8319 8419.96 -5.55556
285.999 40.8346 11009.8 -5.55556
285.999 40.8373 8881.35 -5.55556
285.999 40.84 10925.8 -5.55556
286.002 40.68 9267.31 -5.55556
286.002 40.6827 9559.02 -5.55556
286.002 40.6854 11767.5 -5.55556
286.002 40.6881 9940.31 -5.55556
286.002 40.6908 10777.2 -5.55556
286.002 40.6936 9573.34 -5.55556
286.002 40.6963 10283 -5.55556
286.002 40.699 10138.3 -5.55556
286.002 40.7017 8605.8 -5.55556
286.002 40.7044 10458.3 -5.55556
286.002 40.7071 10520.7 -5.55556
286.002 40.7098 9151.61 -5.55556
286.002 40.7125 10563.5 -5.55556
286.002 40.7153 10026 -5.55556
286.002 40.718 9744.43 -5.55556
286.002 40.7207 9137.77 -5.55556
286.002 40.7234 8501.86 -5.55556
286.002 40.7261 10272.7 -5.55556
286.002 40.7288 9590.09 -5.55556
286.002 40.7315 10073.2 -5.55556
286.002 40.7342 9945.71 -5.55556
286.002 40.7369 10178.1 -5.55556
286.002 40.7397 10223.1 -5.55556
286.002 40.7424 11185.8 -5.55556
286.002 40.7451 8820.46 -5.55556
286.002 40.7478 10982.2 -5.55556
286.002 40.7505 11246.7 -5.55556
286.002 40.7532 10187.8 -5.55556
286.002 40.7559 9037.32 -5.55556
286.002 40.7586 8992.92 -5.55556
286.002 40.7614 9653.9 -5.55556
286.002 40.7641 9598.11 -5.55556
286.002 40.7668 10612 -5.55556
286.002 40.7695 9337.46 -5.55556
286.002 40.7722 8912.56 -5.55556
286.002 40.7749 9203.94 -5.55556
286.002 40.7776 8476.61 -5.55556
286.002 40.7803 8355.38 -5.55556
286.002 40.7831 9369.18 -5.55556
286.002 40.7858 10554.7 -5.55556
286.002 40.7885 10701.4 -5.55556
286.002 40.7912 9466.82 -5.55556
286.002 40.7939 10802.1 -5.55556
286.002 40.7966 9805.72 -5.55556
286.002 40.7993 10185.5 -5.55556
286.002 40.802 8839.11 -5.55556
286.002 40.8047 9948.88 -5.55556
286.002 40.8075 10199.6 -5.55556
286.002 40.8102 9992.18 -5.55556
286.002 40.8129 10964.9 -5.55556
286.002 40.8156 11107.8 -5.55556
286.002 40.8183 12458.5 -5.55556
286.002 40.821 10543.9 -5.55556
286.002 40.8237 9836.28 -5.55556
286.002 40.8264 10474.4 -5.55556
286.002 40.8292 10384.2 -5.55556
286.002 40.8319 9632.69 -5.55556
286.002 40.8346 9458.66 -5.55556
286.002 40.8373 10439.7 -5.55556
286.002 40.84 9219.9 -5.55556
286.006 40.68 10887.2 -5.55556
286.006 40.6827 9108.9 -5.55556
286.006 40.6854 8603.75 -5.55556
286.006 40.6881 11387 -5.55556
286.006 40.6908 10590.9 -5.55556
286.006 40.6936 10138.2 -5.55556
286.006 40.6963 10467.9 -5.55556
286.006 40.699 10066 -5.55556
286.006 40.7017 10367.2 -5.55556
286.006 40.7044 11463.9 -5.55556
286.006 40.7071 8440.03 -5.55556
286.006 40.7098 8159.68 -5.55556
286.006 40.7125 10062 -5.55556
286.006 40.7153 7892.66 -5.55556
286.006 40.718 10575.1 -5.55556
286.006 40.7207 10570 -5.55556
286.006 40.7234 9335.16 -5.55556
286.006 40.7261 11182 -5.55556
286.006 40.7288 9813.46 -5.55556
286.006 40.7315 9698.11 -5.55556
286.006 40.7342 9309.79 -5.55556
286.006 40.7369 9421.83 -5.55556
286.006 40.7397 9414.24 -5.55556
286.006 40.7424 8240.21 -5.55556
286.006 40.7451 11577.6 -5.55556
286.006 40.7478 9344.31 -5.55556
286.006 40.7505 10836.1 -5.55556
286.006 40.7532 9461.66 -5.55556
286.006 40.7559 7307.33 -5.55556
286.006 40.7586 10509.3 -5.55556
286.006 40.7614 8869.2 -5.55556
286.006 40.7641 9515.7 -5.55556
286.006 40.7668 10066.3 -5.55556
286.006 40.7695 11198.2 -5.55556
286.006 40.7722 11689.6 -5.55556
286.006 40.7749 9532.82 -5.55556
286.006 40.7776 10090.1 -5.55556
286.006 40.7803 7941.95 -5.55556
286.006 40.7831 9031.78 -5.55556
286.006 40.7858 10535.2 -5.55556
286.006 40.7885 8957.36 -5.55556
286.006 40.7912 8332.32 -5.55556
286.006 40.7939 9411.93 -5.55556
286.006 40.7966 10462.5 -5.55556
286.006 40.7993 10920.7 -5.55556
286.006 40.802 10952.1 -5.55556
286.006 40.8047 10459.7 -5.55556
286.006 40.8075 9287.38 -5.55556
286.006 40.8102 9569.56 -5.55556
286.006 40.8129 8992.88 -5.55556
286.006 40.8156 9008.19 -5.55556
286.006 40.8183 10188.9 -5.55556
286.006 40.821 10635.6 -5.55556
286.006 40.8237 9967.02 -5.55556
286.006 40.8264 11968.7 -5.55556
286.006 40.8292 9232.38 -5.55556
286.006 40.8319 9417.73 -5.55556
286.006 40.8346 10349.1 -5.55556
286.006 40.8373 11167.6 -5.55556
286.006 40.84 9287.62 -5.55556
286.009 40.68 8696.13 -5.55556
286.009 40.6827 8214.17 -5.55556
286.009 40.6854 10131.1 -5.55556
286.009 40.6881 10709.6 -5.55556
286.009 40.6908 7329.96 -5.55556
286.009 40.6936 10498.6 -5.55556
286.009 40.6963 11475.8 -5.55556
286.009 40.699 8765.38 -5.55556
286.009 40.7017 9670.41 -5.55556
286.009 40.7044 10353.3 -5.55556
286.009 40.7071 11260.7 -5.55556
286.009 40.7098 7740.91 -5.55556
286.009 40.7125 10099.4 -5.55556
286.009 40.7153 10165.4 -5.55556
286.009 40.718 8554.1 -5.55556
286.009 40.7207 10226 -5.55556
286.009 40.7234 9921.63 -5.55556
286.009 40.7261 7385.72 -5.55556
286.009 40.7288 10477.9 -5.55556
286.009 40.7315 11586 -5.55556
286.009 40.7342 7560.98 -5.55556
286.009 40.7369 11233.3 -5.55556
286.009 40.7397 10881.6 -5.55556
286.009 40.7424 11170.4 -5.55556
286.009 40.7451 11010.7 -5.55556
286.009 40.7478 6923.13 -5.55556
286.009 40.7505 10768.8 -5.55556
286.009 40.7532 9981.06 -5.55556
286.009 40.7559 10990.9 -5.55556
286.009 40.7586 10141.8 -5.55556
286.009 40.7614 10191.8 -5.55556
286.009 40.7641 11023.3 -5.55556
286.009 40.7668 10196 -5.55556
286.009 40.7695 10225.5 -5.55556
286.009 40.7722 10029 -5.55556
286.009 40.7749 10078.4 -5.55556
286.009 40.7776 9796.33 -5.55556
286.009 40.7803 10189.8 -5.55556
286.009 40.7831 9788.17 -5.55556
286.009 40.7858 9180.61 -5.55556
286.009 40.7885 10955.9 -5.55556
286.009 40.7912 8432.38 -5.55556
286.009 40.7939 9662.42 -5.55556
286.009 40.7966 9324.23 -5.55556
286.009 40.7993 8232.63 -5.55556
286.009 40.802 9844.06 -5.55556
286.009 40.8047 10348 -5.55556
286.009 40.8075 10514.7 -5.55556
286.009 40.8102 10065.4 -5.55556
286.009 40.8129 8184.49 -5.55556
286.009 40.8156 10391.8 -5.55556
286.009 40.8183 9531.6 -5.55556
286.009 40.821 7954.84 -5.55556
286.009 40.8237 10989 -5.55556
286.009 40.8264 7657.84 -5.55556
286.009 40.8292 9181.18 -5.55556
286.009 40.8319 10840.5 -5.55556
286.009 40.8346 9234.74 -5.55556
286.009 40.8373 9879.95 -5.55556
286.009 40.84 9695.08 -5.55556
286.013 40.68 12417.5 -5.55556
286.013 40.6827 11103.4 -5.55556
286.013 40.6854 8415.85 -5.55556
286.013 40.6881 11237 -5.55556
286.013 40.6908 10851 -5.55556
286.013 40.6936 12276.4 -5.55556
286.013 40.6963 10351.8 -5.55556
286.013 40.699 10134.3 -5.55556
286.013 40.7017 8892.5 -5.55556
286.013 40.7044 11725.2 -5.55556
286.013 40.7071 11495.4 -5.55556
286.013 40.7098 10075.3 -5.55556
286.013 40.7125 9659.5 -5.55556
286.013 40.7153 9038.02 -5.55556
286.013 40.718 10257.1 -5.55556
286.013 40.7207 9773.68 -5.55556
286.013 40.7234 8099.16 -5.55556
286.013 40.7261 9931.66 -5.55556
286.013 40.7288 11116.3 -5.55556
286.013 40.7315 8831.29 -5.55556
286.013 40.7342 12080 -5.55556
286.013 40.7369 11430.2 -5.55556
286.013 40.7397 9009.9 -5.55556
286.013 40.7424 8008.02 -5.55556
286.013 40.7451 9853.19 -5.55556
286.013 40.7478 10083.2 -5.55556
286.013 40.7505 10137.5 -5.55556
286.013 40.7532 8389.12 -5.55556
286.013 40.7559 10738.4 -5.55556
286.013 40.7586 9873.79 -5.55556
286.013 40.7614 9439.09 -5.55556
286.013 40.7641 11639.3 -5.55556
286.013 40.7668 10391.2 -5.55556
286.013 40.7695 10127 -5.55556
286.013 40.7722 10724.4 -5.55556
286.013 40.7749 8376.69 -5.55556
286.013 40.7776 9348.06 -5.55556
286.013 40.7803 10606.1 -5.55556
286.013 40.7831 11723.6 -5.55556
286.013 40.7858 9028.31 -5.55556
286.013 40.7885 11418.6 -5.55556
286.013 40.7912 9259 -5.55556
286.013 40.7939 8384.52 -5.55556
286.013 40.7966 11817.9 -5.55556
286.013 40.7993 10939.8 -5.55556
286.013 40.802 10749.2 -5.55556
286.013 40.8047 10151.2 -5.55556
286.013 40.8075 10307.7 -5.55556
286.013 40.8102 9097.05 -5.55556
286.013 40.8129 9223.73 -5.55556
286.013 40.8156 10125 -5.55556
286.013 40.8183 9709.83 -5.55556
286.013 40.821 11053 -5.55556
286.013 40.8237 8521.73 -5.55556
286.013 40.8264 10595.8 -5.55556
286.013 40.8292 9653.65 -5.55556
286.013 40.8319 9641.54 -5.55556
286.013 40.8346 9808.24 -5.55556
286.013 40.8373 12470.3 -5.55556
286.013 40.84 10387.9 -5.55556
286.016 40.68 9819.78 -5.55556
286.016 40.6827 6197.1 -5.55556
286.016 40.6854 9939.92 -5.55556
286.016 40.6881 10072.7 -5.55556
286.016 40.6908 11500.4 -5.55556
286.016 40.6936 10049.4 -5.55556
286.016 40.6963 9700.4 -5.55556
286.016 40.699 10642.9 -5.55556
286.016 40.7017 8915.91 -5.55556
286.016 40.7044 8836.51 -5.55556
286.016 40.7071 8979.24 -5.55556
286.016 40.7098 8917.1 -5.55556
286.016 40.7125 10579.4 -5.55556
286.016 40.7153 8395.31 -5.55556
286.016 40.718 9955.62 -5.55556
286.016 40.7207 10316.9 -5.55556
286.016 40.7234 10521.8 -5.55556
286.016 40.7261 10152.3 -5.55556
286.016 40.7288 9969.62 -5.55556
286.016 40.7315 8387.2 -5.55556
286.016 40.7342 10210.8 -5.55556
286.016 40.7369 10483 -5.55556
286.016 40.7397 10088.9 -5.55556
286.016 40.7424 10923.6 -5.55556
286.016 40.7451 9487.99 -5.55556
286.016 40.7478 7331.4 -5.55556
286.016 40.7505 11048.8 -5.55556
286.016 40.7532 9986.09 -5.55556
286.016 40.7559 10528.3 -5.55556
286.016 40.7586 10637.6 -5.55556
286.016 40.7614 10605.2 -5.55556
286.016 40.7641 10373.9 -5.55556
286.016 40.7668 9408.51 -5.55556
286.016 40.7695 10811.6 -5.55556
286.016 40.7722 8777.56 -5.55556
286.016 40.7749 8208.81 -5.55556
286.016 40.7776 11594.1 -5.55556
286.016 40.7803 10558.8 -5.55556
286.016 40.7831 11949.5 -5.55556
286.016 40.7858 9778.24 -5.55556
286.016 40.7885 10193.1 -5.55556
286.016 40.7912 9837.02 -5.55556
286.016 40.7939 8266.35 -5.55556
286.016 40.7966 9692.45 -5.55556
286.016 40.7993 9043.88 -5.55556
286.016 40.802 10279.8 -5.55556
286.016 40.8047 11929.4 -5.55556
286.016 40.8075 8788.59 -5.55556
286.016 40.8102 8552.05 -5.55556
286.016 40.8129 8538.49 -5.55556
286.016 40.8156 10220 -5.55556
286.016 40.8183 10048.6 -5.55556
286.016 40.821 8875.19 -5.55556
286.016 40.8237 9995.71 -5.55556
286.016 40.8264 10318.4 -5.55556
286.016 40.8292 11579.7 -5.55556
286.016 40.8319 10314.1 -5.55556
286.016 40.8346 10547.4 -5.55556
286.016 40.8373 10263.3 -5.55556
286.016 40.84 8730.42 -5.55556
286.02 40.68 10839.1 -5.55556
286.02 40.6827 9351.76 -5.55556
286.02 40.6854 9516.28 -5.55556
286.02 40.6881 8984.3 -5.55556
286.02 40.6908 9762.96 -5.55556
286.02 40.6936 9897.86 -5.55556
286.02 40.6963 11644.4 -5.55556
286.02 40.699 9294.82 -5.55556
286.02 40.7017 10720.6 -5.55556
286.02 40.7044 10586.9 -5.55556
286.02 40.7071 10425.9 -5.55556
286.02 40.7098 11115.7 -5.55556
286.02 40.7125 11185.3 -5.55556
286.02 40.7153 10896.2 -5.55556
286.02 40.718 9956.61 -5.55556
286.02 40.7207 9072.27 -5.55556
286.02 40.7234 10036.3 -5.55556
286.02 40.7261 9392.64 -5.55556
286.02 40.7288 8861.02 -5.55556
286.02 40.7315 8914.16 -5.55556
286.02 40.7342 8872.78 -5.55556
286.02 40.7369 10037.6 -5.55556
286.02 40.7397 8313.75 -5.55556
286.02 40.7424 10192.4 -5.55556
286.02 40.7451 10002.4 -5.55556
286.02 40.7478 11148.2 -5.55556
286.02 40.7505 9412.73 -5.55556
286.02 40.7532 9783.8 -5.55556
286.02 40.7559 10046.4 -5.55556
286.02 40.7586 10803.6 -5.55556
286.02 40.7614 8050.04 -5.55556
286.02 40.7641 12071.5 -5.55556
286.02 40.7668 10042.3 -5.55556
286.02 40.7695 9325.09 -5.55556
286.02 40.7722 11130.3 -5.55556
286.02 40.7749 10744.7 -5.55556
286.02 40.7776 12292.6 -5.55556
286.02 40.7803 7532.18 -5.55556
286.02 40.7831 10469.6 -5.55556
286.02 40.7858 10873.4 -5.55556
286.02 40.7885 10340.8 -5.55556
286.02 40.7912 11076.8 -5.55556
286.02 40.7939 10858.5 -5.55556
286.02 40.7966 9884.53 -5.55556
286.02 40.7993 8681.16 -5.55556
286.02 40.802 9683.73 -5.55556
286.02 40.8047 12395.7 -5.55556
286.02 40.8075 9163.43 -5.55556
286.02 40.8102 10018.4 -5.55556
286.02 40.8129 11853.7 -5.55556
286.02 40.8156 9174.48 -5.55556
286.02 40.8183 10751.5 -5.55556
286.02 40.821 10337.7 -5.55556
286.02 40.8237 10312.9 -5.55556
286.02 40.8264 11225.9 -5.55556
286.02 40.8292 10238.4 -5.55556
286.02 40.8319 7882.6 -5.55556
286.02 40.8346 11423.8 -5.55556
286.02 40.8373 10113.1 -5.55556
286.02 40.84 10227.5 -5.55556
286.024 40.68 11241.1 -5.55556
286.024 40.6827 10892.1 -5.55556
286.024 40.6854 10164.2 -5.55556
286.024 40.6881 11619.7 -5.55556
286.024 40.6908 10980.2 -5.55556
286.024 40.6936 9998.28 -5.55556
286.024 40.6963 9690.64 -5.55556
286.024 40.699 12968.1 -5.55556
286.024 40.7017 7876.13 -5.55556
286.024 40.7044 9862.33 -5.55556
286.024 40.7071 9391.14 -5.55556
286.024 40.7098 9223.42 -5.55556
286.024 40.7125 11128.5 -5.55556
286.024 40.7153 11935.9 -5.55556
286.024 40.718 10955.4 -5.55556
286.024 40.7207 12104.4 -5.55556
286.024 40.7234 9123.08 -5.55556
286.024 40.7261 9782.67 -5.55556
286.024 40.7288 9653.04 -5.55556
286.024 40.7315 7726.07 -5.55556
286.024 40.7342 10520.3 -5.55556
286.024 40.7369 10703.6 -5.55556
286.024 40.7397 10834.5 -5.55556
286.024 40.7424 10591.3 -5.55556
286.024 40.7451 7946.83 -5.55556
286.024 40.7478 11353.2 -5.55556
286.024 40.7505 8587.6 -5.55556
286.024 40.7532 7007.6 -5.55556
286.024 40.7559 8802.47 -5.55556
286.024 40.7586 9410.55 -5.55556
286.024 40.7614 9571.08 -5.55556
286.024 40.7641 11434.5 -5.55556
286.024 40.7668 9555.35 -5.55556
286.024 40.7695 9171.55 -5.55556
286.024 40.7722 11069.9 -5.55556
286.024 40.7749 9729.41 -5.55556
286.024 40.7776 10031.5 -5.55556
286.024 40.7803 9729.8 -5.55556
286.024 40.7831 10163.2 -5.55556
286.024 40.7858 9437.05 -5.55556
286.024 40.7885 10121.7 -5.55556
286.024 40.7912 10914.7 -5.55556
286.024 40.7939 10415.4 -5.55556
286.024 40.7966 8221.69 -5.55556
286.024 40.7993 9543.07 -5.55556
286.024 40.802 8486.3 -5.55556
286.024 40.8047 10582.1 -5.55556
286.024 40.8075 10212.1 -5.55556
286.024 40.8102 8830.23 -5.55556
286.024 40.8129 10251 -5.55556
286.024 40.8156 8790.37 -5.55556
286.024 40.8183 10633.7 -5.55556
286.024 40.821 8615.47 -5.55556
286.024 40.8237 9821.17 -5.55556
286.024 40.8264 8211.33 -5.55556
286.024 40.8292 10227.2 -5.55556
286.024 40.8319 10323.1 -5.55556
286.024 40.8346 8923.02 -5.55556
286.024 40.8373 8504.49 -5.55556
286.024 40.84 11373.4 -5.55556
286.027 40.68 10985 -5.55556
286.027 40.6827 8959 -5.55556
286.027 40.6854 9318.17 -5.55556
286.027 40.6881 11157.9 -5.55556
286.027 40.6908 11349.1 -5.55556
286.027 40.6936 9078.53 -5.55556
286.027 40.6963 10037.9 -5.55556
286.027 40.699 9975.06 -5.55556
286.027 40.7017 11034.2 -5.55556
286.027 40.7044 10058.4 -5.55556
286.027 40.7071 8891.33 -5.55556
286.027 40.7098 10490 -5.55556
286.027 40.7125 10223.8 -5.55556
286.027 40.7153 10355.6 -5.55556
286.027 40.718 9961.25 -5.55556
286.027 40.7207 9507.12 -5.55556
286.027 40.7234 10398.4 -5.55556
286.027 40.7261 10719.4 -5.55556
286.027 40.7288 10611.2 -5.55556
286.027 40.7315 9811.99 -5.55556
286.027 40.7342 10117.4 -5.55556
286.027 40.7369 9566.98 -5.55556
286.027 40.7397 9901.5 -5.55556
286.027 40.7424 8170.03 -5.55556
286.027 40.7451 9239.75 -5.55556
286.027 40.7478 9876.53 -5.55556
286.027 40.7505 9893 -5.55556
286.027 40.7532 9449.32 -5.55556
286.027 40.7559 9901.34 -5.55556
286.027 40.7586 10114.3 -5.55556
286.027 40.7614 9983 -5.55556
286.027 40.7641 9176.16 -5.55556
286.027 40.7668 9411.26 -5.55556
286.027 40.7695 11361.1 -5.55556
286.027 40.7722 9216.53 -5.55556
286.027 40.7749 8941.4 -5.55556
286.027 40.7776 9506.37 -5.55556
286.027 40.7803 9635.64 -5.55556
286.027 40.7831 9359.1 -5.55556
286.027 40.7858 10186.1 -5.55556
286.027 40.7885 9257.07 -5.55556
286.027 40.7912 11366.7 -5.55556
286.027 40.7939 10411.3 -5.55556
286.027 40.7966 10449.8 -5.55556
286.027 40.7993 9356.44 -5.55556
286.027 40.802 10169.1 -5.55556
286.027 40.8047 8756.31 -5.55556
286.027 40.8075 9890.24 -5.55556
286.027 40.8102 10569.8 -5.55556
286.027 40.8129 8841.92 -5.55556
286.027 40.8156 10516.4 -5.55556
286.027 40.8183 11391.5 -5.55556
286.027 40.821 10263.2 -5.55556
286.027 40.8237 8115.7 -5.55556
286.027 40.8264 10327.6 -5.55556
286.027 40.8292 11172.6 -5.55556
286.027 40.8319 8705.21 -5.55556
286.027 40.8346 10235.9 -5.55556
286.027 40.8373 10714.1 -5.55556
286.027 40.84 11616.1 -5.55556
286.031 40.68 9430.45 -5.55556
286.031 40.6827 9637.62 -5.55556
286.031 40.6854 9788.45 -5.55556
286.031 40.6881 10955.1 -5.55556
286.031 40.6908 10493 -5.55556
286.031 40.6936 11954.4 -5.55556
286.031 40.6963 10160.9 -5.55556
286.031 40.699 10460.3 -5.55556
286.031 40.7017 9852.01 -5.55556
286.031 40.7044 9511.01 -5.55556
286.031 40.7071 9688.78 -5.55556
286.031 40.7098 9186.11 -5.55556
286.031 40.7125 9964.24 -5.55556
286.031 40.7153 10361.8 -5.55556
286.031 40.718 9644.2 -5.55556
286.031 40.7207 10259.4 -5.55556
286.031 40.7234 8988.44 -5.55556
286.031 40.7261 12896.7 -5.55556
286.031 40.7288 10233.1 -5.55556
286.031 40.7315 8846.99 -5.55556
286.031 40.7342 6944.37 -5.55556
286.031 40.7369 8612.32 -5.55556
286.031 40.7397 8551.63 -5.55556
286.031 40.7424 9649.58 -5.55556
286.031 40.7451 9386.1 -5.55556
286.031 40.7478 9406.99 -5.55556
286.031 40.7505 9586.84 -5.55556
286.031 40.7532 9471.06 -5.55556
286.031 40.7559 8787.41 -5.55556
286.031 40.7586 10056.1 -5.55556
286.031 40.7614 10474.2 -5.55556
286.031 40.7641 11670.1 -5.55556
286.031 40.7668 10268 -5.55556
286.031 40.7695 12131.2 -5.55556
286.031 40.7722 8540.94 -5.55556
286.031 40.7749 8335.95 -5.55556
286.031 40.7776 9722.43 -5.55556
286.031 40.7803 8761.62 -5.55556
286.031 40.7831 10853.6 -5.55556
286.031 40.7858 10810.6 -5.55556
286.031 40.7885 10515.7 -5.55556
286.031 40.7912 10981.2 -5.55556
286.031 40.7939 9757.41 -5.55556
286.031 40.7966 9270.69 -5.55556
286.031 40.7993 8919.92 -5.55556
286.031 40.802 8939.37 -5.55556
286.031 40.8047 11647.2 -5.55556
286.031 40.8075 8230.52 -5.55556
286.031 40.8102 10484.1 -5.55556
286.031 40.8129 11188.1 -5.55556
286.031 40.8156 7241.15 -5.55556
286.031 40.8183 9214.91 -5.55556
286.031 40.821 9732.11 -5.55556
286.031 40.8237 9722.7 -5.55556
286.031 40.8264 9323.8 -5.55556
286.031 40.8292 11215.8 -5.55556
286.031 40.8319 10571.4 -5.55556
286.031 40.8346 10709 -5.55556
286.031 40.8373 10709.5 -5.55556
286.031 40.84 9574.47 -5.55556
286.034 40.68 9262.07 -5.55556
286.034 40.6827 10651.7 -5.55556
286.034 40.6854 10297.9 -5.55556
286.034 40.6881 8120.31 -5.55556
286.034 40.6908 8416.88 -5.55556
286.034 40.6936 9375.3 -5.55556
286.034 40.6963 10225.6 -5.55556
286.034 40.699 8311.72 -5.55556
286.034 40.7017 9400.22 -5.55556
286.034 40.7044 9884.18 -5.55556
286.034 40.7071 9293.4 -5.55556
286.034 40.7098 8019.77 -5.55556
286.034 40.7125 10763.9 -5.55556
286.034 40.7153 8936.32 -5.55556
286.034 40.718 9041.37 -5.55556
286.034 40.7207 9134.42 -5.55556
286.034 40.7234 9860.44 -5.55556
286.034 40.7261 8103.31 -5.55556
286.034 40.7288 9852.32 -5.55556
286.034 40.7315 11194.2 -5.55556
286.034 40.7342 11517.9 -5.55556
286.034 40.7369 9174.09 -5.55556
286.034 40.7397 9445.37 -5.55556
286.034 40.7424 9845.03 -5.55556
286.034 40.7451 10155.6 -5.55556
286.034 40.7478 10565.1 -5.55556
286.034 40.7505 11195.6 -5.55556
286.034 40.7532 10427.9 -5.55556
286.034 40.7559 9252.83 -5.55556
286.034 40.7586 9878.75 -5.55556
286.034 40.7614 8501.89 -5.55556
286.034 40.7641 10099.7 -5.55556
286.034 40.7668 10538.4 -5.55556
286.034 40.7695 10178.3 -5.55556
286.034 40.7722 11366.8 -5.55556
286.034 40.7749 9256.86 -5.55556
286.034 40.7776 11036.2 -5.55556
286.034 40.7803 10502.3 -5.55556
286.034 40.7831 9691.74 -5.55556
286.034 40.7858 10929.5 -5.55556
286.034 40.7885 10797.4 -5.55556
286.034 40.7912 9196.43 -5.55556
286.034 40.7939 9879.65 -5.55556
286.034 40.7966 10129.7 -5.55556
286.034 40.7993 9343.57 -5.55556
286.034 40.802 11206.6 -5.55556
286.034 40.8047 9653.38 -5.55556
286.034 40.8075 10203.3 -5.55556
286.034 40.8102 9867.83 -5.55556
286.034 40.8129 8852.96 -5.55556
286.034 40.8156 10536.8 -5.55556
286.034 40.8183 8632.97 -5.55556
286.034 40.821 10350.9 -5.55556
286.034 40.8237 10148.5 -5.55556
286.034 40.8264 10151.6 -5.55556
286.034 40.8292 9153.62 -5.55556
286.034 40.8319 9884.84 -5.55556
286.034 40.8346 9374.7 -5.55556
286.034 40.8373 10862.2 -5.55556
286.034 40.84 11040 -5.55556
286.038 40.68 10280 -5.55556
286.038 40.6827 8881.9 -5.55556
286.038 40.6854 10032 -5.55556
286.038 40.6881 8519.81 -5.55556
286.038 40.6908 8563.77 -5.55556
286.038 40.6936 9883.21 -5.55556
286.038 40.6963 11319.8 -5.55556
286.038 40.699 9421.39 -5.55556
286.038 40.7017 9396.61 -5.55556
286.038 40.7044 8826.13 -5.55556
286.038 40.7071 9724.16 -5.55556
286.038 40.7098 9685.24 -5.55556
286.038 40.7125 8459 -5.55556
286.038 40.7153 10171.9 -5.55556
286.038 40.718 9685.02 -5.55556
286.038 40.7207 9866.31 -5.55556
286.038 40.7234 10577.8 -5.55556
286.038 40.7261 8532.25 -5.55556
286.038 40.7288 11578.5 -5.55556
286.038 40.7315 9004.3 -5.55556
286.038 40.7342 9833.86 -5.55556
286.038 40.7369 10800.9 -5.55556
286.038 40.7397 9073.55 -5.55556
286.038 40.7424 10233.8 -5.55556
286.038 40.7451 10589.3 -5.55556
286.038 40.7478 8945.73 -5.55556
286.038 40.7505 11016.8 -5.55556
286.038 40.7532 10427.6 -5.55556
286.038 40.7559 9990.29 -5.55556
286.038 40.7586 9501.18 -5.55556
286.038 40.7614 9872.43 -5.55556
286.038 40.7641 10109.8 -5.55556
286.038 40.7668 8723.45 -5.55556
286.038 40.7695 10165.4 -5.55556
286.038 40.7722 10454 -5.55556
286.038 40.7749 9264.38 -5.55556
286.038 40.7776 9377.95 -5.55556
286.038 40.7803 10865.2 -5.55556
286.038 40.7831 10781.1 -5.55556
286.038 40.7858 8584.05 -5.55556
286.038 40.7885 9783.16 -5.55556
286.038 40.7912 10037.8 -5.55556
286.038 40.7939 10391.7 -5.55556
286.038 40.7966 9970.83 -5.55556
286.038 40.7993 9374.09 -5.55556
286.038 40.802 10460.8 -5.55556
286.038 40.8047 8420.46 -5.55556
286.038 40.8075 11206.7 -5.55556
286.038 40.8102 10130.7 -5.55556
286.038 40.8129 10036.2 -5.55556
286.038 40.8156 10445.4 -5.55556
286.038 40.8183 10049 -5.55556
286.038 40.821 10771.9 -5.55556
286.038 40.8237 10650.8 -5.55556
286.038 40.8264 10493.9 -5.55556
286.038 40.8292 9752.84 -5.55556
286.038 40.8319 10144.2 -5.55556
286.038 40.8346 11467 -5.55556
286.038 40.8373 9756.75 -5.55556
286.038 40.84 9398.2 -5.55556
286.041 40.68 10404.9 -5.55556
286.041 40.6827 11237.4 -5.55556
286.041 40.6854 10164.2 -5.55556
286.041 40.6881 8935.99 -5.55556
286.041 40.6908 8473.49 -5.55556
286.041 40.6936 10591 -5.55556
286.041 40.6963 10007.7 -5.55556
286.041 40.699 10481.6 -5.55556
286.041 40.7017 8251.88 -5.55556
286.041 40.7044 10919.1 -5.55556
286.041 40.7071 8477.4 -5.55556
286.041 40.7098 9392.15 -5.55556
286.041 40.7125 11277.3 -5.55556
286.041 40.7153 10662.7 -5.55556
286.041 40.718 8147.41 -5.55556
286.041 40.7207 9785.45 -5.55556
286.041 40.7234 8226.46 -5.55556
286.041 40.7261 10696 -5.55556
286.041 40.7288 8710.38 -5.55556
286.041 40.7315 10824.3 -5.55556
286.041 40.7342 12757.7 -5.55556
286.041 40.7369 8363.58 -5.55556
286.041 40.7397 9706.91 -5.55556
286.041 40.7424 9769.66 -5.55556
286.041 40.7451 10819.9 -5.55556
286.041 40.7478 8752.41 -5.55556
286.041 40.7505 10381.5 -5.55556
286.041 40.7532 8733.25 -5.55556
286.041 40.7559 9929.62 -5.55556
286.041 40.7586 10485.5 -5.55556
286.041 40.7614 11163.4 -5.55556
286.041 40.7641 9341.58 -5.55556
286.041 40.7668 11459.5 -5.55556
286.041 40.7695 9833.71 -5.55556
286.041 40.7722 9274.25 -5.55556
286.041 40.7749 9708.18 -5.55556
286.041 40.7776 8787.47 -5.55556
286.041 40.7803 10484.1 -5.55556
286.041 40.7831 10112.6 -5.55556
286.041 40.7858 10556.9 -5.55556
286.041 40.7885 9837.45 -5.55556
286.041 40.7912 10266.4 -5.55556
286.041 40.7939 10549.8 -5.55556
286.041 40.7966 10455.8 -5.55556
286.041 40.7993 10756.6 -5.55556
286.041 40.802 9844.03 -5.55556
286.041 40.8047 10879 -5.55556
286.041 40.8075 9360.7 -5.55556
286.041 40.8102 9176.57 -5.55556
286.041 40.8129 10450.2 -5.55556
286.041 40.8156 10865.1 -5.55556
286.041 40.8183 8675.86 -5.55556
286.041 40.821 9568.37 -5.55556
286.041 40.8237 10180.2 -5.55556
286.041 40.8264 8835.87 -5.55556
286.041 40.8292 12074.4 -5.55556
286.041 40.8319 8534.88 -5.55556
286.041 40.8346 10450.1 -5.55556
286.041 40.8373 11779.7 -5.55556
286.041 40.84 10817 -5.55556
286.045 40.68 9107.26 -5.55556
286.045 40.6827 9986.07 -5.55556
286.045 40.6854 10506.5 -5.55556
286.045 40.6881 8311.38 -5.55556
286.045 40.6908 11789.4 -5.55556
286.045 40.6936 12285.6 -5.55556
286.045 40.6963 10490.4 -5.55556
286.045 40.699 11323 -5.55556
286.045 40.7017 9930.12 -5.55556
286.045 40.7044 10253 -5.55556
286.045 40.7071 9576.68 -5.55556
286.045 40.7098 9609.52 -5.55556
286.045 40.7125 10041.2 -5.55556
286.045 40.7153 9108.84 -5.55556
286.045 40.718 8827.52 -5.55556
286.045 40.7207 8376.12 -5.55556
286.045 40.7234 9989.98 -5.55556
286.045 40.7261 9119.1 -5.55556
286.045 40.7288 10715.3 -5.55556
286.045 40.7315 11287.3 -5.55556
286.045 40.7342 9892.63 -5.55556
286.045 40.7369 11365 -5.55556
286.045 40.7397 8137.84 -5.55556
286.045 40.7424 9420.25 -5.55556
286.045 40.7451 10830.2 -5.55556
286.045 40.7478 8201.95 -5.55556
286.045 40.7505 10363.2 -5.55556
286.045 40.7532 10433.7 -5.55556
286.045 40.7559 7791.92 -5.55556
286.045 40.7586 9711.51 -5.55556
286.045 40.7614 10434.4 -5.55556
286.045 40.7641 7056.46 -5.55556
286.045 40.7668 11292.4 -5.55556
286.045 40.7695 11294.9 -5.55556
286.045 40.7722 11307.3 -5.55556
286.045 40.7749 10060.1 -5.55556
286.045 40.7776 11112.4 -5.55556
286.045 40.7803 10786.5 -5.55556
286.045 40.7831 10104.1 -5.55556
286.045 40.7858 10814 -5.55556
286.045 40.7885 9077.22 -5.55556
286.045 40.7912 9921.15 -5.55556
286.045 40.7939 10982.9 -5.55556
286.045 40.7966 10043.3 -5.55556
286.045 40.7993 10507.8 -5.55556
286.045 40.802 8337.87 -5.55556
286.045 40.8047 9541.16 -5.55556
286.045 40.8075 8018.35 -5.55556
286.045 40.8102 11060 -5.55556
286.045 40.8129 11038.3 -5.55556
286.045 40.8156 10822.2 -5.55556
286.045 40.8183 10739.5 -5.55556
286.045 40.821 10023.5 -5.55556
286.045 40.8237 9618.6 -5.55556
286.045 40.8264 9470.71 -5.55556
286.045 40.8292 11123 -5.55556
286.045 40.8319 9671 -5.55556
286.045 40.8346 9901.86 -5.55556
286.045 40.8373 11792.2 -5.55556
286.045 40.84 9993.92 -5.55556
286.048 40.68 10121.5 -5.55556
286.048 40.6827 9260.85 -5.55556
286.048 40.6854 10404.6 -5.55556
286.048 40.6881 10953.9 -5.55556
286.048 40.6908 9067.93 -5.55556
286.048 40.6936 9683.57 -5.55556
286.048 40.6963 9501.18 -5.55556
286.048 40.699 9888.42 -5.55556
286.048 40.7017 9720.05 -5.55556
286.048 40.7044 9801.12 -5.55556
286.048 40.7071 9165.4 -5.55556
286.048 40.7098 10695.8 -5.55556
286.048 40.7125 8654.46 -5.55556
286.048 40.7153 10663.2 -5.55556
286.048 40.718 9946.5 -5.55556
286.048 40.7207 9109.2 -5.55556
286.048 40.7234 10186.1 -5.55556
286.048 40.7261 12139.4 -5.55556
286.048 40.7288 9146.35 -5.55556
286.048 40.7315 9700.8 -5.55556
286.048 40.7342 10095.4 -5.55556
286.048 40.7369 9142.25 -5.55556
286.048 40.7397 9927.23 -5.55556
286.048 40.7424 10875.9 -5.55556
286.048 40.7451 10073.2 -5.55556
286.048 40.7478 10129.2 -5.55556
286.048 40.7505 8421.65 -5.55556
286.048 40.7532 11372.9 -5.55556
286.048 40.7559 10397.2 -5.55556
286.048 40.7586 9658.86 -5.55556
286.048 40.7614 9812.26 -5.55556
286.048 40.7641 8864.61 -5.55556
286.048 40.7668 10458.5 -5.55556
286.048 40.7695 11406.4 -5.55556
286.048 40.7722 10942.5 -5.55556
286.048 40.7749 11267.6 -5.55556
286.048 40.7776 9258.17 -5.55556
286.048 40.7803 10925.5 -5.55556
286.048 40.7831 10066.5 -5.55556
286.048 40.7858 8967.17 -5.55556
286.048 40.7885 10886.3 -5.55556
286.048 40.7912 7545.3 -5.55556
286.048 40.7939 11613.4 -5.55556
286.048 40.7966 9196.54 -5.55556
286.048 40.7993 9412.73 -5.55556
286.048 40.802 10134.1 -5.55556
286.048 40.8047 11254.6 -5.55556
286.048 40.8075 9507.22 -5.55556
286.048 40.8102 11183.5 -5.55556
286.048 40.8129 10271.4 -5.55556
286.048 40.8156 11193.5 -5.55556
286.048 40.8183 9627.25 -5.55556
286.048 40.821 10737.7 -5.55556
286.048 40.8237 10687.1 -5.55556
286.048 40.8264 9642.99 -5.55556
286.048 40.8292 11559.2 -5.55556
286.048 40.8319 11104.3 -5.55556
286.048 40.8346 8541.35 -5.55556
286.048 40.8373 9536.7 -5.55556
286.048 40.84 7961.82 -5.55556
286.052 40.68 11163.7 -5.55556
286.052 40.6827 12014.8 -5.55556
286.052 40.6854 10613.9 -5.55556
286.052 40.6881 7721.6 -5.55556
286.052 40.6908 10323.4 -5.55556
286.052 40.6936 10070.2 -5.55556
286.052 40.6963 9112.7 -5.55556
286.052 40.699 11226.8 -5.55556
286.052 40.7017 10236.1 -5.55556
286.052 40.7044 11185.4 -5.55556
286.052 40.7071 9850.89 -5.55556
286.052 40.7098 9488.67 -5.55556
286.052 40.7125 10425 -5.55556
286.052 40.7153 11594.3 -5.55556
286.052 40.718 10397.9 -5.55556
286.052 40.7207 9956.9 -5.55556
286.052 40.7234 9356.88 -5.55556
286.052 40.7261 9495.15 -5.55556
286.052 40.7288 9266.58 -5.55556
286.052 40.7315 10342.7 -5.55556
286.052 40.7342 8365.18 -5.55556
286.052 40.7369 10064.9 -5.55556
286.052 40.7397 10023.4 -5.55556
286.052 40.7424 7796.22 -5.55556
286.052 40.7451 11196.9 -5.55556
286.052 40.7478 10276.6 -5.55556
286.052 40.7505 9977.83 -5.55556
286.052 40.7532 9703.61 -5.55556
286.052 40.7559 10323.4 -5.55556
286.052 40.7586 7226.81 -5.55556
286.052 40.7614 9577.66 -5.55556
286.052 40.7641 8990.69 -5.55556
286.052 40.7668 11218.7 -5.55556
286.052 40.7695 10521.4 -5.55556
286.052 40.7722 9727.47 -5.55556
286.052 40.7749 8962.57 -5.55556
286.052 40.7776 10217.6 -5.55556
286.052 40.7803 6860.59 -5.55556
286.052 40.7831 8596.25 -5.55556
286.052 40.7858 8956.78 -5.55556
286.052 40.7885 9944.06 -5.55556
286.052 40.7912 10354.3 -5.55556
286.052 40.7939 9818.16 -5.55556
286.052 40.7966 7018.95 -5.55556
286.052 40.7993 12695.4 -5.55556
286.052 40.802 9015.8 -5.55556
286.052 40.8047 10029 -5.55556
286.052 40.8075 9456.7 -5.55556
286.052 40.8102 10687.2 -5.55556
286.052 40.8129 9333.45 -5.55556
286.052 40.8156 10584.6 -5.55556
286.052 40.8183 9830.63 -5.55556
286.052 40.821 9809.13 -5.55556
286.052 40.8237 9130.97 -5.55556
286.052 40.8264 10648.8 -5.55556
286.052 40.8292 9944.21 -5.55556
286.052 40.8319 11486.3 -5.55556
286.052 40.8346 10298.4 -5.55556
286.052 40.8373 10652.5 -5.55556
286.052 40.84 11679.1 -5.55556
286.055 40.68 10096 -5.55556
286.055 40.6827 11046.3 -5.55556
286.055 40.6854 11092.1 -5.55556
286.055 40.6881 9447.16 -5.55556
286.055 40.6908 10916.8 -5.55556
286.055 40.6936 10695.9 -5.55556
286.055 40.6963 9742.12 -5.55556
286.055 40.699 11623.6 -5.55556
286.055 40.7017 9365.17 -5.55556
286.055 40.7044 10565.2 -5.55556
286.055 40.7071 11483.7 -5.55556
286.055 40.7098 9325.79 -5.55556
286.055 40.7125 10209.3 -5.55556
286.055 40.7153 9574.89 -5.55556
286.055 40.718 9044.08 -5.55556
286.055 40.7207 11402.8 -5.55556
286.055 40.7234 10071.8 -5.55556
286.055 40.7261 10348.5 -5.55556
286.055 40.7288 10735.8 -5.55556
286.055 40.7315 11586 -5.55556
286.055 40.7342 8269.59 -5.55556
286.055 40.7369 10365.1 -5.55556
286.055 40.7397 7826.64 -5.55556
286.055 40.7424 9243.39 -5.55556
286.055 40.7451 10479.3 -5.55556
286.055 40.7478 11341.7 -5.55556
286.055 40.7505 10256.7 -5.55556
286.055 40.7532 8182.5 -5.55556
286.055 40.7559 10836.1 -5.55556
286.055 40.7586 10459.5 -5.55556
286.055 40.7614 11492.4 -5.55556
286.055 40.7641 9158.16 -5.55556
286.055 40.7668 10807.7 -5.55556
286.055 40.7695 10620.5 -5.55556
286.055 40.7722 10533.7 -5.55556
286.055 40.7749 8517.64 -5.55556
286.055 40.7776 10101.4 -5.55556
286.055 40.7803 9416.25 -5.55556
286.055 40.7831 11268.8 -5.55556
286.055 40.7858 10508.4 -5.55556
286.055 40.7885 10447.4 -5.55556
286.055 40.7912 9199.61 -5.55556
286.055 40.7939 9275.38 -5.55556
286.055 40.7966 9756.08 -5.55556
286.055 40.7993 10015.7 -5.55556
286.055 40.802 9753.85 -5.55556
286.055 40.8047 9982.22 -5.55556
286.055 40.8075 10946.7 -5.55556
286.055 40.8102 10786.9 -5.55556
286.055 40.8129 9829.57 -5.55556
286.055 40.8156 9507.15 -5.55556
286.055 40.8183 10294.1 -5.55556
286.055 40.821 7732.82 -5.55556
286.055 40.8237 9112.12 -5.55556
286.055 40.8264 7506.37 -5.55556
286.055 40.8292 8852.13 -5.55556
286.055 40.8319 10947 -5.55556
286.055 40.8346 8743.39 -5.55556
286.055 40.8373 10047.8 -5.55556
286.055 40.84 9502.18 -5.55556
286.059 40.68 11144 -5.55556
286.059 40.6827 9855.04 -5.55556
286.059 40.6854 12144.6 -5.55556
286.059 40.6881 9595.17 -5.55556
286.059 40.6908 9160.8 -5.55556
286.059 40.6936 10489.9 -5.55556
286.059 40.6963 10802.3 -5.55556
286.059 40.699 10286.2 -5.55556
286.059 40.7017 10008.9 -5.55556
286.059 40.7044 11470.8 -5.55556
286.059 40.7071 10408.4 -5.55556
286.059 40.7098 8649.73 -5.55556
286.059 40.7125 10719 -5.55556
286.059 40.7153 11332.2 -5.55556
286.059 40.718 9738.25 -5.55556
286.059 40.7207 8893.78 -5.55556
286.059 40.7234 10444.4 -5.55556
286.059 40.7261 11946.6 -5.55556
286.059 40.7288 9708.08 -5.55556
286.059 40.7315 10295.9 -5.55556
286.059 40.7342 9327.36 -5.55556
286.059 40.7369 10052.8 -5.55556
286.059 40.7397 10391.5 -5.55556
286.059 40.7424 10085.9 -5.55556
286.059 40.7451 8099.97 -5.55556
286.059 40.7478 9786.52 -5.55556
286.059 40.7505 10260.9 -5.55556
286.059 40.7532 9531.33 -5.55556
286.059 40.7559 10914.9 -5.55556
286.059 40.7586 7913.78 -5.55556
286.059 40.7614 10788.2 -5.55556
286.059 40.7641 10779.8 -5.55556
286.059 40.7668 9165.46 -5.55556
286.059 40.7695 10981.5 -5.55556
286.059 40.7722 9647.67 -5.55556
286.059 40.7749 11077.7 -5.55556
286.059 40.7776 8850.71 -5.55556
286.059 40.7803 9701.64 -5.55556
286.059 40.7831 10574 -5.55556
286.059 40.7858 11083.1 -5.55556
286.059 40.7885 9513.83 -5.55556
286.059 40.7912 9556.9 -5.55556
286.059 40.7939 8816.18 -5.55556
286.059 40.7966 9696.81 -5.55556
286.059 40.7993 10850.7 -5.55556
286.059 40.802 9427.43 -5.55556
286.059 40.8047 11987.9 -5.55556
286.059 40.8075 9245.78 -5.55556
286.059 40.8102 9133.47 -5.55556
286.059 40.8129 9155.79 -5.55556
286.059 40.8156 10863.2 -5.55556
286.059 40.8183 10635.5 -5.55556
286.059 40.821 8958.55 -5.55556
286.059 40.8237 8208.43 -5.55556
286.059 40.8264 9972.75 -5.55556
286.059 40.8292 9241.26 -5.55556
286.059 40.8319 9421.77 -5.55556
286.059 40.8346 8116.19 -5.55556
286.059 40.8373 8548.89 -5.55556
286.059 40.84 9728.49 -5.55556
286.062 40.68 9160.44 -5.55556
286.062 40.6827 9464.89 -5.55556
286.062 40.6854 8773.9 -5.55556
286.062 40.6881 9488.8 -5.55556
286.062 40.6908 10856.2 -5.55556
286.062 40.6936 9763.42 -5.55556
286.062 40.6963 10757.1 -5.55556
286.062 40.699 9960.46 -5.55556
286.062 40.7017 9427.17 -5.55556
286.062 40.7044 9546.14 -5.55556
286.062 40.7071 9738.98 -5.55556
286.062 40.7098 8788.94 -5.55556
286.062 40.7125 10291.5 -5.55556
286.062 40.7153 8855.14 -5.55556
286.062 40.718 10358.4 -5.55556
286.062 40.7207 8029.85 -5.55556
286.062 40.7234 7225.66 -5.55556
286.062 40.7261 9702.18 -5.55556
286.062 40.7288 8663.96 -5.55556
286.062 40.7315 9853.19 -5.55556
286.062 40.7342 9778.8 -5.55556
286.062 40.7369 9673.62 -5.55556
286.062 40.7397 9441.82 -5.55556
286.062 40.7424 11361.6 -5.55556
286.062 40.7451 12213.8 -5.55556
286.062 40.7478 11386.7 -5.55556
286.062 40.7505 9464.42 -5.55556
286.062 40.7532 11462.5 -5.55556
286.062 40.7559 9292.72 -5.55556
286.062 40.7586 10472.9 -5.55556
286.062 40.7614 10319.3 -5.55556
286.062 40.7641 9302.98 -5.55556
286.062 40.7668 9241.47 -5.55556
286.062 40.7695 9387.66 -5.55556
286.062 40.7722 11363.5 -5.55556
286.062 40.7749 9798.34 -5.55556
286.062 40.7776 10191.5 -5.55556
286.062 40.7803 10070 -5.55556
286.062 40.7831 10932.5 -5.55556
286.062 40.7858 9211.13 -5.55556
286.062 40.7885 10301.5 -5.55556
286.062 40.7912 10454.7 -5.55556
286.062 40.7939 9406.04 -5.55556
286.062 40.7966 10338.4 -5.55556
286.062 40.7993 10298.8 -5.55556
286.062 40.802 9788.43 -5.55556
286.062 40.8047 10890.9 -5.55556
286.062 40.8075 10027.6 -5.55556
286.062 40.8102 10016.8 -5.55556
286.062 40.8129 10483.5 -5.55556
286.062 40.8156 11970.1 -5.55556
286.062 40.8183 7868.29 -5.55556
286.062 40.821 7507.29 -5.55556
286.062 40.8237 10603.6 -5.55556
286.062 40.8264 8787.13 -5.55556
286.062 40.8292 8201.19 -5.55556
286.062 40.8319 8974.77 -5.55556
286.062 40.8346 11867.8 -5.55556
286.062 40.8373 10774.3 -5.55556
286.062 40.84 10841 -5.55556
286.066 40.68 10109.1 -5.55556
286.066 40.6827 10211.2 -5.55556
286.066 40.6854 9309.45 -5.55556
286.066 40.6881 10379.2 -5.55556
286.066 40.6908 9109.23 -5.55556
286.066 40.6936 9063.6 -5.55556
286.066 40.6963 8754.18 -5.55556
286.066 40.699 11310.1 -5.55556
286.066 40.7017 11087 -5.55556
286.066 40.7044 11159.7 -5.55556
286.066 40.7071 9037.85 -5.55556
286.066 40.7098 7296.96 -5.55556
286.066 40.7125 10478.6 -5.55556
286.066 40.7153 10132.2 -5.55556
286.066 40.718 7895.06 -5.55556
286.066 40.7207 9881.74 -5.55556
286.066 40.7234 9092.14 -5.55556
286.066 40.7261 10511.8 -5.55556
286.066 40.7288 9722.76 -5.55556
286.066 40.7315 10168.3 -5.55556
286.066 40.7342 8054.3 -5.55556
286.066 40.7369 9239.95 -5.55556
286.066 40.7397 11062.9 -5.55556
286.066 40.7424 10123.1 -5.55556
286.066 40.7451 12422.1 -5.55556
286.066 40.7478 10238.3 -5.55556
286.066 40.7505 9037.41 -5.55556
286.066 40.7532 11756.6 -5.55556
286.066 40.7559 8905.45 -5.55556
286.066 40.7586 8997.53 -5.55556
286.066 40.7614 10835.6 -5.55556
286.066 40.7641 10910 -5.55556
286.066 40.7668 10084.6 -5.55556
286.066 40.7695 8662.52 -5.55556
286.066 40.7722 9761.11 -5.55556
286.066 40.7749 10665.7 -5.55556
286.066 40.7776 10881.8 -5.55556
286.066 40.7803 11355.2 -5.55556
286.066 40.7831 12480.6 -5.55556
286.066 40.7858 10576.9 -5.55556
286.066 40.7885 9361.71 -5.55556
286.066 40.7912 10510.3 -5.55556
286.066 40.7939 9651.08 -5.55556
286.066 40.7966 9186.46 -5.55556
286.066 40.7993 11510.5 -5.55556
286.066 40.802 9097.29 -5.55556
286.066 40.8047 10915.4 -5.55556
286.066 40.8075 10532.4 -5.55556
286.066 40.8102 9180.45 -5.55556
286.066 40.8129 10284.7 -5.55556
286.066 40.8156 10106.4 -5.55556
286.066 40.8183 11738.5 -5.55556
286.066 40.821 10213.3 -5.55556
286.066 40.8237 10928.3 -5.55556
286.066 40.8264 10493.2 -5.55556
286.066 40.8292 9220.92 -5.55556
286.066 40.8319 10721.8 -5.55556
286.066 40.8346 10281.8 -5.55556
286.066 40.8373 9332.72 -5.55556
286.066 40.84 8273.34 -5.55556
286.069 40.68 10569 -5.55556
286.069 40.6827 9774.02 -5.55556
286.069 40.6854 9188.03 -5.55556
286.069 40.6881 11112.2 -5.55556
286.069 40.6908 10039.9 -5.55556
286.069 40.6936 7984.19 -5.55556
286.069 40.6963 11053.9 -5.55556
286.069 40.699 10817.3 -5.55556
286.069 40.7017 11405.6 -5.55556
286.069 40.7044 9400.64 -5.55556
286.069 40.7071 11193.7 -5.55556
286.069 40.7098 10162.7 -5.55556
286.069 40.7125 9968.96 -5.55556
286.069 40.7153 9181.24 -5.55556
286.069 40.718 8937.81 -5.55556
286.069 40.7207 9281.46 -5.55556
286.069 40.7234 9519.33 -5.55556
286.069 40.7261 9933.33 -5.55556
286.069 40.7288 10557.5 -5.55556
286.069 40.7315 10088.7 -5.55556
286.069 40.7342 8918.23 -5.55556
286.069 40.7369 10753.7 -5.55556
286.069 40.7397 8796.16 -5.55556
286.069 40.7424 10692.8 -5.55556
286.069 40.7451 10150.4 -5.55556
286.069 40.7478 9378.46 -5.55556
286.069 40.7505 10246.4 -5.55556
286.069 40.7532 8068.88 -5.55556
286.069 40.7559 9664.67 -5.55556
286.069 40.7586 10384.9 -5.55556
286.069 40.7614 10672.7 -5.55556
286.069 40.7641 10997.1 -5.55556
286.069 40.7668 10546.9 -5.55556
286.069 40.7695 10139.7 -5.55556
286.069 40.7722 9581.48 -5.55556
286.069 40.7749 9249.37 -5.55556
286.069 40.7776 9510.86 -5.55556
286.069 40.7803 9088.15 -5.55556
286.069 40.7831 9290.38 -5.55556
286.069 40.7858 9957.63 -5.55556
286.069 40.7885 8043.26 -5.55556
286.069 40.7912 10423.7 -5.55556
286.069 40.7939 9064.81 -5.55556
286.069 40.7966 8548.9 -5.55556
286.069 40.7993 7472.79 -5.55556
286.069 40.802 10071.2 -5.55556
286.069 40.8047 10053.2 -5.55556
286.069 40.8075 9145.85 -5.55556
286.069 40.8102 9173.3 -5.55556
286.069 40.8129 9726.25 -5.55556
286.069 40.8156 9153.03 -5.55556
286.069 40.8183 10909 -5.55556
286.069 40.821 10053.1 -5.55556
286.069 40.8237 10624.9 -5.55556
286.069 40.8264 10742.2 -5.55556
286.069 40.8292 10361.7 -5.55556
286.069 40.8319 10595.5 -5.55556
286.069 40.8346 10210 -5.55556
286.069 40.8373 10226.8 -5.55556
286.069 40.84 10960.1 -5.55556
286.073 40.68 9733.74 -5.55556
286.073 40.6827 9921.15 -5.55556
286.073 40.6854 10386.1 -5.55556
286.073 40.6881 10181.7 -5.55556
286.073 40.6908 9849.4 -5.55556
286.073 40.6936 9592.46 -5.55556
286.073 40.6963 10739.1 -5.55556
286.073 40.699 10486.4 -5.55556
286.073 40.7017 11272 -5.55556
286.073 40.7044 9848.67 -5.55556
286.073 40.7071 9554.25 -5.55556
286.073 40.7098 9138.47 -5.55556
286.073 40.7125 9621.27 -5.55556
286.073 40.7153 9807.04 -5.55556
286.073 40.718 9462.89 -5.55556
286.073 40.7207 9991.38 -5.55556
286.073 40.7234 9694.04 -5.55556
286.073 40.7261 10510.8 -5.55556
286.073 40.7288 10632.4 -5.55556
286.073 40.7315 11541.4 -5.55556
286.073 40.7342 9716.76 -5.55556
286.073 40.7369 7182.28 -5.55556
286.073 40.7397 9412.53 -5.55556
286.073 40.7424 9729.75 -5.55556
286.073 40.7451 9591 -5.55556
286.073 40.7478 10768.7 -5.55556
286.073 40.7505 10565.5 -5.55556
286.073 40.7532 10481 -5.55556
286.073 40.7559 10695.1 -5.55556
286.073 40.7586 8488.83 -5.55556
286.073 40.7614 10779.7 -5.55556
286.073 40.7641 8991.4 -5.55556
286.073 40.7668 10635.4 -5.55556
286.073 40.7695 11163.9 -5.55556
286.073 40.7722 9077.41 -5.55556
286.073 40.7749 7761.3 -5.55556
286.073 40.7776 10090.3 -5.55556
286.073 40.7803 8790.66 -5.55556
286.073 40.7831 8530.84 -5.55556
286.073 40.7858 11440.2 -5.55556
286.073 40.7885 11554.3 -5.55556
286.073 40.7912 10605.4 -5.55556
286.073 40.7939 10405.2 -5.55556
286.073 40.7966 9718.36 -5.55556
286.073 40.7993 9150.5 -5.55556
286.073 40.802 9940.67 -5.55556
286.073 40.8047 8519.86 -5.55556
286.073 40.8075 9433.43 -5.55556
286.073 40.8102 10003.3 -5.55556
286.073 40.8129 10036.1 -5.55556
286.073 40.8156 9820.83 -5.55556
286.073 40.8183 9314.89 -5.55556
286.073 40.821 11042.1 -5.55556
286.073 40.8237 12185.3 -5.55556
286.073 40.8264 10005.7 -5.55556
286.073 40.8292 11100.8 -5.55556
286.073 40.8319 9660.85 -5.55556
286.073 40.8346 10855.2 -5.55556
286.073 40.8373 9686.29 -5.55556
286.073 40.84 9990.91 -5.55556
286.076 40.68 9010.02 -5.55556
286.076 40.6827 9124.78 -5.55556
286.076 40.6854 8074.7 -5.55556
286.076 40.6881 11473.5 -5.55556
286.076 40.6908 9263.35 -5.55556
286.076 40.6936 7974.33 -5.55556
286.076 40.6963 10224.7 -5.55556
286.076 40.699 10009.7 -5.55556
286.076 40.7017 10597.2 -5.55556
286.076 40.7044 11602.6 -5.55556
286.076 40.7071 9860.47 -5.55556
286.076 40.7098 10506.1 -5.55556
286.076 40.7125 9756.03 -5.55556
286.076 40.7153 10215.8 -5.55556
286.076 40.718 12612.9 -5.55556
286.076 40.7207 10813.2 -5.55556
286.076 40.7234 11019.7 -5.55556
286.076 40.7261 12835.5 -5.55556
286.076 40.7288 11017.2 -5.55556
286.076 40.7315 9313.61 -5.55556
286.076 40.7342 10192.1 -5.55556
286.076 40.7369 9196.46 -5.55556
286.076 40.7397 10016.9 -5.55556
286.076 40.7424 8666.85 -5.55556
286.076 40.7451 10531.9 -5.55556
286.076 40.7478 9500.26 -5.55556
286.076 40.7505 11533.3 -5.55556
286.076 40.7532 8903.1 -5.55556
286.076 40.7559 8885.75 -5.55556
286.076 40.7586 8991.11 -5.55556
286.076 40.7614 8103.12 -5.55556
286.076 40.7641 8300.71 -5.55556
286.076 40.7668 9356.09 -5.55556
286.076 40.7695 12611.6 -5.55556
286.076 40.7722 9548.61 -5.55556
286.076 40.7749 10802 -5.55556
286.076 40.7776 10451.7 -5.55556
286.076 40.7803 8948.77 -5.55556
286.076 40.7831 9063.12 -5.55556
286.076 40.7858 8964.73 -5.55556
286.076 40.7885 9974.67 -5.55556
286.076 40.7912 9693.32 -5.55556
286.076 40.7939 9611.04 -5.55556
286.076 40.7966 10738.5 -5.55556
286.076 40.7993 9373.93 -5.55556
286.076 40.802 8481.21 -5.55556
286.076 40.8047 11118.9 -5.55556
286.076 40.8075 9281.25 -5.55556
286.076 40.8102 9003.51 -5.55556
286.076 40.8129 9552.1 -5.55556
286.076 40.8156 10275.1 -5.55556
286.076 40.8183 8759.32 -5.55556
286.076 40.821 8540.84 -5.55556
286.076 40.8237 9280.73 -5.55556
286.076 40.8264 9977.47 -5.55556
286.076 40.8292 9315.26 -5.55556
286.076 40.8319 11148.7 -5.55556
286.076 40.8346 10059.7 -5.55556
286.076 40.8373 11397.3 -5.55556
286.076 40.84 9024.05 -5.55556
286.08 40.68 10548.1 -5.55556
286.08 40.6827 9378.49 -5.55556
286.08 40.6854 10431.9 -5.55556
286.08 40.6881 10987.9 -5.55556
286.08 40.6908 10373.8 -5.55556
286.08 40.6936 11718.7 -5.55556
286.08 40.6963 11520 -5.55556
286.08 40.699 11665.8 -5.55556
286.08 40.7017 10485.7 -5.55556
286.08 40.7044 9476.08 -5.55556
286.08 40.7071 8409.47 -5.55556
286.08 40.7098 9299.18 -5.55556
286.08 40.7125 11259.3 -5.55556
286.08 40.7153 9271 -5.55556
286.08 40.718 9723.13 -5.55556
286.08 40.7207 8857.11 -5.55556
286.08 40.7234 10091.6 -5.55556
286.08 40.7261 9948.49 -5.55556
286.08 40.7288 10371.4 -5.55556
286.08 40.7315 9010.14 -5.55556
286.08 40.7342 10682 -5.55556
286.08 40.7369 10563.1 -5.55556
286.08 40.7397 9734.34 -5.55556
286.08 40.7424 7732.2 -5.55556
286.08 40.7451 9867.18 -5.55556
286.08 40.7478 7771.47 -5.55556
286.08 40.7505 9690.4 -5.55556
286.08 40.7532 10127.8 -5.55556
286.08 40.7559 7804.59 -5.55556
286.08 40.7586 10262.5 -5.55556
286.08 40.7614 11361.2 -5.55556
286.08 40.7641 9725.52 -5.55556
286.08 40.7668 9340.71 -5.55556
286.08 40.7695 8407.3 -5.55556
286.08 40.7722 10553.6 -5.55556
286.08 40.7749 7909.35 -5.55556
286.08 40.7776 11281.6 -5.55556
286.08 40.7803 11910.8 -5.55556
286.08 40.7831 9983.86 -5.55556
286.08 40.7858 11984.9 -5.55556
286.08 40.7885 9910.73 -5.55556
286.08 40.7912 9373.59 -5.55556
286.08 40.7939 9471.8 -5.55556
286.08 40.7966 11463.7 -5.55556
286.08 40.7993 9133.03 -5.55556
286.08 40.802 7606.27 -5.55556
286.08 40.8047 11580.2 -5.55556
286.08 40.8075 8552.63 -5.55556
286.08 40.8102 8673.18 -5.55556
286.08 40.8129 11295.8 -5.55556
286.08 40.8156 10010 -5.55556
286.08 40.8183 8623.61 -5.55556
286.08 40.821 11738.6 -5.55556
286.08 40.8237 9607.84 -5.55556
286.08 40.8264 10825.4 -5.55556
286.08 40.8292 11324 -5.55556
286.08 40.8319 10939.4 -5.55556
286.08 40.8346 9887.69 -5.55556
286.08 40.8373 9573.77 -5.55556
286.08 40.84 10307.9 -5.55556
