285.96 40.68 10114.9 -5.55556
285.96 40.6827 9173.98 -5.55556
285.96 40.6854 8692.32 -5.55556
285.96 40.6881 12071.6 -5.55556
285.96 40.6908 9882.79 -5.55556
285.96 40.6936 10687.8 -5.55556
285.96 40.6963 9156.33 -5.55556
285.96 40.699 9938.92 -5.55556
285.96 40.7017 10524.6 -5.55556
285.96 40.7044 10418.8 -5.55556
285.96 40.7071 9810.9 -5.55556
285.96 40.7098 8577.16 -5.55556
285.96 40.7125 9967.53 -5.55556
285.96 40.7153 8304.21 -5.55556
285.96 40.718 10319.3 -5.55556
285.96 40.7207 9500.1 -5.55556
285.96 40.7234 10110.6 -5.55556
285.96 40.7261 8849.81 -5.55556
285.96 40.7288 9181.64 -5.55556
285.96 40.7315 10438.3 -5.55556
285.96 40.7342 8489.64 -5.55556
285.96 40.7369 10074.2 -5.55556
285.96 40.7397 9155.66 -5.55556
285.96 40.7424 11125.7 -5.55556
285.96 40.7451 9603.1 -5.55556
285.96 40.7478 8538.9 -5.55556
285.96 40.7505 7874.64 -5.55556
285.96 40.7532 10227.9 -5.55556
285.96 40.7559 9121.24 -5.55556
285.96 40.7586 9147.99 -5.55556
285.96 40.7614 9860.91 -5.55556
285.96 40.7641 10448.7 -5.55556
285.96 40.7668 11402.7 -5.55556
285.96 40.7695 11270.7 -5.55556
285.96 40.7722 9537.15 -5.55556
285.96 40.7749 9668.85 -5.55556
285.96 40.7776 9058.88 -5.55556
285.96 40.7803 10395.2 -5.55556
285.96 40.7831 10779.5 -5.55556
285.96 40.7858 9334.29 -5.55556
285.96 40.7885 11229.2 -5.55556
285.96 40.7912 9813.46 -5.55556
285.96 40.7939 10472.8 -5.55556
285.96 40.7966 10256.3 -5.55556
285.96 40.7993 11280.5 -5.55556
285.96 40.802 9685.02 -5.55556
285.96 40.8047 10071.7 -5.55556
285.96 40.8075 10541.4 -5.55556
285.96 40.8102 9745.31 -5.55556
285.96 40.8129 10068.7 -5.55556
285.96 40.8156 10407.9 -5.55556
285.96 40.8183 9314.25 -5.55556
285.96 40.821 8729.65 -5.55556
285.96 40.8237 9147.66 -5.55556
285.96 40.8264 10253.1 -5.55556
285.96 40.8292 9141.64 -5.55556
285.96 40.8319 8778.67 -5.55556
285.96 40.8346 10268.1 -5.55556
285.96 40.8373 8655.71 -5.55556
285.96 40.84 10878.7 -5.55556
285.964 40.68 10097 -5.55556
285.964 40.6827 8582.96 -5.55556
285.964 40.6854 9783.8 -5.55556
285.964 40.6881 9577.56 -5.55556
285.964 40.6908 11473.4 -5.55556
285.964 40.6936 11986.9 -5.55556
285.964 40.6963 9769.1 -5.55556
285.964 40.699 10132.2 -5.55556
285.964 40.7017 10897.8 -5.55556
285.964 40.7044 9359.14 -5.55556
285.964 40.7071 11120.8 -5.55556
285.964 40.7098 9300.08 -5.55556
285.964 40.7125 11929.6 -5.55556
285.964 40.7153 9995.46 -5.55556
285.964 40.718 8409.59 -5.55556
285.964 40.7207 8650.04 -5.55556
285.964 40.7234 9869.03 -5.55556
285.964 40.7261 9650.2 -5.55556
285.964 40.7288 10191.6 -5.55556
285.964 40.7315 11400 -5.55556
285.964 40.7342 9326.97 -5.55556
285.964 40.7369 8922.66 -5.55556
285.964 40.7397 10357.2 -5.55556
285.964 40.7424 8962.68 -5.55556
285.964 40.7451 10333.9 -5.55556
285.964 40.7478 10098.1 -5.55556
285.964 40.7505 8562.89 -5.55556
285.964 40.7532 10791.8 -5.55556
285.964 40.7559 10684.8 -5.55556
285.964 40.7586 10294.9 -5.55556
285.964 40.7614 11362.8 -5.55556
285.964 40.7641 9584.37 -5.55556
285.964 40.7668 8986.94 -5.55556
285.964 40.7695 9416.16 -5.55556
285.964 40.7722 9179.6 -5.55556
285.964 40.7749 9900.33 -5.55556
285.964 40.7776 10277.3 -5.55556
285.964 40.7803 11513 -5.55556
285.964 40.7831 9994.1 -5.55556
285.964 40.7858 10743 -5.55556
285.964 40.7885 11541 -5.55556
285.964 40.7912 9351.38 -5.55556
285.964 40.7939 9825.03 -5.55556
285.964 40.7966 9812.81 -5.55556
285.964 40.7993 11436.9 -5.55556
285.964 40.802 10800.2 -5.55556
285.964 40.8047 9815.39 -5.55556
285.964 40.8075 11128.1 -5.55556
285.964 40.8102 11234.1 -5.55556
285.964 40.8129 10439.3 -5.55556
285.964 40.8156 10016.5 -5.55556
285.964 40.8183 11857.4 -5.55556
285.964 40.821 9827.21 -5.55556
285.964 40.8237 10375 -5.55556
285.964 40.8264 12241.7 -5.55556
285.964 40.8292 11168.8 -5.55556
285.964 40.8319 8429.77 -5.55556
285.964 40.8346 8287.17 -5.55556
285.964 40.8373 9690.02 -5.55556
285.964 40.84 10678.7 -5.55556
285.967 40.68 10217.2 -5.55556
285.967 40.6827 10543.2 -5.55556
285.967 40.6854 10994.3 -5.55556
285.967 40.6881 9409.1 -5.55556
285.967 40.6908 10022.4 -5.55556
285.967 40.6936 10186.1 -5.55556
285.967 40.6963 10239.9 -5.55556
285.967 40.699 7829.29 -5.55556
285.967 40.7017 8975.72 -5.55556
285.967 40.7044 10958.8 -5.55556
285.967 40.7071 10093.3 -5.55556
285.967 40.7098 10384.5 -5.55556
285.967 40.7125 9179.01 -5.55556
285.967 40.7153 9498.83 -5.55556
285.967 40.718 9562.14 -5.55556
285.967 40.7207 11374.3 -5.55556
285.967 40.7234 10094.1 -5.55556
285.967 40.7261 10878.9 -5.55556
285.967 40.7288 9858.03 -5.55556
285.967 40.7315 12530 -5.55556
285.967 40.7342 9862.59 -5.55556
285.967 40.7369 11475.3 -5.55556
285.967 40.7397 9467.86 -5.55556
285.967 40.7424 9851.53 -5.55556
285.967 40.7451 10585.2 -5.55556
285.967 40.7478 11012.2 -5.55556
285.967 40.7505 10489.7 -5.55556
285.967 40.7532 10488.1 -5.55556
285.967 40.7559 10730 -5.55556
285.967 40.7586 10982.6 -5.55556
285.967 40.7614 11311.7 -5.55556
285.967 40.7641 9335.05 -5.55556
285.967 40.7668 7939.64 -5.55556
285.967 40.7695 8850.95 -5.55556
285.967 40.7722 8253.32 -5.55556
285.967 40.7749 10616.2 -5.55556
285.967 40.7776 10300.7 -5.55556
285.967 40.7803 9335.91 -5.55556
285.967 40.7831 9507.03 -5.55556
285.967 40.7858 10201.8 -5.55556
285.967 40.7885 10272.6 -5.55556
285.967 40.7912 7853.77 -5.55556
285.967 40.7939 10252.2 -5.55556
285.967 40.7966 9418.21 -5.55556
285.967 40.7993 9398.08 -5.55556
285.967 40.802 8528.69 -5.55556
285.967 40.8047 10313.5 -5.55556
285.967 40.8075 10288.7 -5.55556
285.967 40.8102 9388.76 -5.55556
285.967 40.8129 8768.28 -5.55556
285.967 40.8156 10793.1 -5.55556
285.967 40.8183 9188.66 -5.55556
285.967 40.821 9758.05 -5.55556
285.967 40.8237 8786.75 -5.55556
285.967 40.8264 10702.3 -5.55556
285.967 40.8292 10052.2 -5.55556
285.967 40.8319 11204.2 -5.55556
285.967 40.8346 10886.2 -5.55556
285.967 40.8373 11195.6 -5.55556
285.967 40.84 8123.03 -5.55556
285.971 40.68 8078.34 -5.55556
285.971 40.6827 9662.54 -5.55556
285.971 40.6854 10589.3 -5.55556
285.971 40.6881 10707.8 -5.55556
285.971 40.6908 10429.7 -5.55556
285.971 40.6936 11295.9 -5.55556
285.971 40.6963 10730.1 -5.55556
285.971 40.699 9352.89 -5.55556
285.971 40.7017 11027.8 -5.55556
285.971 40.7044 10368.3 -5.55556
285.971 40.7071 8864.27 -5.55556
285.971 40.7098 10737 -5.55556
285.971 40.7125 12292.5 -5.55556
285.971 40.7153 8079.86 -5.55556
285.971 40.718 11310.2 -5.55556
285.971 40.7207 8916.26 -5.55556
285.971 40.7234 8615.43 -5.55556
285.971 40.7261 11581.7 -5.55556
285.971 40.7288 9755.62 -5.55556
285.971 40.7315 11731.3 -5.55556
285.971 40.7342 10586.8 -5.55556
285.971 40.7369 10023 -5.55556
285.971 40.7397 9958.51 -5.55556
285.971 40.7424 9681.65 -5.55556
285.971 40.7451 10355 -5.55556
285.971 40.7478 9173.14 -5.55556
285.971 40.7505 8663.46 -5.55556
285.971 40.7532 10115.1 -5.55556
285.971 40.7559 9207.33 -5.55556
285.971 40.7586 9731.58 -5.55556
285.971 40.7614 12071.5 -5.55556
285.971 40.7641 9416.45 -5.55556
285.971 40.7668 11636.1 -5.55556
285.971 40.7695 10695 -5.55556
285.971 40.7722 9679.39 -5.55556
285.971 40.7749 11163.9 -5.55556
285.971 40.7776 10537.6 -5.55556
285.971 40.7803 9097.05 -5.55556
285.971 40.7831 9191.52 -5.55556
285.971 40.7858 9199.22 -5.55556
285.971 40.7885 8950.61 -5.55556
285.971 40.7912 8400.9 -5.55556
285.971 40.7939 9708.77 -5.55556
285.971 40.7966 9115.43 -5.55556
285.971 40.7993 9727.2 -5.55556
285.971 40.802 11261.2 -5.55556
285.971 40.8047 10265.9 -5.55556
285.971 40.8075 11280.6 -5.55556
285.971 40.8102 8438.46 -5.55556
285.971 40.8129 9122.17 -5.55556
285.971 40.8156 10705.2 -5.55556
285.971 40.8183 9826.07 -5.55556
285.971 40.821 8885.17 -5.55556
285.971 40.8237 8945.19 -5.55556
285.971 40.8264 9977.79 -5.55556
285.971 40.8292 10789.9 -5.55556
285.971 40.8319 8458.41 -5.55556
285.971 40.8346 9710.2 -5.55556
285.971 40.8373 10717.8 -5.55556
285.971 40.84 9799.5 -5.55556
285.974 40.68 10790.5 -5.55556
285.974 40.6827 10629.4 -5.55556
285.974 40.6854 8304.75 -5.55556
285.974 40.6881 9254.51 -5.55556
285.974 40.6908 9911.72 -5.55556
285.974 40.6936 10465.4 -5.55556
285.974 40.6963 10466.9 -5.55556
285.974 40.699 10484.2 -5.55556
285.974 40.7017 8702.81 -5.55556
285.974 40.7044 11195.7 -5.55556
285.974 40.7071 8586.4 -5.55556
285.974 40.7098 10418.9 -5.55556
285.974 40.7125 9119.27 -5.55556
285.974 40.7153 7958.44 -5.55556
285.974 40.718 10781.7 -5.55556
285.974 40.7207 9481.01 -5.55556
285.974 40.7234 10569.1 -5.55556
285.974 40.7261 8018.78 -5.55556
285.974 40.7288 9112.37 -5.55556
285.974 40.7315 9858.98 -5.55556
285.974 40.7342 9078.7 -5.55556
285.974 40.7369 10621 -5.55556
285.974 40.7397 9869.9 -5.55556
285.974 40.7424 9976.27 -5.55556
285.974 40.7451 11698.2 -5.55556
285.974 40.7478 9955.6 -5.55556
285.974 40.7505 8983.14 -5.55556
285.974 40.7532 11904.9 -5.55556
285.974 40.7559 10260.9 -5.55556
285.974 40.7586 10947.8 -5.55556
285.974 40.7614 10587.7 -5.55556
285.974 40.7641 13074.2 -5.55556
285.974 40.7668 9798.05 -5.55556
285.974 40.7695 9237.94 -5.55556
285.974 40.7722 9605.49 -5.55556
285.974 40.7749 10124.4 -5.55556
285.974 40.7776 9860 -5.55556
285.974 40.7803 11938.2 -5.55556
285.974 40.7831 8739.42 -5.55556
285.974 40.7858 10180.2 -5.55556
285.974 40.7885 9182.04 -5.55556
285.974 40.7912 10512 -5.55556
285.974 40.7939 10673.1 -5.55556
285.974 40.7966 10702.6 -5.55556
285.974 40.7993 10211.2 -5.55556
285.974 40.802 11775.6 -5.55556
285.974 40.8047 10938.1 -5.55556
285.974 40.8075 10928.1 -5.55556
285.974 40.8102 9997.89 -5.55556
285.974 40.8129 10208.8 -5.55556
285.974 40.8156 8528.02 -5.55556
285.974 40.8183 9677.91 -5.55556
285.974 40.821 9580.81 -5.55556
285.974 40.8237 10633.6 -5.55556
285.974 40.8264 11286.2 -5.55556
285.974 40.8292 10391.8 -5.55556
285.974 40.8319 8479.05 -5.55556
285.974 40.8346 9883.65 -5.55556
285.974 40.8373 10063 -5.55556
285.974 40.84 9546.08 -5.55556
285.978 40.68 10254.2 -5.55556
285.978 40.6827 10378.6 -5.55556
285.978 40.6854 9302.58 -5.55556
285.978 40.6881 10809.6 -5.55556
285.978 40.6908 11061.5 -5.55556
285.978 40.6936 11130.6 -5.55556
285.978 40.6963 9221.48 -5.55556
285.978 40.699 8283.65 -5.55556
285.978 40.7017 9789.41 -5.55556
285.978 40.7044 9062.45 -5.55556
285.978 40.7071 11045 -5.55556
285.978 40.7098 9815.13 -5.55556
285.978 40.7125 9794.32 -5.55556
285.978 40.7153 10218.8 -5.55556
285.978 40.718 11189.2 -5.55556
285.978 40.7207 9341.63 -5.55556
285.978 40.7234 9886.37 -5.55556
285.978 40.7261 10876.6 -5.55556
285.978 40.7288 10095.7 -5.55556
285.978 40.7315 9982.77 -5.55556
285.978 40.7342 8333.54 -5.55556
285.978 40.7369 10021.7 -5.55556
285.978 40.7397 10941.1 -5.55556
285.978 40.7424 9573.2 -5.55556
285.978 40.7451 9929.5 -5.55556
285.978 40.7478 9570.6 -5.55556
285.978 40.7505 9909.6 -5.55556
285.978 40.7532 10422.4 -5.55556
285.978 40.7559 10367.8 -5.55556
285.978 40.7586 10686.3 -5.55556
285.978 40.7614 10483.5 -5.55556
285.978 40.7641 9967.99 -5.55556
285.978 40.7668 10795.4 -5.55556
285.978 40.7695 10237.6 -5.55556
285.978 40.7722 10094.2 -5.55556
285.978 40.7749 9004.28 -5.55556
285.978 40.7776 9757.59 -5.55556
285.978 40.7803 9705.13 -5.55556
285.978 40.7831 9506.88 -5.55556
285.978 40.7858 11027.8 -5.55556
285.978 40.7885 9508.89 -5.55556
285.978 40.7912 10669.1 -5.55556
285.978 40.7939 9704.06 -5.55556
285.978 40.7966 10576.2 -5.55556
285.978 40.7993 7939.05 -5.55556
285.978 40.802 10219.3 -5.55556
285.978 40.8047 11379.7 -5.55556
285.978 40.8075 9204.32 -5.55556
285.978 40.8102 11640.9 -5.55556
285.978 40.8129 10464.5 -5.55556
285.978 40.8156 10806.7 -5.55556
285.978 40.8183 9945.09 -5.55556
285.978 40.821 10292.3 -5.55556
285.978 40.8237 8172.04 -5.55556
285.978 40.8264 10224.7 -5.55556
285.978 40.8292 11017.5 -5.55556
285.978 40.8319 9488.15 -5.55556
285.978 40.8346 10416.6 -5.55556
285.978 40.8373 11821.9 -5.55556
285.978 40.84 10728 -5.55556
285.981 40.68 8334.38 -5.55556
285.981 40.6827 9860.74 -5.55556
285.981 40.6854 8486.51 -5.55556
285.981 40.6881 8541.12 -5.55556
285.981 40.6908 9872.61 -5.55556
285.981 40.6936 9336.17 -5.55556
285.981 40.6963 10206.6 -5.55556
285.981 40.699 11631.2 -5.55556
285.981 40.7017 9377.52 -5.55556
285.981 40.7044 11841.7 -5.55556
285.981 40.7071 11447.1 -5.55556
285.981 40.7098 7980.62 -5.55556
285.981 40.7125 9524.41 -5.55556
285.981 40.7153 11632.2 -5.55556
285.981 40.718 10700.5 -5.55556
285.981 40.7207 8983 -5.55556
285.981 40.7234 8791.46 -5.55556
285.981 40.7261 9244.15 -5.55556
285.981 40.7288 8454.93 -5.55556
285.981 40.7315 9370.38 -5.55556
285.981 40.7342 10240.9 -5.55556
285.981 40.7369 9779.96 -5.55556
285.981 40.7397 9124.23 -5.55556
285.981 40.7424 8856.87 -5.55556
285.981 40.7451 9424.59 -5.55556
285.981 40.7478 7995.09 -5.55556
285.981 40.7505 10808.3 -5.55556
285.981 40.7532 9417.13 -5.55556
285.981 40.7559 10627.2 -5.55556
285.981 40.7586 11780.8 -5.55556
285.981 40.7614 12095.2 -5.55556
285.981 40.7641 10356 -5.55556
285.981 40.7668 11091.5 -5.55556
285.981 40.7695 12360 -5.55556
285.981 40.7722 10141.1 -5.55556
285.981 40.7749 8472.63 -5.55556
285.981 40.7776 10841.4 -5.55556
285.981 40.7803 11870.6 -5.55556
285.981 40.7831 9276.99 -5.55556
285.981 40.7858 10123.1 -5.55556
285.981 40.7885 10818.8 -5.55556
285.981 40.7912 9966.02 -5.55556
285.981 40.7939 9743.78 -5.55556
285.981 40.7966 9612.58 -5.55556
285.981 40.7993 11022.9 -5.55556
285.981 40.802 9467.82 -5.55556
285.981 40.8047 9551.71 -5.55556
285.981 40.8075 9695.84 -5.55556
285.981 40.8102 12542.8 -5.55556
285.981 40.8129 9284.09 -5.55556
285.981 40.8156 10233.5 -5.55556
285.981 40.8183 10212.9 -5.55556
285.981 40.821 10754.5 -5.55556
285.981 40.8237 8909.81 -5.55556
285.981 40.8264 9528.34 -5.55556
285.981 40.8292 9176.82 -5.55556
285.981 40.8319 10982.9 -5.55556
285.981 40.8346 10144.9 -5.55556
285.981 40.8373 9852.08 -5.55556
285.981 40.84 9088.37 -5.55556
285.985 40.68 10572.9 -5.55556
285.985 40.6827 10262.6 -5.55556
285.985 40.6854 10860.3 -5.55556
285.985 40.6881 10276.2 -5.55556
285.985 40.6908 11248.4 -5.55556
285.985 40.6936 11197.3 -5.55556
285.985 40.6963 9044.2 -5.55556
285.985 40.699 12623.1 -5.55556
285.985 40.7017 10836.3 -5.55556
285.985 40.7044 10173.5 -5.55556
285.985 40.7071 10055.1 -5.55556
285.985 40.7098 10238.9 -5.55556
285.985 40.7125 9674.48 -5.55556
285.985 40.7153 9890.31 -5.55556
285.985 40.718 12018 -5.55556
285.985 40.7207 9424.19 -5.55556
285.985 40.7234 10330.4 -5.55556
285.985 40.7261 10567.4 -5.55556
285.985 40.7288 10421.5 -5.55556
285.985 40.7315 11553.6 -5.55556
285.985 40.7342 10282.3 -5.55556
285.985 40.7369 12118.8 -5.55556
285.985 40.7397 9397.94 -5.55556
285.985 40.7424 10133.7 -5.55556
285.985 40.7451 9204.87 -5.55556
285.985 40.7478 9619.27 -5.55556
285.985 40.7505 11169.2 -5.55556
285.985 40.7532 10058.4 -5.55556
285.985 40.7559 8849.96 -5.55556
285.985 40.7586 8806.72 -5.55556
285.985 40.7614 11101.2 -5.55556
285.985 40.7641 10656.5 -5.55556
285.985 40.7668 12707.6 -5.55556
285.985 40.7695 10509.7 -5.55556
285.985 40.7722 10582.1 -5.55556
285.985 40.7749 12865 -5.55556
285.985 40.7776 9299.33 -5.55556
285.985 40.7803 10660.5 -5.55556
285.985 40.7831 10373.1 -5.55556
285.985 40.7858 10391.6 -5.55556
285.985 40.7885 10599.9 -5.55556
285.985 40.7912 9300.73 -5.55556
285.985 40.7939 9557.42 -5.55556
285.985 40.7966 9061.55 -5.55556
285.985 40.7993 10893.3 -5.55556
285.985 40.802 9437.57 -5.55556
285.985 40.8047 9439.67 -5.55556
285.985 40.8075 10806.7 -5.55556
285.985 40.8102 9974.75 -5.55556
285.985 40.8129 11241 -5.55556
285.985 40.8156 9300.21 -5.55556
285.985 40.8183 9870.59 -5.55556
285.985 40.821 9485.52 -5.55556
285.985 40.8237 10704.5 -5.55556
285.985 40.8264 9349.7 -5.55556
285.985 40.8292 9713 -5.55556
285.985 40.8319 10836.8 -5.55556
285.985 40.8346 11318.6 -5.55556
285.985 40.8373 9137.92 -5.55556
285.985 40.84 11133.3 -5.55556
285.988 40.68 9188.93 -5.55556
285.988 40.6827 9024.4 -5.55556
285.988 40.6854 11219.1 -5.55556
285.988 40.6881 11242.5 -5.55556
285.988 40.6908 10541 -5.55556
285.988 40.6936 11379.3 -5.55556
285.988 40.6963 10253.6 -5.55556
285.988 40.699 9832.31 -5.55556
285.988 40.7017 9760.09 -5.55556
285.988 40.7044 11439.9 -5.55556
285.988 40.7071 9291.83 -5.55556
285.988 40.7098 11284.9 -5.55556
285.988 40.7125 10844.3 -5.55556
285.988 40.7153 9664.83 -5.55556
285.988 40.718 11350.1 -5.55556
285.988 40.7207 12075 -5.55556
285.988 40.7234 10440.7 -5.55556
285.988 40.7261 11238.7 -5.55556
285.988 40.7288 12408.7 -5.55556
285.988 40.7315 9024.8 -5.55556
285.988 40.7342 10408.1 -5.55556
285.988 40.7369 9806.22 -5.55556
285.988 40.7397 10165.6 -5.55556
285.988 40.7424 9793.74 -5.55556
285.988 40.7451 11609.4 -5.55556
285.988 40.7478 10849.8 -5.55556
285.988 40.7505 10129.4 -5.55556
285.988 40.7532 8809.7 -5.55556
285.988 40.7559 10834.7 -5.55556
285.988 40.7586 9111.87 -5.55556
285.988 40.7614 8920.76 -5.55556
285.988 40.7641 9456.65 -5.55556
285.988 40.7668 9728.55 -5.55556
285.988 40.7695 10659.9 -5.55556
285.988 40.7722 8701.06 -5.55556
285.988 40.7749 10278.1 -5.55556
285.988 40.7776 8829.23 -5.55556
285.988 40.7803 8780.65 -5.55556
285.988 40.7831 11370.4 -5.55556
285.988 40.7858 10190.6 -5.55556
285.988 40.7885 9345.53 -5.55556
285.988 40.7912 9971.58 -5.55556
285.988 40.7939 10061.5 -5.55556
285.988 40.7966 10377.6 -5.55556
285.988 40.7993 11031.3 -5.55556
285.988 40.802 10619 -5.55556
285.988 40.8047 10367.4 -5.55556
285.988 40.8075 10371.5 -5.55556
285.988 40.8102 9005.11 -5.55556
285.988 40.8129 8241.03 -5.55556
285.988 40.8156 9818.85 -5.55556
285.988 40.8183 9488.17 -5.55556
285.988 40.821 10131.2 -5.55556
285.988 40.8237 10478.9 -5.55556
285.988 40.8264 8537.94 -5.55556
285.988 40.8292 11406.8 -5.55556
285.988 40.8319 9795.45 -5.55556
285.988 40.8346 11101.2 -5.55556
285.988 40.8373 11396.7 -5.55556
285.988 40.84 9752.79 -5.55556
285.992 40.68 10123.3 -5.55556
285.992 40.6827 12594.5 -5.55556
285.992 40.6854 11138 -5.55556
285.992 40.6881 9273.52 -5.55556
285.992 40.6908 10330.9 -5.55556
285.992 40.6936 8464.1 -5.55556
285.992 40.6963 9312.18 -5.55556
285.992 40.699 9803.48 -5.55556
285.992 40.7017 8652.31 -5.55556
285.992 40.7044 11214.3 -5.55556
285.992 40.7071 10344.3 -5.55556
285.992 40.7098 9015.59 -5.55556
285.992 40.7125 10766.3 -5.55556
285.992 40.7153 7942.6 -5.55556
285.992 40.718 8327.77 -5.55556
285.992 40.7207 10211.3 -5.55556
285.992 40.7234 8829.99 -5.55556
285.992 40.7261 10291.3 -5.55556
285.992 40.7288 10433.9 -5.55556
285.992 40.7315 10683 -5.55556
285.992 40.7342 9158.62 -5.55556
285.992 40.7369 9027.55 -5.55556
285.992 40.7397 9565.44 -5.55556
285.992 40.7424 10493.2 -5.55556
285.992 40.7451 9832.26 -5.55556
285.992 40.7478 9743.72 -5.55556
285.992 40.7505 10028.6 -5.55556
285.992 40.7532 10313.5 -5.55556
285.992 40.7559 9617.21 -5.55556
285.992 40.7586 10508 -5.55556
285.992 40.7614 10957.8 -5.55556
285.992 40.7641 11564 -5.55556
285.992 40.7668 8534.76 -5.55556
285.992 40.7695 9745.17 -5.55556
285.992 40.7722 10405.7 -5.55556
285.992 40.7749 9198.6 -5.55556
285.992 40.7776 10126.2 -5.55556
285.992 40.7803 10160.4 -5.55556
285.992 40.7831 9836.9 -5.55556
285.992 40.7858 10584.9 -5.55556
285.992 40.7885 10606.7 -5.55556
285.992 40.7912 10587.6 -5.55556
285.992 40.7939 10587.1 -5.55556
285.992 40.7966 9485.51 -5.55556
285.992 40.7993 8954.15 -5.55556
285.992 40.802 12029.7 -5.55556
285.992 40.8047 8729.11 -5.55556
285.992 40.8075 9146 -5.55556
285.992 40.8102 10075.9 -5.55556
285.992 40.8129 9695.66 -5.55556
285.992 40.8156 10677.8 -5.55556
285.992 40.8183 10339.1 -5.55556
285.992 40.821 8316.68 -5.55556
285.992 40.8237 9413.59 -5.55556
285.992 40.8264 11976.6 -5.55556
285.992 40.8292 11969.3 -5.55556
285.992 40.8319 10341.3 -5.55556
285.992 40.8346 11840.5 -5.55556
285.992 40.8373 10820.6 -5.55556
285.992 40.84 10143.7 -5.55556
285.995 40.68 11423.9 -5.55556
285.995 40.6827 11009.4 -5.55556
285.995 40.6854 11477.2 -5.55556
285.995 40.6881 9575.54 -5.55556
285.995 40.6908 9761.13 -5.55556
285.995 40.6936 9553.75 -5.55556
285.995 40.6963 10586.9 -5.55556
285.995 40.699 10410.1 -5.55556
285.995 40.7017 9403.45 -5.55556
285.995 40.7044 9057.1 -5.55556
285.995 40.7071 10419.9 -5.55556
285.995 40.7098 9639.91 -5.55556
285.995 40.7125 9326.68 -5.55556
285.995 40.7153 10909.5 -5.55556
285.995 40.718 9856.06 -5.55556
285.995 40.7207 10739.3 -5.55556
285.995 40.7234 9839.57 -5.55556
285.995 40.7261 10434.9 -5.55556
285.995 40.7288 9084.59 -5.55556
285.995 40.7315 9609.05 -5.55556
285.995 40.7342 10185.5 -5.55556
285.995 40.7369 10491.3 -5.55556
285.995 40.7397 9441.22 -5.55556
285.995 40.7424 9384.69 -5.55556
285.995 40.7451 10430.8 -5.55556
285.995 40.7478 10491.2 -5.55556
285.995 40.7505 8577.16 -5.55556
285.995 40.7532 10368.8 -5.55556
285.995 40.7559 8958.06 -5.55556
285.995 40.7586 10661.1 -5.55556
285.995 40.7614 9891.62 -5.55556
285.995 40.7641 8894.66 -5.55556
285.995 40.7668 10148.3 -5.55556
285.995 40.7695 9171.69 -5.55556
285.995 40.7722 10960.7 -5.55556
285.995 40.7749 9084.68 -5.55556
285.995 40.7776 10440.4 -5.55556
285.995 40.7803 9274.92 -5.55556
285.995 40.7831 11428 -5.55556
285.995 40.7858 10673.5 -5.55556
285.995 40.7885 8890.63 -5.55556
285.995 40.7912 10607.1 -5.55556
285.995 40.7939 12874.5 -5.55556
285.995 40.7966 9869.92 -5.55556
285.995 40.7993 10451.2 -5.55556
285.995 40.802 10801 -5.55556
285.995 40.8047 10010.2 -5.55556
285.995 40.8075 8998.43 -5.55556
285.995 40.8102 9696.42 -5.55556
285.995 40.8129 10534.7 -5.55556
285.995 40.8156 9523.75 -5.55556
285.995 40.8183 10993.8 -5.55556
285.995 40.821 10442.4 -5.55556
285.995 40.8237 11032.8 -5.55556
285.995 40.8264 10398.2 -5.55556
285.995 40.8292 10334.4 -5.55556
285.995 40.8319 9463.6 -5.55556
285.995 40.8346 10734.8 -5.55556
285.995 40.8373 11276.5 -5.55556
285.995 40.84 10970.4 -5.55556
285.999 40.68 9657.46 -5.55556
285.999 40.6827 7608.72 -5.55556
285.999 40.6854 9031.78 -5.55556
285.999 40.6881 9902.81 -5.55556
285.999 40.6908 8164.63 -5.55556
285.999 40.6936 10351.2 -5.55556
285.999 40.6963 10221.6 -5.55556
285.999 40.699 9145.68 -5.55556
285.999 40.7017 9343.17 -5.55556
285.999 40.7044 9878.02 -5.55556
285.999 40.7071 8129.91 -5.55556
285.999 40.7098 11383.8 -5.55556
285.999 40.7125 8776.86 -5.55556
285.999 40.7153 10840.2 -5.55556
285.999 40.718 10033.7 -5.55556
285.999 40.7207 9576.81 -5.55556
285.999 40.7234 10462.9 -5.55556
285.999 40.7261 10333.6 -5.55556
285.999 40.7288 9009.93 -5.55556
285.999 40.7315 9843.86 -5.55556
285.999 40.7342 9534.09 -5.55556
285.999 40.7369 8657.9 -5.55556
285.999 40.7397 10001.2 -5.55556
285.999 40.7424 12688.2 -5.55556
285.999 40.7451 11997.3 -5.55556
285.999 40.7478 9913.53 -5.55556
285.999 40.7505 10346.3 -5.55556
285.999 40.7532 10015.1 -5.55556
285.999 40.7559 10822.5 -5.55556
285.999 40.7586 11902.5 -5.55556
285.999 40.7614 9193.16 -5.55556
285.999 40.7641 10601.3 -5.55556
285.999 40.7668 10987.2 -5.55556
285.999 40.7695 9874.47 -5.55556
285.999 40.7722 11156.5 -5.55556
285.999 40.7749 10241 -5.55556
285.999 40.7776 11207.5 -5.55556
285.999 40.7803 9652.6 -5.55556
285.999 40.7831 10215.9 -5.55556
285.999 40.7858 11837.7 -5.55556
285.999 40.7885 10250.4 -5.55556
285.999 40.7912 9604.17 -5.55556
285.999 40.7939 8617.98 -5.55556
285.999 40.7966 9245.03 -5.55556
285.999 40.7993 10679.7 -5.55556
285.999 40.802 9116.2 -5.55556
285.999 40.8047 9555.95 -5.55556
285.999 40.8075 9415.98 -5.55556
285.999 40.8102 9333.01 -5.55556
285.999 40.8129 10280.1 -5.55556
285.999 40.8156 9094.57 -5.55556
285.999 40.8183 10217.8 -5.55556
285.999 40.821 10441.1 -5.55556
285.999 40.8237 10264.4 -5.55556
285.999 40.8264 9542.38 -5.55556
285.999 40.8292 10005.4 -5.55556
285.999 40.8319 9211.49 -5.55556
285.999 40.8346 9054.7 -5.55556
285.999 40.8373 10042.3 -5.55556
285.999 40.84 9210.7 -5.55556
286.002 40.68 10681.3 -5.55556
286.002 40.6827 9132 -5.55556
286.002 40.6854 11015.8 -5.55556
286.002 40.6881 8075.11 -5.55556
286.002 40.6908 11717 -5.55556
286.002 40.6936 10357.6 -5.55556
286.002 40.6963 8720.94 -5.55556
286.002 40.699 9821.29 -5.55556
286.002 40.7017 10529 -5.55556
286.002 40.7044 10122.8 -5.55556
286.002 40.7071 8929.01 -5.55556
286.002 40.7098 10678.3 -5.55556
286.002 40.7125 10192 -5.55556
286.002 40.7153 9884.09 -5.55556
286.002 40.718 11535.3 -5.55556
286.002 40.7207 8766.11 -5.55556
286.002 40.7234 9932.99 -5.55556
286.002 40.7261 11229.2 -5.55556
286.002 40.7288 9540.54 -5.55556
286.002 40.7315 8054.63 -5.55556
286.002 40.7342 9867 -5.55556
286.002 40.7369 9947.88 -5.55556
286.002 40.7397 10193.6 -5.55556
286.002 40.7424 9041.89 -5.55556
286.002 40.7451 10061.9 -5.55556
286.002 40.7478 9786.02 -5.55556
286.002 40.7505 10999.2 -5.55556
286.002 40.7532 9701.7 -5.55556
286.002 40.7559 12167.3 -5.55556
286.002 40.7586 10386.4 -5.55556
286.002 40.7614 12007.3 -5.55556
286.002 40.7641 9645.78 -5.55556
286.002 40.7668 9223.67 -5.55556
286.002 40.7695 11047.7 -5.55556
286.002 40.7722 11029.9 -5.55556
286.002 40.7749 10228.4 -5.55556
286.002 40.7776 9833.47 -5.55556
286.002 40.7803 8947.54 -5.55556
286.002 40.7831 9590.27 -5.55556
286.002 40.7858 10220 -5.55556
286.002 40.7885 9673.99 -5.55556
286.002 40.7912 9518.98 -5.55556
286.002 40.7939 7877.81 -5.55556
286.002 40.7966 10740.4 -5.55556
286.002 40.7993 11626.7 -5.55556
286.002 40.802 10094.6 -5.55556
286.002 40.8047 10197.9 -5.55556
286.002 40.8075 9213.1 -5.55556
286.002 40.8102 10012.1 -5.55556
286.002 40.8129 9468.89 -5.55556
286.002 40.8156 10324.8 -5.55556
286.002 40.8183 10272.5 -5.55556
286.002 40.821 9930.8 -5.55556
286.002 40.8237 9466.52 -5.55556
286.002 40.8264 10907.7 -5.55556
286.002 40.8292 10943.3 -5.55556
286.002 40.8319 9947.26 -5.55556
286.002 40.8346 10082.6 -5.55556
286.002 40.8373 9259.9 -5.55556
286.002 40.84 8101.97 -5.55556
286.006 40.68 9475.9 -5.55556
286.006 40.6827 11113 -5.55556
286.006 40.6854 9832.85 -5.55556
286.006 40.6881 9316.77 -5.55556
286.006 40.6908 10864.2 -5.55556
286.006 40.6936 11894 -5.55556
286.006 40.6963 10214.4 -5.55556
286.006 40.699 10717.7 -5.55556
286.006 40.7017 10127.7 -5.55556
286.006 40.7044 7612.94 -5.55556
286.006 40.7071 10226.8 -5.55556
286.006 40.7098 11813.7 -5.55556
286.006 40.7125 10794.4 -5.55556
286.006 40.7153 11189.6 -5.55556
286.006 40.718 9158.68 -5.55556
286.006 40.7207 10007.6 -5.55556
286.006 40.7234 8954.75 -5.55556
286.006 40.7261 8974.92 -5.55556
286.006 40.7288 10189 -5.55556
286.006 40.7315 10021.1 -5.55556
286.006 40.7342 10496.7 -5.55556
286.006 40.7369 11343.2 -5.55556
286.006 40.7397 10420.3 -5.55556
286.006 40.7424 9115.31 -5.55556
286.006 40.7451 11220.8 -5.55556
286.006 40.7478 10885.6 -5.55556
286.006 40.7505 11760.9 -5.55556
286.006 40.7532 11062.7 -5.55556
286.006 40.7559 11805.5 -5.55556
286.006 40.7586 9661.1 -5.55556
286.006 40.7614 10114.8 -5.55556
286.006 40.7641 10598.6 -5.55556
286.006 40.7668 10633.1 -5.55556
286.006 40.7695 8512.04 -5.55556
286.006 40.7722 9604.34 -5.55556
286.006 40.7749 10179.8 -5.55556
286.006 40.7776 9953.29 -5.55556
286.006 40.7803 11005.5 -5.55556
286.006 40.7831 9634.42 -5.55556
286.006 40.7858 11151.1 -5.55556
286.006 40.7885 10209.4 -5.55556
286.006 40.7912 9364.36 -5.55556
286.006 40.7939 9487.38 -5.55556
286.006 40.7966 11045.1 -5.55556
286.006 40.7993 10759.4 -5.55556
286.006 40.802 10801.2 -5.55556
286.006 40.8047 9066.81 -5.55556
286.006 40.8075 9552.19 -5.55556
286.006 40.8102 8626.92 -5.55556
286.006 40.8129 9415.94 -5.55556
286.006 40.8156 9272.15 -5.55556
286.006 40.8183 9845.6 -5.55556
286.006 40.821 11909.7 -5.55556
286.006 40.8237 9101.57 -5.55556
286.006 40.8264 9879.02 -5.55556
286.006 40.8292 10057.8 -5.55556
286.006 40.8319 10125.4 -5.55556
286.006 40.8346 9657.48 -5.55556
286.006 40.8373 10002 -5.55556
286.006 40.84 11703.8 -5.55556
286.009 40.68 11427.3 -5.55556
286.009 40.6827 10101.5 -5.55556
286.009 40.6854 9019.26 -5.55556
286.009 40.6881 9971.28 -5.55556
286.009 40.6908 10009.6 -5.55556
286.009 40.6936 8023.04 -5.55556
286.009 40.6963 10692.1 -5.55556
286.009 40.699 9031.7 -5.55556
286.009 40.7017 10488.5 -5.55556
286.009 40.7044 10080.8 -5.55556
286.009 40.7071 8027.72 -5.55556
286.009 40.7098 9467.03 -5.55556
286.009 40.7125 10215.7 -5.55556
286.009 40.7153 9426.2 -5.55556
286.009 40.718 9189.99 -5.55556
286.009 40.7207 8381.37 -5.55556
286.009 40.7234 8284.85 -5.55556
286.009 40.7261 12614.2 -5.55556
286.009 40.7288 8905.43 -5.55556
286.009 40.7315 9003.65 -5.55556
286.009 40.7342 10204.5 -5.55556
286.009 40.7369 11327.6 -5.55556
286.009 40.7397 9348.83 -5.55556
286.009 40.7424 9782.91 -5.55556
286.009 40.7451 8676.01 -5.55556
286.009 40.7478 8535.99 -5.55556
286.009 40.7505 11210.7 -5.55556
286.009 40.7532 9712.67 -5.55556
286.009 40.7559 10339 -5.55556
286.009 40.7586 10045.9 -5.55556
286.009 40.7614 10013.2 -5.55556
286.009 40.7641 10605.2 -5.55556
286.009 40.7668 9259.64 -5.55556
286.009 40.7695 8460.85 -5.55556
286.009 40.7722 10240.7 -5.55556
286.009 40.7749 10166.2 -5.55556
286.009 40.7776 10698.3 -5.55556
286.009 40.7803 10357.2 -5.55556
286.009 40.7831 11502.9 -5.55556
286.009 40.7858 9719.44 -5.55556
286.009 40.7885 9685.33 -5.55556
286.009 40.7912 11772.5 -5.55556
286.009 40.7939 10120.5 -5.55556
286.009 40.7966 8472.76 -5.55556
286.009 40.7993 9775.56 -5.55556
286.009 40.802 10875 -5.55556
286.009 40.8047 10351.1 -5.55556
286.009 40.8075 11352 -5.55556
286.009 40.8102 11469 -5.55556
286.009 40.8129 9673.61 -5.55556
286.009 40.8156 9237.17 -5.55556
286.009 40.8183 12258.1 -5.55556
286.009 40.821 9429.87 -5.55556
286.009 40.8237 10064.2 -5.55556
286.009 40.8264 11072.4 -5.55556
286.009 40.8292 7766.03 -5.55556
286.009 40.8319 10662.6 -5.55556
286.009 40.8346 11263 -5.55556
286.009 40.8373 9823.53 -5.55556
286.009 40.84 9075.28 -5.55556
286.013 40.68 9235.43 -5.55556
286.013 40.6827 9672.93 -5.55556
286.013 40.6854 9842.88 -5.55556
286.013 40.6881 10223.6 -5.55556
286.013 40.6908 9247.05 -5.55556
286.013 40.6936 10288.5 -5.55556
286.013 40.6963 9133.32 -5.55556
286.013 40.699 10017.7 -5.55556
286.013 40.7017 10422.6 -5.55556
286.013 40.7044 10232.6 -5.55556
286.013 40.7071 9443.17 -5.55556
286.013 40.7098 8271.43 -5.55556
286.013 40.7125 9890.62 -5.55556
286.013 40.7153 9800.97 -5.55556
286.013 40.718 8484.28 -5.55556
286.013 40.7207 9851.68 -5.55556
286.013 40.7234 9943.19 -5.55556
286.013 40.7261 9242.05 -5.55556
286.013 40.7288 10291 -5.55556
286.013 40.7315 10631 -5.55556
286.013 40.7342 10259 -5.55556
286.013 40.7369 9565.93 -5.55556
286.013 40.7397 9685.93 -5.55556
286.013 40.7424 9831.22 -5.55556
286.013 40.7451 11123.7 -5.55556
286.013 40.7478 10710.2 -5.55556
286.013 40.7505 9187.56 -5.55556
286.013 40.7532 9522.71 -5.55556
286.013 40.7559 9793.96 -5.55556
286.013 40.7586 8855.51 -5.55556
286.013 40.7614 10826.6 -5.55556
286.013 40.7641 10446.8 -5.55556
286.013 40.7668 9273.22 -5.55556
286.013 40.7695 9451.03 -5.55556
286.013 40.7722 9873.37 -5.55556
286.013 40.7749 10952.6 -5.55556
286.013 40.7776 8807.36 -5.55556
286.013 40.7803 8055.19 -5.55556
286.013 40.7831 11266.1 -5.55556
286.013 40.7858 11709.1 -5.55556
286.013 40.7885 10642.2 -5.55556
286.013 40.7912 10269.4 -5.55556
286.013 40.7939 10377.7 -5.55556
286.013 40.7966 9704.54 -5.55556
286.013 40.7993 8053.46 -5.55556
286.013 40.802 10279.2 -5.55556
286.013 40.8047 10145.1 -5.55556
286.013 40.8075 11068.4 -5.55556
286.013 40.8102 10400 -5.55556
286.013 40.8129 8135.36 -5.55556
286.013 40.8156 10999.7 -5.55556
286.013 40.8183 12907.4 -5.55556
286.013 40.821 9994.28 -5.55556
286.013 40.8237 11948.1 -5.55556
286.013 40.8264 10107.4 -5.55556
286.013 40.8292 10553.6 -5.55556
286.013 40.8319 11012.4 -5.55556
286.013 40.8346 11218.8 -5.55556
286.013 40.8373 9420 -5.55556
286.013 40.84 10099.1 -5.55556
286.016 40.68 11742.3 -5.55556
286.016 40.6827 8895.28 -5.55556
286.016 40.6854 11840.2 -5.55556
286.016 40.6881 10393.6 -5.55556
286.016 40.6908 9364.15 -5.55556
286.016 40.6936 10561.8 -5.55556
286.016 40.6963 8796.49 -5.55556
286.016 40.699 9109.38 -5.55556
286.016 40.7017 8177.71 -5.55556
286.016 40.7044 10566.5 -5.55556
286.016 40.7071 9485.3 -5.55556
286.016 40.7098 10424.8 -5.55556
286.016 40.7125 8238.52 -5.55556
286.016 40.7153 9428.59 -5.55556
286.016 40.718 8381.73 -5.55556
286.016 40.7207 9663.01 -5.55556
286.016 40.7234 8214.92 -5.55556
286.016 40.7261 8949.97 -5.55556
286.016 40.7288 10922.1 -5.55556
286.016 40.7315 10258.9 -5.55556
286.016 40.7342 10143.9 -5.55556
286.016 40.7369 9373.75 -5.55556
286.016 40.7397 11269.8 -5.55556
286.016 40.7424 12071.3 -5.55556
286.016 40.7451 8800.89 -5.55556
286.016 40.7478 10962.4 -5.55556
286.016 40.7505 11157.4 -5.55556
286.016 40.7532 9504.1 -5.55556
286.016 40.7559 9568.89 -5.55556
286.016 40.7586 9632.21 -5.55556
286.016 40.7614 11643.8 -5.55556
286.016 40.7641 11209.7 -5.55556
286.016 40.7668 8631.96 -5.55556
286.016 40.7695 10506.4 -5.55556
286.016 40.7722 8799.54 -5.55556
286.016 40.7749 10694 -5.55556
286.016 40.7776 9051.93 -5.55556
286.016 40.7803 11062.5 -5.55556
286.016 40.7831 9052.43 -5.55556
286.016 40.7858 10058.3 -5.55556
286.016 40.7885 10581.7 -5.55556
286.016 40.7912 8671.02 -5.55556
286.016 40.7939 11953.8 -5.55556
286.016 40.7966 9665.63 -5.55556
286.016 40.7993 10068.9 -5.55556
286.016 40.802 9266.86 -5.55556
286.016 40.8047 9488.27 -5.55556
286.016 40.8075 9337.12 -5.55556
286.016 40.8102 10304.3 -5.55556
286.016 40.8129 9529.85 -5.55556
286.016 40.8156 10655.1 -5.55556
286.016 40.8183 8758.81 -5.55556
286.016 40.821 9263.26 -5.55556
286.016 40.8237 10689 -5.55556
286.016 40.8264 9907.71 -5.55556
286.016 40.8292 10750.8 -5.55556
286.016 40.8319 9852.75 -5.55556
286.016 40.8346 10247 -5.55556
286.016 40.8373 9587.32 -5.55556
286.016 40.84 9768.35 -5.55556
286.02 40.68 8366.73 -5.55556
286.02 40.6827 10585.9 -5.55556
286.02 40.6854 9737.53 -5.55556
286.02 40.6881 9870.77 -5.55556
286.02 40.6908 10060 -5.55556
286.02 40.6936 10910.7 -5.55556
286.02 40.6963 9712.32 -5.55556
286.02 40.699 9116.86 -5.55556
286.02 40.7017 10039.1 -5.55556
286.02 40.7044 12337.1 -5.55556
286.02 40.7071 11486.1 -5.55556
286.02 40.7098 8887.75 -5.55556
286.02 40.7125 8967.09 -5.55556
286.02 40.7153 10005.7 -5.55556
286.02 40.718 10837 -5.55556
286.02 40.7207 10087.4 -5.55556
286.02 40.7234 8257.37 -5.55556
286.02 40.7261 8923.68 -5.55556
286.02 40.7288 12005.8 -5.55556
286.02 40.7315 11276.3 -5.55556
286.02 40.7342 9461.86 -5.55556
286.02 40.7369 9299.27 -5.55556
286.02 40.7397 11791.6 -5.55556
286.02 40.7424 10343.3 -5.55556
286.02 40.7451 11124.2 -5.55556
286.02 40.7478 9252.21 -5.55556
286.02 40.7505 8259.09 -5.55556
286.02 40.7532 8938.95 -5.55556
286.02 40.7559 9498.53 -5.55556
286.02 40.7586 8668.19 -5.55556
286.02 40.7614 11037.6 -5.55556
286.02 40.7641 10985.2 -5.55556
286.02 40.7668 10221.6 -5.55556
286.02 40.7695 8537.47 -5.55556
286.02 40.7722 10088.6 -5.55556
286.02 40.7749 9305.24 -5.55556
286.02 40.7776 9583.51 -5.55556
286.02 40.7803 10063.4 -5.55556
286.02 40.7831 11431 -5.55556
286.02 40.7858 9463.32 -5.55556
286.02 40.7885 11064.5 -5.55556
286.02 40.7912 11904.2 -5.55556
286.02 40.7939 10813.1 -5.55556
286.02 40.7966 9256.32 -5.55556
286.02 40.7993 11213.9 -5.55556
286.02 40.802 9802.47 -5.55556
286.02 40.8047 9412.07 -5.55556
286.02 40.8075 9634.84 -5.55556
286.02 40.8102 11953.8 -5.55556
286.02 40.8129 10015.8 -5.55556
286.02 40.8156 11361.4 -5.55556
286.02 40.8183 10300.2 -5.55556
286.02 40.821 10245.6 -5.55556
286.02 40.8237 10060.1 -5.55556
286.02 40.8264 12196.2 -5.55556
286.02 40.8292 10559 -5.55556
286.02 40.8319 9958.89 -5.55556
286.02 40.8346 9684.8 -5.55556
286.02 40.8373 10083.7 -5.55556
286.02 40.84 11582 -5.55556
286.024 40.68 10145.4 -5.55556
286.024 40.6827 11269.1 -5.55556
286.024 40.6854 11833.5 -5.55556
286.024 40.6881 10769.5 -5.55556
286.024 40.6908 10217 -5.55556
286.024 40.6936 9058.3 -5.55556
286.024 40.6963 10954.4 -5.55556
286.024 40.699 9483.45 -5.55556
286.024 40.7017 9827.53 -5.55556
286.024 40.7044 9502.27 -5.55556
286.024 40.7071 10683.8 -5.55556
286.024 40.7098 9964.5 -5.55556
286.024 40.7125 11244.9 -5.55556
286.024 40.7153 10441 -5.55556
286.024 40.718 8821.87 -5.55556
286.024 40.7207 10055.8 -5.55556
286.024 40.7234 10308.4 -5.55556
286.024 40.7261 9360.21 -5.55556
286.024 40.7288 11129.4 -5.55556
286.024 40.7315 9853.49 -5.55556
286.024 40.7342 10284.7 -5.55556
286.024 40.7369 9738.66 -5.55556
286.024 40.7397 10665.8 -5.55556
286.024 40.7424 9121.37 -5.55556
286.024 40.7451 10362.5 -5.55556
286.024 40.7478 9087.88 -5.55556
286.024 40.7505 9894.8 -5.55556
286.024 40.7532 10939.6 -5.55556
286.024 40.7559 9150.93 -5.55556
286.024 40.7586 10312.4 -5.55556
286.024 40.7614 10498.4 -5.55556
286.024 40.7641 9621.64 -5.55556
286.024 40.7668 12464.6 -5.55556
286.024 40.7695 10791.3 -5.55556
286.024 40.7722 8886.74 -5.55556
286.024 40.7749 10497.3 -5.55556
286.024 40.7776 11392.2 -5.55556
286.024 40.7803 11870.8 -5.55556
286.024 40.7831 10599.5 -5.55556
286.024 40.7858 10307.7 -5.55556
286.024 40.7885 11570.8 -5.55556
286.024 40.7912 12672.1 -5.55556
286.024 40.7939 9764.41 -5.55556
286.024 40.7966 8901.48 -5.55556
286.024 40.7993 10188.2 -5.55556
286.024 40.802 9864.66 -5.55556
286.024 40.8047 10579.3 -5.55556
286.024 40.8075 9988.11 -5.55556
286.024 40.8102 9944.23 -5.55556
286.024 40.8129 10996.4 -5.55556
286.024 40.8156 8765.62 -5.55556
286.024 40.8183 9610.25 -5.55556
286.024 40.821 11773.9 -5.55556
286.024 40.8237 9255.89 -5.55556
286.024 40.8264 10111.6 -5.55556
286.024 40.8292 10343.6 -5.55556
286.024 40.8319 10753.5 -5.55556
286.024 40.8346 9213.47 -5.55556
286.024 40.8373 10399.3 -5.55556
286.024 40.84 10691 -5.55556
286.027 40.68 9234.08 -5.55556
286.027 40.6827 11174.4 -5.55556
286.027 40.6854 10614.5 -5.55556
286.027 40.6881 7390.22 -5.55556
286.027 40.6908 10111.3 -5.55556
286.027 40.6936 11500.9 -5.55556
286.027 40.6963 10488.7 -5.55556
286.027 40.699 8419.36 -5.55556
286.027 40.7017 8282.94 -5.55556
286.027 40.7044 11325 -5.55556
286.027 40.7071 9158.85 -5.55556
286.027 40.7098 10100.1 -5.55556
286.027 40.7125 10446.6 -5.55556
286.027 40.7153 9476.84 -5.55556
286.027 40.718 9241.79 -5.55556
286.027 40.7207 10258.1 -5.55556
286.027 40.7234 10065.5 -5.55556
286.027 40.7261 10502.4 -5.55556
286.027 40.7288 9282.24 -5.55556
286.027 40.7315 9348.19 -5.55556
286.027 40.7342 10526.1 -5.55556
286.027 40.7369 9767.4 -5.55556
286.027 40.7397 9989.98 -5.55556
286.027 40.7424 8988.07 -5.55556
286.027 40.7451 9807.69 -5.55556
286.027 40.7478 10960.4 -5.55556
286.027 40.7505 10940.4 -5.55556
286.027 40.7532 9358.33 -5.55556
286.027 40.7559 10331.7 -5.55556
286.027 40.7586 11062.1 -5.55556
286.027 40.7614 10537.8 -5.55556
286.027 40.7641 8313.21 -5.55556
286.027 40.7668 8935.92 -5.55556
286.027 40.7695 9684.78 -5.55556
286.027 40.7722 12481 -5.55556
286.027 40.7749 8714.47 -5.55556
286.027 40.7776 9565.39 -5.55556
286.027 40.7803 11099.2 -5.55556
286.027 40.7831 9187.12 -5.55556
286.027 40.7858 10323.3 -5.55556
286.027 40.7885 12027 -5.55556
286.027 40.7912 10781.6 -5.55556
286.027 40.7939 9859.88 -5.55556
286.027 40.7966 9052.74 -5.55556
286.027 40.7993 9242.06 -5.55556
286.027 40.802 11121.5 -5.55556
286.027 40.8047 11497.1 -5.55556
286.027 40.8075 8874.74 -5.55556
286.027 40.8102 10281.2 -5.55556
286.027 40.8129 10028.4 -5.55556
286.027 40.8156 9398.97 -5.55556
286.027 40.8183 8770.58 -5.55556
286.027 40.821 8251.66 -5.55556
286.027 40.8237 10228.1 -5.55556
286.027 40.8264 10929.4 -5.55556
286.027 40.8292 10241.7 -5.55556
286.027 40.8319 9358.04 -5.55556
286.027 40.8346 9190.46 -5.55556
286.027 40.8373 10046.4 -5.55556
286.027 40.84 9349.6 -5.55556
286.031 40.68 10619.9 -5.55556
286.031 40.6827 9566.25 -5.55556
286.031 40.6854 9395.08 -5.55556
286.031 40.6881 10375.1 -5.55556
286.031 40.6908 10123 -5.55556
286.031 40.6936 8884.3 -5.55556
286.031 40.6963 9533.27 -5.55556
286.031 40.699 11963.2 -5.55556
286.031 40.7017 9441.73 -5.55556
286.031 40.7044 8672.39 -5.55556
286.031 40.7071 9962.7 -5.55556
286.031 40.7098 9222.87 -5.55556
286.031 40.7125 8423.67 -5.55556
286.031 40.7153 11049 -5.55556
286.031 40.718 11325.7 -5.55556
286.031 40.7207 10403.6 -5.55556
286.031 40.7234 9184.33 -5.55556
286.031 40.7261 10645.8 -5.55556
286.031 40.7288 9725.8 -5.55556
286.031 40.7315 10700.7 -5.55556
286.031 40.7342 9333.83 -5.55556
286.031 40.7369 9620.47 -5.55556
286.031 40.7397 9241.7 -5.55556
286.031 40.7424 10576.8 -5.55556
286.031 40.7451 9966.42 -5.55556
286.031 40.7478 10362.5 -5.55556
286.031 40.7505 8045.2 -5.55556
286.031 40.7532 10498.6 -5.55556
286.031 40.7559 9875.9 -5.55556
286.031 40.7586 11482.7 -5.55556
286.031 40.7614 9472.17 -5.55556
286.031 40.7641 9967.03 -5.55556
286.031 40.7668 10402 -5.55556
286.031 40.7695 8116.69 -5.55556
286.031 40.7722 8757.94 -5.55556
286.031 40.7749 10794.6 -5.55556
286.031 40.7776 9536.08 -5.55556
286.031 40.7803 10525.5 -5.55556
286.031 40.7831 9693.85 -5.55556
286.031 40.7858 8994.14 -5.55556
286.031 40.7885 9388.53 -5.55556
286.031 40.7912 9907.91 -5.55556
286.031 40.7939 10284.1 -5.55556
286.031 40.7966 8092.81 -5.55556
286.031 40.7993 9084.74 -5.55556
286.031 40.802 9476.37 -5.55556
286.031 40.8047 11287.3 -5.55556
286.031 40.8075 10130.6 -5.55556
286.031 40.8102 10344.4 -5.55556
286.031 40.8129 11050.1 -5.55556
286.031 40.8156 11825.2 -5.55556
286.031 40.8183 9663.63 -5.55556
286.031 40.821 10642.2 -5.55556
286.031 40.8237 11252.4 -5.55556
286.031 40.8264 10915.3 -5.55556
286.031 40.8292 10583.3 -5.55556
286.031 40.8319 13065.8 -5.55556
286.031 40.8346 8666.68 -5.55556
286.031 40.8373 9464.03 -5.55556
286.031 40.84 10566.3 -5.55556
286.034 40.68 10499.6 -5.55556
286.034 40.6827 7938.53 -5.55556
286.034 40.6854 9695.67 -5.55556
286.034 40.6881 8674.18 -5.55556
286.034 40.6908 9252.07 -5.55556
286.034 40.6936 11268.9 -5.55556
286.034 40.6963 11617.2 -5.55556
286.034 40.699 11462.6 -5.55556
286.034 40.7017 11105.1 -5.55556
286.034 40.7044 9142.58 -5.55556
286.034 40.7071 9012.02 -5.55556
286.034 40.7098 10501.6 -5.55556
286.034 40.7125 9144.76 -5.55556
286.034 40.7153 10330.1 -5.55556
286.034 40.718 11517.7 -5.55556
286.034 40.7207 9042.3 -5.55556
286.034 40.7234 7451.49 -5.55556
286.034 40.7261 10231.5 -5.55556
286.034 40.7288 11296.6 -5.55556
286.034 40.7315 9532.46 -5.55556
286.034 40.7342 10577.4 -5.55556
286.034 40.7369 10952.3 -5.55556
286.034 40.7397 10054.9 -5.55556
286.034 40.7424 10329.4 -5.55556
286.034 40.7451 10425.9 -5.55556
286.034 40.7478 9890.04 -5.55556
286.034 40.7505 8431.51 -5.55556
286.034 40.7532 10147.7 -5.55556
286.034 40.7559 10716.2 -5.55556
286.034 40.7586 9060.62 -5.55556
286.034 40.7614 8454.45 -5.55556
286.034 40.7641 11893.6 -5.55556
286.034 40.7668 9767.5 -5.55556
286.034 40.7695 8134.93 -5.55556
286.034 40.7722 11160.9 -5.55556
286.034 40.7749 10843.6 -5.55556
286.034 40.7776 9254.6 -5.55556
286.034 40.7803 9114.15 -5.55556
286.034 40.7831 7562.97 -5.55556
286.034 40.7858 8669.77 -5.55556
286.034 40.7885 9474.69 -5.55556
286.034 40.7912 10521.5 -5.55556
286.034 40.7939 8893.58 -5.55556
286.034 40.7966 8581.26 -5.55556
286.034 40.7993 10606.8 -5.55556
286.034 40.802 10793 -5.55556
286.034 40.8047 9152.15 -5.55556
286.034 40.8075 10029.1 -5.55556
286.034 40.8102 9327.1 -5.55556
286.034 40.8129 9788.03 -5.55556
286.034 40.8156 9896.65 -5.55556
286.034 40.8183 9331.47 -5.55556
286.034 40.821 9022.07 -5.55556
286.034 40.8237 11005.3 -5.55556
286.034 40.8264 9998.37 -5.55556
286.034 40.8292 10117 -5.55556
286.034 40.8319 9299.37 -5.55556
286.034 40.8346 10210.3 -5.55556
286.034 40.8373 10796.9 -5.55556
286.034 40.84 11979.6 -5.55556
286.038 40.68 10216 -5.55556
286.038 40.6827 11727.4 -5.55556
286.038 40.6854 10976.6 -5.55556
286.038 40.6881 9064.65 -5.55556
286.038 40.6908 11230.2 -5.55556
286.038 40.6936 11541.4 -5.55556
286.038 40.6963 9284.46 -5.55556
286.038 40.699 9697.58 -5.55556
286.038 40.7017 10184.5 -5.55556
286.038 40.7044 10734.2 -5.55556
286.038 40.7071 9600.42 -5.55556
286.038 40.7098 8030.63 -5.55556
286.038 40.7125 11705.4 -5.55556
286.038 40.7153 11252.7 -5.55556
286.038 40.718 9588.9 -5.55556
286.038 40.7207 10069.8 -5.55556
286.038 40.7234 8979 -5.55556
286.038 40.7261 10814.2 -5.55556
286.038 40.7288 9722.87 -5.55556
286.038 40.7315 11936.7 -5.55556
286.038 40.7342 9169.55 -5.55556
286.038 40.7369 9599.54 -5.55556
286.038 40.7397 10065 -5.55556
286.038 40.7424 8397.51 -5.55556
286.038 40.7451 8287.81 -5.55556
286.038 40.7478 9459.96 -5.55556
286.038 40.7505 11298.8 -5.55556
286.038 40.7532 9818.98 -5.55556
286.038 40.7559 10798.1 -5.55556
286.038 40.7586 9114.39 -5.55556
286.038 40.7614 10229.9 -5.55556
286.038 40.7641 9241.79 -5.55556
286.038 40.7668 10290.7 -5.55556
286.038 40.7695 10647 -5.55556
286.038 40.7722 10501.3 -5.55556
286.038 40.7749 10841.1 -5.55556
286.038 40.7776 10129.1 -5.55556
286.038 40.7803 8909.12 -5.55556
286.038 40.7831 10144.2 -5.55556
286.038 40.7858 9471.43 -5.55556
286.038 40.7885 9897.16 -5.55556
286.038 40.7912 10301.9 -5.55556
286.038 40.7939 12093.5 -5.55556
286.038 40.7966 10902.3 -5.55556
286.038 40.7993 10709.8 -5.55556
286.038 40.802 8344.48 -5.55556
286.038 40.8047 11413.3 -5.55556
286.038 40.8075 10429.2 -5.55556
286.038 40.8102 12233.6 -5.55556
286.038 40.8129 9169.96 -5.55556
286.038 40.8156 9580.59 -5.55556
286.038 40.8183 9934.23 -5.55556
286.038 40.821 9211.83 -5.55556
286.038 40.8237 10643.5 -5.55556
286.038 40.8264 8512.48 -5.55556
286.038 40.8292 10077.1 -5.55556
286.038 40.8319 10390 -5.55556
286.038 40.8346 9268.27 -5.55556
286.038 40.8373 10431.1 -5.55556
286.038 40.84 11035.7 -5.55556
286.041 40.68 9676.7 -5.55556
286.041 40.6827 10543.2 -5.55556
286.041 40.6854 10396.6 -5.55556
286.041 40.6881 8181.69 -5.55556
286.041 40.6908 9089.91 -5.55556
286.041 40.6936 11428.8 -5.55556
286.041 40.6963 8715.37 -5.55556
286.041 40.699 8586.55 -5.55556
286.041 40.7017 9954.08 -5.55556
286.041 40.7044 9860.5 -5.55556
286.041 40.7071 9579.89 -5.55556
286.041 40.7098 10818 -5.55556
286.041 40.7125 8756.67 -5.55556
286.041 40.7153 9876.47 -5.55556
286.041 40.718 11157.3 -5.55556
286.041 40.7207 9339.73 -5.55556
286.041 40.7234 8117.94 -5.55556
286.041 40.7261 8548.36 -5.55556
286.041 40.7288 9199.48 -5.55556
286.041 40.7315 11201 -5.55556
286.041 40.7342 10406.7 -5.55556
286.041 40.7369 10435.5 -5.55556
286.041 40.7397 10839.5 -5.55556
286.041 40.7424 10919.2 -5.55556
286.041 40.7451 10927.2 -5.55556
286.041 40.7478 8616.21 -5.55556
286.041 40.7505 10300.2 -5.55556
286.041 40.7532 10913.4 -5.55556
286.041 40.7559 10661.9 -5.55556
286.041 40.7586 13306.6 -5.55556
286.041 40.7614 10799.8 -5.55556
286.041 40.7641 10172.2 -5.55556
286.041 40.7668 9900.48 -5.55556
286.041 40.7695 10068.2 -5.55556
286.041 40.7722 9287.25 -5.55556
286.041 40.7749 8315.86 -5.55556
286.041 40.7776 9278.94 -5.55556
286.041 40.7803 7670.83 -5.55556
286.041 40.7831 9033.3 -5.55556
286.041 40.7858 9329.15 -5.55556
286.041 40.7885 12129.3 -5.55556
286.041 40.7912 11693.5 -5.55556
286.041 40.7939 11637.7 -5.55556
286.041 40.7966 10086.9 -5.55556
286.041 40.7993 9412.92 -5.55556
286.041 40.802 9125.63 -5.55556
286.041 40.8047 8578.23 -5.55556
286.041 40.8075 13727 -5.55556
286.041 40.8102 9256.94 -5.55556
286.041 40.8129 9869.22 -5.55556
286.041 40.8156 10027.9 -5.55556
286.041 40.8183 9442.95 -5.55556
286.041 40.821 11042.2 -5.55556
286.041 40.8237 10706.4 -5.55556
286.041 40.8264 9984.9 -5.55556
286.041 40.8292 10881.3 -5.55556
286.041 40.8319 8999.09 -5.55556
286.041 40.8346 9382.55 -5.55556
286.041 40.8373 9738.86 -5.55556
286.041 40.84 9561 -5.55556
286.045 40.68 11472.1 -5.55556
286.045 40.6827 10598.4 -5.55556
286.045 40.6854 10470.2 -5.55556
286.045 40.6881 9689.28 -5.55556
286.045 40.6908 10966.3 -5.55556
286.045 40.6936 9083.46 -5.55556
286.045 40.6963 9199.95 -5.55556
286.045 40.699 10584.6 -5.55556
286.045 40.7017 9930.42 -5.55556
286.045 40.7044 9692.88 -5.55556
286.045 40.7071 9478.1 -5.55556
286.045 40.7098 9287.5 -5.55556
286.045 40.7125 7746.43 -5.55556
286.045 40.7153 10093.7 -5.55556
286.045 40.718 9874.5 -5.55556
286.045 40.7207 9759.87 -5.55556
286.045 40.7234 10308 -5.55556
286.045 40.7261 8340.72 -5.55556
286.045 40.7288 8486.19 -5.55556
286.045 40.7315 9627.64 -5.55556
286.045 40.7342 9584.86 -5.55556
286.045 40.7369 10430.7 -5.55556
286.045 40.7397 8831.67 -5.55556
286.045 40.7424 11209.1 -5.55556
286.045 40.7451 8590.51 -5.55556
286.045 40.7478 9087.09 -5.55556
286.045 40.7505 8863.12 -5.55556
286.045 40.7532 9845.68 -5.55556
286.045 40.7559 8658.19 -5.55556
286.045 40.7586 9437.74 -5.55556
286.045 40.7614 10575.4 -5.55556
286.045 40.7641 11138.6 -5.55556
286.045 40.7668 10159.7 -5.55556
286.045 40.7695 9540.31 -5.55556
286.045 40.7722 12023.5 -5.55556
286.045 40.7749 11702 -5.55556
286.045 40.7776 7060.54 -5.55556
286.045 40.7803 8780.38 -5.55556
286.045 40.7831 11822.5 -5.55556
286.045 40.7858 8785.18 -5.55556
286.045 40.7885 9145.9 -5.55556
286.045 40.7912 8919.86 -5.55556
286.045 40.7939 9908.38 -5.55556
286.045 40.7966 10394.2 -5.55556
286.045 40.7993 8196.35 -5.55556
286.045 40.802 9611.69 -5.55556
286.045 40.8047 11293.5 -5.55556
286.045 40.8075 10684 -5.55556
286.045 40.8102 10818.1 -5.55556
286.045 40.8129 9069.67 -5.55556
286.045 40.8156 8353.08 -5.55556
286.045 40.8183 7920.22 -5.55556
286.045 40.821 10509.5 -5.55556
286.045 40.8237 9969.3 -5.55556
286.045 40.8264 10405.3 -5.55556
286.045 40.8292 11214.9 -5.55556
286.045 40.8319 11330.5 -5.55556
286.045 40.8346 9818.23 -5.55556
286.045 40.8373 9688.12 -5.55556
286.045 40.84 11009.1 -5.55556
286.048 40.68 10628.4 -5.55556
286.048 40.6827 11735.6 -5.55556
286.048 40.6854 10006.5 -5.55556
286.048 40.6881 10065.8 -5.55556
286.048 40.6908 10467.9 -5.55556
286.048 40.6936 11233.5 -5.55556
286.048 40.6963 8934.9 -5.55556
286.048 40.699 8967.35 -5.55556
286.048 40.7017 9156.15 -5.55556
286.048 40.7044 9062.79 -5.55556
286.048 40.7071 10856 -5.55556
286.048 40.7098 8638.61 -5.55556
286.048 40.7125 9413.56 -5.55556
286.048 40.7153 11358.2 -5.55556
286.048 40.718 9895.61 -5.55556
286.048 40.7207 9866.95 -5.55556
286.048 40.7234 9760.05 -5.55556
286.048 40.7261 9752.64 -5.55556
286.048 40.7288 11314.8 -5.55556
286.048 40.7315 9987.06 -5.55556
286.048 40.7342 9877.96 -5.55556
286.048 40.7369 11443.3 -5.55556
286.048 40.7397 8693.51 -5.55556
286.048 40.7424 9798.05 -5.55556
286.048 40.7451 11397 -5.55556
286.048 40.7478 8265.55 -5.55556
286.048 40.7505 9220.75 -5.55556
286.048 40.7532 10869.7 -5.55556
286.048 40.7559 9407.37 -5.55556
286.048 40.7586 11596.7 -5.55556
286.048 40.7614 8291.1 -5.55556
286.048 40.7641 11045.1 -5.55556
286.048 40.7668 8991 -5.55556
286.048 40.7695 8242.36 -5.55556
286.048 40.7722 9982.87 -5.55556
286.048 40.7749 11186.3 -5.55556
286.048 40.7776 10114 -5.55556
286.048 40.7803 8745.92 -5.55556
286.048 40.7831 10887.9 -5.55556
286.048 40.7858 9721.65 -5.55556
286.048 40.7885 9564.27 -5.55556
286.048 40.7912 10004.7 -5.55556
286.048 40.7939 10179.2 -5.55556
286.048 40.7966 9451.51 -5.55556
286.048 40.7993 9383.52 -5.55556
286.048 40.802 8838.28 -5.55556
286.048 40.8047 9647.53 -5.55556
286.048 40.8075 8473.22 -5.55556
286.048 40.8102 8864.46 -5.55556
286.048 40.8129 9020.9 -5.55556
286.048 40.8156 12429.9 -5.55556
286.048 40.8183 9015.6 -5.55556
286.048 40.821 8774.18 -5.55556
286.048 40.8237 9748.86 -5.55556
286.048 40.8264 8373.78 -5.55556
286.048 40.8292 10722.4 -5.55556
286.048 40.8319 8951.61 -5.55556
286.048 40.8346 10358.5 -5.55556
286.048 40.8373 9120.06 -5.55556
286.048 40.84 10224.5 -5.55556
286.052 40.68 8693.14 -5.55556
286.052 40.6827 9698.67 -5.55556
286.052 40.6854 7230.55 -5.55556
286.052 40.6881 7961.14 -5.55556
286.052 40.6908 9614.23 -5.55556
286.052 40.6936 10139.6 -5.55556
286.052 40.6963 8700.25 -5.55556
286.052 40.699 9578.55 -5.55556
286.052 40.7017 9753.78 -5.55556
286.052 40.7044 10416.5 -5.55556
286.052 40.7071 9753.71 -5.55556
286.052 40.7098 7736.17 -5.55556
286.052 40.7125 10919.7 -5.55556
286.052 40.7153 9328.68 -5.55556
286.052 40.718 9933.68 -5.55556
286.052 40.7207 10338.8 -5.55556
286.052 40.7234 11782.8 -5.55556
286.052 40.7261 11196.2 -5.55556
286.052 40.7288 9804.59 -5.55556
286.052 40.7315 10489 -5.55556
286.052 40.7342 9117.9 -5.55556
286.052 40.7369 10954.8 -5.55556
286.052 40.7397 8255.27 -5.55556
286.052 40.7424 9708.57 -5.55556
286.052 40.7451 11493.9 -5.55556
286.052 40.7478 9950.03 -5.55556
286.052 40.7505 9691.26 -5.55556
286.052 40.7532 9941.73 -5.55556
286.052 40.7559 10189.6 -5.55556
286.052 40.7586 10378.5 -5.55556
286.052 40.7614 8377.14 -5.55556
286.052 40.7641 9313.68 -5.55556
286.052 40.7668 9879.52 -5.55556
286.052 40.7695 10709.9 -5.55556
286.052 40.7722 9022.25 -5.55556
286.052 40.7749 9128.76 -5.55556
286.052 40.7776 9814.05 -5.55556
286.052 40.7803 8940.58 -5.55556
286.052 40.7831 9387.48 -5.55556
286.052 40.7858 10133.4 -5.55556
286.052 40.7885 8245.48 -5.55556
286.052 40.7912 8457.94 -5.55556
286.052 40.7939 10051.3 -5.55556
286.052 40.7966 9841.29 -5.55556
286.052 40.7993 11986.1 -5.55556
286.052 40.802 10567.1 -5.55556
286.052 40.8047 10150 -5.55556
286.052 40.8075 10301.1 -5.55556
286.052 40.8102 8416.68 -5.55556
286.052 40.8129 10774.9 -5.55556
286.052 40.8156 10970.3 -5.55556
286.052 40.8183 10223.7 -5.55556
286.052 40.821 8463.24 -5.55556
286.052 40.8237 10109.1 -5.55556
286.052 40.8264 9400.05 -5.55556
286.052 40.8292 10105.1 -5.55556
286.052 40.8319 9382.14 -5.55556
286.052 40.8346 9370.92 -5.55556
286.052 40.8373 10570.1 -5.55556
286.052 40.84 9437.44 -5.55556
286.055 40.68 9630.08 -5.55556
286.055 40.6827 10526.5 -5.55556
286.055 40.6854 11277.4 -5.55556
286.055 40.6881 9772.4 -5.55556
286.055 40.6908 10115.3 -5.55556
286.055 40.6936 10009.9 -5.55556
286.055 40.6963 10667.7 -5.55556
286.055 40.699 8923.15 -5.55556
286.055 40.7017 10187.2 -5.55556
286.055 40.7044 8034.22 -5.55556
286.055 40.7071 10181.1 -5.55556
286.055 40.7098 9360.27 -5.55556
286.055 40.7125 9355.47 -5.55556
286.055 40.7153 10465 -5.55556
286.055 40.718 9615.63 -5.55556
286.055 40.7207 9433.39 -5.55556
286.055 40.7234 11583.3 -5.55556
286.055 40.7261 11678.5 -5.55556
286.055 40.7288 9941.14 -5.55556
286.055 40.7315 10170.7 -5.55556
286.055 40.7342 11110.6 -5.55556
286.055 40.7369 10700 -5.55556
286.055 40.7397 9488.66 -5.55556
286.055 40.7424 9577.65 -5.55556
286.055 40.7451 10135 -5.55556
286.055 40.7478 9383.96 -5.55556
286.055 40.7505 8843.78 -5.55556
286.055 40.7532 11958.4 -5.55556
286.055 40.7559 8595.92 -5.55556
286.055 40.7586 11298.1 -5.55556
286.055 40.7614 9940.13 -5.55556
286.055 40.7641 11050.9 -5.55556
286.055 40.7668 11373.7 -5.55556
286.055 40.7695 9864.94 -5.55556
286.055 40.7722 10350.2 -5.55556
286.055 40.7749 12297.5 -5.55556
286.055 40.7776 10965.5 -5.55556
286.055 40.7803 10778.8 -5.55556
286.055 40.7831 7577.8 -5.55556
286.055 40.7858 9225.65 -5.55556
286.055 40.7885 10313.5 -5.55556
286.055 40.7912 9674.43 -5.55556
286.055 40.7939 11522.5 -5.55556
286.055 40.7966 9631.38 -5.55556
286.055 40.7993 9903.83 -5.55556
286.055 40.802 10491.5 -5.55556
286.055 40.8047 10465.8 -5.55556
286.055 40.8075 10697.5 -5.55556
286.055 40.8102 9743.06 -5.55556
286.055 40.8129 10310.4 -5.55556
286.055 40.8156 9480.44 -5.55556
286.055 40.8183 11001.1 -5.55556
286.055 40.821 10187.9 -5.55556
286.055 40.8237 9051.08 -5.55556
286.055 40.8264 8474.71 -5.55556
286.055 40.8292 8911.26 -5.55556
286.055 40.8319 9411.67 -5.55556
286.055 40.8346 10271.2 -5.55556
286.055 40.8373 11660.4 -5.55556
286.055 40.84 10271.9 -5.55556
286.059 40.68 9865.44 -5.55556
286.059 40.6827 9442.51 -5.55556
286.059 40.6854 8983.74 -5.55556
286.059 40.6881 10004.3 -5.55556
286.059 40.6908 9112.87 -5.55556
286.059 40.6936 9618.9 -5.55556
286.059 40.6963 10889.2 -5.55556
286.059 40.699 9977.87 -5.55556
286.059 40.7017 10191.9 -5.55556
286.059 40.7044 11371.4 -5.55556
286.059 40.7071 9101.31 -5.55556
286.059 40.7098 11303.6 -5.55556
286.059 40.7125 10144.9 -5.55556
286.059 40.7153 10832.3 -5.55556
286.059 40.718 7856.48 -5.55556
286.059 40.7207 11802.9 -5.55556
286.059 40.7234 9383.18 -5.55556
286.059 40.7261 10635.2 -5.55556
286.059 40.7288 6595.54 -5.55556
286.059 40.7315 10007.1 -5.55556
286.059 40.7342 8360.65 -5.55556
286.059 40.7369 10494.9 -5.55556
286.059 40.7397 11490.3 -5.55556
286.059 40.7424 10634.3 -5.55556
286.059 40.7451 10564.8 -5.55556
286.059 40.7478 10159.9 -5.55556
286.059 40.7505 9198.11 -5.55556
286.059 40.7532 10129.2 -5.55556
286.059 40.7559 7166.18 -5.55556
286.059 40.7586 8176.89 -5.55556
286.059 40.7614 10627.8 -5.55556
286.059 40.7641 11953.6 -5.55556
286.059 40.7668 10663.3 -5.55556
286.059 40.7695 10570.5 -5.55556
286.059 40.7722 10309.4 -5.55556
286.059 40.7749 9422.5 -5.55556
286.059 40.7776 9832.54 -5.55556
286.059 40.7803 9236.69 -5.55556
286.059 40.7831 10876.2 -5.55556
286.059 40.7858 11288.5 -5.55556
286.059 40.7885 11095.7 -5.55556
286.059 40.7912 7381.27 -5.55556
286.059 40.7939 9740.49 -5.55556
286.059 40.7966 9029.55 -5.55556
286.059 40.7993 10374 -5.55556
286.059 40.802 10120.2 -5.55556
286.059 40.8047 11517.7 -5.55556
286.059 40.8075 9072.63 -5.55556
286.059 40.8102 9762.99 -5.55556
286.059 40.8129 9312.78 -5.55556
286.059 40.8156 8853.83 -5.55556
286.059 40.8183 11047 -5.55556
286.059 40.821 9186.45 -5.55556
286.059 40.8237 9798.05 -5.55556
286.059 40.8264 8062.29 -5.55556
286.059 40.8292 9106.88 -5.55556
286.059 40.8319 9992.82 -5.55556
286.059 40.8346 9442.27 -5.55556
286.059 40.8373 11502.2 -5.55556
286.059 40.84 7702.26 -5.55556
286.062 40.68 11277.6 -5.55556
286.062 40.6827 8695.53 -5.55556
286.062 40.6854 11684.3 -5.55556
286.062 40.6881 10757.4 -5.55556
286.062 40.6908 10153.1 -5.55556
286.062 40.6936 11814.8 -5.55556
286.062 40.6963 8849.13 -5.55556
286.062 40.699 11000.9 -5.55556
286.062 40.7017 10270.5 -5.55556
286.062 40.7044 10299.2 -5.55556
286.062 40.7071 8416 -5.55556
286.062 40.7098 10100.2 -5.55556
286.062 40.7125 10490.1 -5.55556
286.062 40.7153 11318.9 -5.55556
286.062 40.718 9615.58 -5.55556
286.062 40.7207 10915.9 -5.55556
286.062 40.7234 10443.5 -5.55556
286.062 40.7261 9480.2 -5.55556
286.062 40.7288 9761.62 -5.55556
286.062 40.7315 10418.2 -5.55556
286.062 40.7342 9914.42 -5.55556
286.062 40.7369 9648.14 -5.55556
286.062 40.7397 9390.56 -5.55556
286.062 40.7424 10116.5 -5.55556
286.062 40.7451 10901.5 -5.55556
286.062 40.7478 10752.2 -5.55556
286.062 40.7505 10217.3 -5.55556
286.062 40.7532 9353.25 -5.55556
286.062 40.7559 8707.55 -5.55556
286.062 40.7586 11295.1 -5.55556
286.062 40.7614 10557.5 -5.55556
286.062 40.7641 10483.4 -5.55556
286.062 40.7668 10199.9 -5.55556
286.062 40.7695 11516.4 -5.55556
286.062 40.7722 8449.16 -5.55556
286.062 40.7749 10455.2 -5.55556
286.062 40.7776 9998.92 -5.55556
286.062 40.7803 10084 -5.55556
286.062 40.7831 9002.2 -5.55556
286.062 40.7858 9766.72 -5.55556
286.062 40.7885 10197.8 -5.55556
286.062 40.7912 10829.2 -5.55556
286.062 40.7939 8261.94 -5.55556
286.062 40.7966 9908.92 -5.55556
286.062 40.7993 10592 -5.55556
286.062 40.802 9125.26 -5.55556
286.062 40.8047 9338.3 -5.55556
286.062 40.8075 11238.8 -5.55556
286.062 40.8102 10603.1 -5.55556
286.062 40.8129 13472.4 -5.55556
286.062 40.8156 10153.5 -5.55556
286.062 40.8183 10339.6 -5.55556
286.062 40.821 10644.4 -5.55556
286.062 40.8237 10406.7 -5.55556
286.062 40.8264 10893.4 -5.55556
286.062 40.8292 10758 -5.55556
286.062 40.8319 9375.92 -5.55556
286.062 40.8346 10678.2 -5.55556
286.062 40.8373 9321.51 -5.55556
286.062 40.84 9947.59 -5.55556
286.066 40.68 10450.9 -5.55556
286.066 40.6827 10796.6 -5.55556
286.066 40.6854 11001.7 -5.55556
286.066 40.6881 10182 -5.55556
286.066 40.6908 9289.3 -5.55556
286.066 40.6936 9483.02 -5.55556
286.066 40.6963 10593.9 -5.55556
286.066 40.699 11830.1 -5.55556
286.066 40.7017 11441.8 -5.55556
286.066 40.7044 10494.1 -5.55556
286.066 40.7071 10570.1 -5.55556
286.066 40.7098 8640.81 -5.55556
286.066 40.7125 9795.32 -5.55556
286.066 40.7153 10996.9 -5.55556
286.066 40.718 11648.6 -5.55556
286.066 40.7207 9371.47 -5.55556
286.066 40.7234 11701.3 -5.55556
286.066 40.7261 8378.09 -5.55556
286.066 40.7288 10584.5 -5.55556
286.066 40.7315 11445.3 -5.55556
286.066 40.7342 9110.5 -5.55556
286.066 40.7369 9959.64 -5.55556
286.066 40.7397 9927.85 -5.55556
286.066 40.7424 9942.64 -5.55556
286.066 40.7451 9738.27 -5.55556
286.066 40.7478 9926.5 -5.55556
286.066 40.7505 10211 -5.55556
286.066 40.7532 9228.59 -5.55556
286.066 40.7559 9394.35 -5.55556
286.066 40.7586 9250.33 -5.55556
286.066 40.7614 10372.6 -5.55556
286.066 40.7641 10259.6 -5.55556
286.066 40.7668 10643.4 -5.55556
286.066 40.7695 9043.62 -5.55556
286.066 40.7722 10526.8 -5.55556
286.066 40.7749 10079.9 -5.55556
286.066 40.7776 8676.69 -5.55556
286.066 40.7803 10341.9 -5.55556
286.066 40.7831 9434.25 -5.55556
286.066 40.7858 12540.1 -5.55556
286.066 40.7885 9097.17 -5.55556
286.066 40.7912 9778.93 -5.55556
286.066 40.7939 9536.2 -5.55556
286.066 40.7966 10324.4 -5.55556
286.066 40.7993 10313.6 -5.55556
286.066 40.802 9316.26 -5.55556
286.066 40.8047 10386.5 -5.55556
286.066 40.8075 10186.6 -5.55556
286.066 40.8102 10205.3 -5.55556
286.066 40.8129 8415.99 -5.55556
286.066 40.8156 8825.94 -5.55556
286.066 40.8183 8756.5 -5.55556
286.066 40.821 11216.6 -5.55556
286.066 40.8237 10273.9 -5.55556
286.066 40.8264 9741.98 -5.55556
286.066 40.8292 10843.8 -5.55556
286.066 40.8319 9515.54 -5.55556
286.066 40.8346 10313.7 -5.55556
286.066 40.8373 8811.13 -5.55556
286.066 40.84 9187.72 -5.55556
286.069 40.68 9338.12 -5.55556
286.069 40.6827 9765.33 -5.55556
286.069 40.6854 10412.7 -5.55556
286.069 40.6881 11384.2 -5.55556
286.069 40.6908 9408.62 -5.55556
286.069 40.6936 10299.3 -5.55556
286.069 40.6963 9468.74 -5.55556
286.069 40.699 9001.49 -5.55556
286.069 40.7017 9430.9 -5.55556
286.069 40.7044 11644.5 -5.55556
286.069 40.7071 9021.39 -5.55556
286.069 40.7098 9801.75 -5.55556
286.069 40.7125 10764.5 -5.55556
286.069 40.7153 9595.73 -5.55556
286.069 40.718 11423.1 -5.55556
286.069 40.7207 9720.68 -5.55556
286.069 40.7234 10441 -5.55556
286.069 40.7261 11490.4 -5.55556
286.069 40.7288 9947.3 -5.55556
286.069 40.7315 11412.5 -5.55556
286.069 40.7342 8517.49 -5.55556
286.069 40.7369 9055.96 -5.55556
286.069 40.7397 8986.47 -5.55556
286.069 40.7424 9201.29 -5.55556
286.069 40.7451 9392.12 -5.55556
286.069 40.7478 10281.4 -5.55556
286.069 40.7505 9432.86 -5.55556
286.069 40.7532 11893.9 -5.55556
286.069 40.7559 9609.06 -5.55556
286.069 40.7586 10464.6 -5.55556
286.069 40.7614 10361.9 -5.55556
286.069 40.7641 9445.02 -5.55556
286.069 40.7668 9112.7 -5.55556
286.069 40.7695 8677.27 -5.55556
286.069 40.7722 10270.8 -5.55556
286.069 40.7749 10140.3 -5.55556
286.069 40.7776 10475.9 -5.55556
286.069 40.7803 8662.94 -5.55556
286.069 40.7831 8779.14 -5.55556
286.069 40.7858 10031.4 -5.55556
286.069 40.7885 9253.17 -5.55556
286.069 40.7912 9935.9 -5.55556
286.069 40.7939 10204 -5.55556
286.069 40.7966 11634.1 -5.55556
286.069 40.7993 10439.5 -5.55556
286.069 40.802 10710.1 -5.55556
286.069 40.8047 9538.81 -5.55556
286.069 40.8075 9986.25 -5.55556
286.069 40.8102 9797.14 -5.55556
286.069 40.8129 9642.3 -5.55556
286.069 40.8156 11042 -5.55556
286.069 40.8183 10266.9 -5.55556
286.069 40.821 8987.22 -5.55556
286.069 40.8237 10000.4 -5.55556
286.069 40.8264 10574.2 -5.55556
286.069 40.8292 11140.4 -5.55556
286.069 40.8319 9114.58 -5.55556
286.069 40.8346 10603.4 -5.55556
286.069 40.8373 9762.72 -5.55556
286.069 40.84 11081.4 -5.55556
286.073 40.68 9175.61 -5.55556
286.073 40.6827 11355.5 -5.55556
286.073 40.6854 10150.1 -5.55556
286.073 40.6881 9436.08 -5.55556
286.073 40.6908 9935.09 -5.55556
286.073 40.6936 9318.63 -5.55556
286.073 40.6963 8869.4 -5.55556
286.073 40.699 10592.9 -5.55556
286.073 40.7017 9521.99 -5.55556
286.073 40.7044 10417.4 -5.55556
286.073 40.7071 8677.19 -5.55556
286.073 40.7098 10083.1 -5.55556
286.073 40.7125 9201.92 -5.55556
286.073 40.7153 10147.2 -5.55556
286.073 40.718 9571.28 -5.55556
286.073 40.7207 9829.17 -5.55556
286.073 40.7234 9196.53 -5.55556
286.073 40.7261 11132.1 -5.55556
286.073 40.7288 12370.7 -5.55556
286.073 40.7315 9319.1 -5.55556
286.073 40.7342 11302 -5.55556
286.073 40.7369 9123.83 -5.55556
286.073 40.7397 10237.8 -5.55556
286.073 40.7424 9052.61 -5.55556
286.073 40.7451 9169.54 -5.55556
286.073 40.7478 9984.68 -5.55556
286.073 40.7505 12735.3 -5.55556
286.073 40.7532 8273.36 -5.55556
286.073 40.7559 10107.6 -5.55556
286.073 40.7586 9769.12 -5.55556
286.073 40.7614 10759.9 -5.55556
286.073 40.7641 9660.51 -5.55556
286.073 40.7668 9776.85 -5.55556
286.073 40.7695 9046.1 -5.55556
286.073 40.7722 8421.17 -5.55556
286.073 40.7749 11253.2 -5.55556
286.073 40.7776 9929.47 -5.55556
286.073 40.7803 9253.06 -5.55556
286.073 40.7831 10387 -5.55556
286.073 40.7858 10931.7 -5.55556
286.073 40.7885 11237.1 -5.55556
286.073 40.7912 11825.1 -5.55556
286.073 40.7939 10120.1 -5.55556
286.073 40.7966 10214.3 -5.55556
286.073 40.7993 10496.3 -5.55556
286.073 40.802 9358.6 -5.55556
286.073 40.8047 10519.8 -5.55556
286.073 40.8075 9572.8 -5.55556
286.073 40.8102 10227.2 -5.55556
286.073 40.8129 8485.57 -5.55556
286.073 40.8156 9864.11 -5.55556
286.073 40.8183 9314.69 -5.55556
286.073 40.821 9461.45 -5.55556
286.073 40.8237 10501.5 -5.55556
286.073 40.8264 10243.1 -5.55556
286.073 40.8292 8535.08 -5.55556
286.073 40.8319 8740.24 -5.55556
286.073 40.8346 7588.15 -5.55556
286.073 40.8373 10823.4 -5.55556
286.073 40.84 9717.02 -5.55556
286.076 40.68 11265.6 -5.55556
286.076 40.6827 10929.2 -5.55556
286.076 40.6854 10731.8 -5.55556
286.076 40.6881 10174.5 -5.55556
286.076 40.6908 11093 -5.55556
286.076 40.6936 8932.5 -5.55556
286.076 40.6963 9340.82 -5.55556
286.076 40.699 10185 -5.55556
286.076 40.7017 10050.2 -5.55556
286.076 40.7044 9741.13 -5.55556
286.076 40.7071 8553.71 -5.55556
286.076 40.7098 8048.11 -5.55556
286.076 40.7125 10342.2 -5.55556
286.076 40.7153 9919.29 -5.55556
286.076 40.718 9546.88 -5.55556
286.076 40.7207 10184.9 -5.55556
286.076 40.7234 10081.7 -5.55556
286.076 40.7261 9018.44 -5.55556
286.076 40.7288 10207.1 -5.55556
286.076 40.7315 10044.2 -5.55556
286.076 40.7342 10999.3 -5.55556
286.076 40.7369 8903.64 -5.55556
286.076 40.7397 9863.13 -5.55556
286.076 40.7424 9529.88 -5.55556
286.076 40.7451 10396.7 -5.55556
286.076 40.7478 9392.37 -5.55556
286.076 40.7505 10681.3 -5.55556
286.076 40.7532 10410.9 -5.55556
286.076 40.7559 8702.58 -5.55556
286.076 40.7586 10042.3 -5.55556
286.076 40.7614 10024.2 -5.55556
286.076 40.7641 10633.8 -5.55556
286.076 40.7668 9693.01 -5.55556
286.076 40.7695 10126.1 -5.55556
286.076 40.7722 9305.54 -5.55556
286.076 40.7749 9509.33 -5.55556
286.076 40.7776 10234.9 -5.55556
286.076 40.7803 8551.78 -5.55556
286.076 40.7831 9709.32 -5.55556
286.076 40.7858 8984.72 -5.55556
286.076 40.7885 10823.8 -5.55556
286.076 40.7912 8784.49 -5.55556
286.076 40.7939 11360.9 -5.55556
286.076 40.7966 10442.1 -5.55556
286.076 40.7993 9732.64 -5.55556
286.076 40.802 11194.4 -5.55556
286.076 40.8047 10199.3 -5.55556
286.076 40.8075 8302.82 -5.55556
286.076 40.8102 9618.73 -5.55556
286.076 40.8129 10904.6 -5.55556
286.076 40.8156 8241.19 -5.55556
286.076 40.8183 9632.28 -5.55556
286.076 40.821 9580.57 -5.55556
286.076 40.8237 10956.1 -5.55556
286.076 40.8264 9712.92 -5.55556
286.076 40.8292 9650.43 -5.55556
286.076 40.8319 10190.9 -5.55556
286.076 40.8346 9206.89 -5.55556
286.076 40.8373 10528.8 -5.55556
286.076 40.84 10623.3 -5.55556
286.08 40.68 9600.07 -5.55556
286.08 40.6827 10206.3 -5.55556
286.08 40.6854 9886.24 -5.55556
286.08 40.6881 10900.6 -5.55556
286.08 40.6908 8566.47 -5.55556
286.08 40.6936 9900.2 -5.55556
286.08 40.6963 10810.6 -5.55556
286.08 40.699 11099.7 -5.55556
286.08 40.7017 11364.5 -5.55556
286.08 40.7044 9344.67 -5.55556
286.08 40.7071 10577.3 -5.55556
286.08 40.7098 9898.09 -5.55556
286.08 40.7125 11196.8 -5.55556
286.08 40.7153 11165.8 -5.55556
286.08 40.718 9374.96 -5.55556
286.08 40.7207 8328.38 -5.55556
286.08 40.7234 9438.81 -5.55556
286.08 40.7261 8787.17 -5.55556
286.08 40.7288 11549 -5.55556
286.08 40.7315 8990.84 -5.55556
286.08 40.7342 8055.74 -5.55556
286.08 40.7369 10206.2 -5.55556
286.08 40.7397 10310.9 -5.55556
286.08 40.7424 10569.4 -5.55556
286.08 40.7451 9568.44 -5.55556
286.08 40.7478 9820.8 -5.55556
286.08 40.7505 9420.59 -5.55556
286.08 40.7532 10530.6 -5.55556
286.08 40.7559 12214.5 -5.55556
286.08 40.7586 10179.1 -5.55556
286.08 40.7614 9602.89 -5.55556
286.08 40.7641 10983.6 -5.55556
286.08 40.7668 10705.8 -5.55556
286.08 40.7695 11595.7 -5.55556
286.08 40.7722 10848 -5.55556
286.08 40.7749 9760.71 -5.55556
286.08 40.7776 9202.09 -5.55556
286.08 40.7803 9819.14 -5.55556
286.08 40.7831 9329.92 -5.55556
286.08 40.7858 11400.7 -5.55556
286.08 40.7885 10679 -5.55556
286.08 40.7912 11113.1 -5.55556
286.08 40.7939 9106.83 -5.55556
286.08 40.7966 9569.56 -5.55556
286.08 40.7993 10867.8 -5.55556
286.08 40.802 10569.9 -5.55556
286.08 40.8047 8762.41 -5.55556
286.08 40.8075 11064.5 -5.55556
286.08 40.8102 10404.1 -5.55556
286.08 40.8129 9143.68 -5.55556
286.08 40.8156 8555.9 -5.55556
286.08 40.8183 11039.6 -5.55556
286.08 40.821 9795.18 -5.55556
286.08 40.8237 8806.38 -5.55556
286.08 40.8264 9596.4 -5.55556
286.08 40.8292 10045.2 -5.55556
286.08 40.8319 9469.51 -5.55556
286.08 40.8346 9939.52 -5.55556
286.08 40.8373 10699.2 -5.55556
286.08 40.84 9893.01 -5.55556
