285.96 40.68 10516.8 -5.55556
285.96 40.6827 10144.2 -5.55556
285.96 40.6854 10668.6 -5.55556
285.96 40.6881 10639.9 -5.55556
285.96 40.6908 8417.21 -5.55556
285.96 40.6936 11129.7 -5.55556
285.96 40.6963 10263.3 -5.55556
285.96 40.699 11216.1 -5.55556
285.96 40.7017 10177.5 -5.55556
285.96 40.7044 10271.6 -5.55556
285.96 40.7071 9671.47 -5.55556
285.96 40.7098 9660.34 -5.55556
285.96 40.7125 9317.11 -5.55556
285.96 40.7153 8298.67 -5.55556
285.96 40.718 11675.2 -5.55556
285.96 40.7207 9152.3 -5.55556
285.96 40.7234 9132.94 -5.55556
285.96 40.7261 10724.9 -5.55556
285.96 40.7288 9652.39 -5.55556
285.96 40.7315 10406.7 -5.55556
285.96 40.7342 10324.7 -5.55556
285.96 40.7369 8528.63 -5.55556
285.96 40.7397 13130.7 -5.55556
285.96 40.7424 10503.5 -5.55556
285.96 40.7451 10549.2 -5.55556
285.96 40.7478 9731.21 -5.55556
285.96 40.7505 10050.6 -5.55556
285.96 40.7532 10142 -5.55556
285.96 40.7559 10091 -5.55556
285.96 40.7586 9289.92 -5.55556
285.96 40.7614 9260.24 -5.55556
285.96 40.7641 9651.45 -5.55556
285.96 40.7668 9870.52 -5.55556
285.96 40.7695 10717 -5.55556
285.96 40.7722 9300.01 -5.55556
285.96 40.7749 10331.7 -5.55556
285.96 40.7776 8794.13 -5.55556
285.96 40.7803 6469.32 -5.55556
285.96 40.7831 10519.3 -5.55556
285.96 40.7858 11020.7 -5.55556
285.96 40.7885 9875.17 -5.55556
285.96 40.7912 10343.6 -5.55556
285.96 40.7939 9397.75 -5.55556
285.96 40.7966 10149.5 -5.55556
285.96 40.7993 9995.45 -5.55556
285.96 40.802 10459.5 -5.55556
285.96 40.8047 10919.4 -5.55556
285.96 40.8075 10020.2 -5.55556
285.96 40.8102 10238.5 -5.55556
285.96 40.8129 10576 -5.55556
285.96 40.8156 9459.24 -5.55556
285.96 40.8183 9735.82 -5.55556
285.96 40.821 10368.6 -5.55556
285.96 40.8237 10059.4 -5.55556
285.96 40.8264 10104.4 -5.55556
285.96 40.8292 10085.9 -5.55556
285.96 40.8319 10263.3 -5.55556
285.96 40.8346 10934.2 -5.55556
285.96 40.8373 10374.9 -5.55556
285.96 40.84 9659.3 -5.55556
285.964 40.68 10784.9 -5.55556
285.964 40.6827 11389.9 -5.55556
285.964 40.6854 10154.2 -5.55556
285.964 40.6881 10679.7 -5.55556
285.964 40.6908 12366.3 -5.55556
285.964 40.6936 10931.5 -5.55556
285.964 40.6963 11545.1 -5.55556
285.964 40.699 10497.2 -5.55556
285.964 40.7017 9965.61 -5.55556
285.964 40.7044 11042.7 -5.55556
285.964 40.7071 11441.4 -5.55556
285.964 40.7098 10005.3 -5.55556
285.964 40.7125 11603.2 -5.55556
285.964 40.7153 8991.89 -5.55556
285.964 40.718 7867.14 -5.55556
285.964 40.7207 11809.6 -5.55556
285.964 40.7234 10269.9 -5.55556
285.964 40.7261 8775.69 -5.55556
285.964 40.7288 9947.89 -5.55556
285.964 40.7315 11720.4 -5.55556
285.964 40.7342 9531.6 -5.55556
285.964 40.7369 8867.32 -5.55556
285.964 40.7397 10553.1 -5.55556
285.964 40.7424 10244.2 -5.55556
285.964 40.7451 10179.4 -5.55556
285.964 40.7478 11181.4 -5.55556
285.964 40.7505 7921.7 -5.55556
285.964 40.7532 8724.87 -5.55556
285.964 40.7559 9185.95 -5.55556
285.964 40.7586 8918 -5.55556
285.964 40.7614 10067.3 -5.55556
285.964 40.7641 11250.4 -5.55556
285.964 40.7668 9239.31 -5.55556
285.964 40.7695 10005.4 -5.55556
285.964 40.7722 7773.7 -5.55556
285.964 40.7749 11392.3 -5.55556
285.964 40.7776 8725.39 -5.55556
285.964 40.7803 9360.65 -5.55556
285.964 40.7831 8525.22 -5.55556
285.964 40.7858 9567.49 -5.55556
285.964 40.7885 10876 -5.55556
285.964 40.7912 9260 -5.55556
285.964 40.7939 9267.65 -5.55556
285.964 40.7966 9926.54 -5.55556
285.964 40.7993 11102.1 -5.55556
285.964 40.802 9206.88 -5.55556
285.964 40.8047 8548.6 -5.55556
285.964 40.8075 9647.22 -5.55556
285.964 40.8102 8844.4 -5.55556
285.964 40.8129 11362.2 -5.55556
285.964 40.8156 11485.2 -5.55556
285.964 40.8183 9246.36 -5.55556
285.964 40.821 10295.2 -5.55556
285.964 40.8237 9895.75 -5.55556
285.964 40.8264 10457.2 -5.55556
285.964 40.8292 10096 -5.55556
285.964 40.8319 9308.72 -5.55556
285.964 40.8346 9870 -5.55556
285.964 40.8373 8682.37 -5.55556
285.964 40.84 11121.4 -5.55556
285.967 40.68 9118.17 -5.55556
285.967 40.6827 10640.5 -5.55556
285.967 40.6854 9720.8 -5.55556
285.967 40.6881 8144.48 -5.55556
285.967 40.6908 9928.99 -5.55556
285.967 40.6936 10284.3 -5.55556
285.967 40.6963 11079.7 -5.55556
285.967 40.699 9036.78 -5.55556
285.967 40.7017 11224.4 -5.55556
285.967 40.7044 9680.03 -5.55556
285.967 40.7071 8539.13 -5.55556
285.967 40.7098 9044.83 -5.55556
285.967 40.7125 13234 -5.55556
285.967 40.7153 9915.89 -5.55556
285.967 40.718 10385.6 -5.55556
285.967 40.7207 9801.41 -5.55556
285.967 40.7234 9107.79 -5.55556
285.967 40.7261 9083.11 -5.55556
285.967 40.7288 11542.3 -5.55556
285.967 40.7315 11973.2 -5.55556
285.967 40.7342 8519.45 -5.55556
285.967 40.7369 10512.3 -5.55556
285.967 40.7397 10154.2 -5.55556
285.967 40.7424 9038.07 -5.55556
285.967 40.7451 9313.04 -5.55556
285.967 40.7478 10216.5 -5.55556
285.967 40.7505 7725.99 -5.55556
285.967 40.7532 9555.6 -5.55556
285.967 40.7559 9393.17 -5.55556
285.967 40.7586 12549.6 -5.55556
285.967 40.7614 9943.08 -5.55556
285.967 40.7641 9927.77 -5.55556
285.967 40.7668 8093.52 -5.55556
285.967 40.7695 10011.1 -5.55556
285.967 40.7722 8434.64 -5.55556
285.967 40.7749 10300.6 -5.55556
285.967 40.7776 9709.14 -5.55556
285.967 40.7803 8487.97 -5.55556
285.967 40.7831 9935.1 -5.55556
285.967 40.7858 10838 -5.55556
285.967 40.7885 11134.6 -5.55556
285.967 40.7912 10732.7 -5.55556
285.967 40.7939 9282.22 -5.55556
285.967 40.7966 10221.3 -5.55556
285.967 40.7993 8756.84 -5.55556
285.967 40.802 10263.7 -5.55556
285.967 40.8047 10660.4 -5.55556
285.967 40.8075 10522 -5.55556
285.967 40.8102 9307.1 -5.55556
285.967 40.8129 10400.8 -5.55556
285.967 40.8156 10607.7 -5.55556
285.967 40.8183 10521.8 -5.55556
285.967 40.821 8571 -5.55556
285.967 40.8237 9354.31 -5.55556
285.967 40.8264 10543.2 -5.55556
285.967 40.8292 8901.94 -5.55556
285.967 40.8319 9769.88 -5.55556
285.967 40.8346 11031.4 -5.55556
285.967 40.8373 10733.7 -5.55556
285.967 40.84 8468.26 -5.55556
285.971 40.68 8069.31 -5.55556
285.971 40.6827 10138.6 -5.55556
285.971 40.6854 8886.05 -5.55556
285.971 40.6881 9790.14 -5.55556
285.971 40.6908 9224.11 -5.55556
285.971 40.6936 7782.58 -5.55556
285.971 40.6963 9915.59 -5.55556
285.971 40.699 9735.34 -5.55556
285.971 40.7017 9940.12 -5.55556
285.971 40.7044 8669.49 -5.55556
285.971 40.7071 10005.6 -5.55556
285.971 40.7098 9485.57 -5.55556
285.971 40.7125 9859.12 -5.55556
285.971 40.7153 10445.4 -5.55556
285.971 40.718 9721.8 -5.55556
285.971 40.7207 11569.6 -5.55556
285.971 40.7234 7420.33 -5.55556
285.971 40.7261 8968.14 -5.55556
285.971 40.7288 10424.1 -5.55556
285.971 40.7315 10414.5 -5.55556
285.971 40.7342 9456.2 -5.55556
285.971 40.7369 10231.2 -5.55556
285.971 40.7397 10302.6 -5.55556
285.971 40.7424 10434 -5.55556
285.971 40.7451 9231.45 -5.55556
285.971 40.7478 8694.52 -5.55556
285.971 40.7505 8960.27 -5.55556
285.971 40.7532 9952.69 -5.55556
285.971 40.7559 10067.2 -5.55556
285.971 40.7586 9973.99 -5.55556
285.971 40.7614 7910.88 -5.55556
285.971 40.7641 9476.94 -5.55556
285.971 40.7668 9266.52 -5.55556
285.971 40.7695 10508.1 -5.55556
285.971 40.7722 9140.14 -5.55556
285.971 40.7749 9619.65 -5.55556
285.971 40.7776 9581.19 -5.55556
285.971 40.7803 9592.4 -5.55556
285.971 40.7831 8558.49 -5.55556
285.971 40.7858 10635.5 -5.55556
285.971 40.7885 8421.7 -5.55556
285.971 40.7912 11040.1 -5.55556
285.971 40.7939 10535.3 -5.55556
285.971 40.7966 8495.76 -5.55556
285.971 40.7993 9977.89 -5.55556
285.971 40.802 9689.83 -5.55556
285.971 40.8047 10685.8 -5.55556
285.971 40.8075 9579.79 -5.55556
285.971 40.8102 10166.2 -5.55556
285.971 40.8129 10703.4 -5.55556
285.971 40.8156 10564.9 -5.55556
285.971 40.8183 10900 -5.55556
285.971 40.821 10420 -5.55556
285.971 40.8237 9546.24 -5.55556
285.971 40.8264 9465.79 -5.55556
285.971 40.8292 10440.7 -5.55556
285.971 40.8319 10360.8 -5.55556
285.971 40.8346 10422.1 -5.55556
285.971 40.8373 9646.75 -5.55556
285.971 40.84 9670.73 -5.55556
285.974 40.68 10919.3 -5.55556
285.974 40.6827 9917.7 -5.55556
285.974 40.6854 10020.9 -5.55556
285.974 40.6881 9275.44 -5.55556
285.974 40.6908 9343.18 -5.55556
285.974 40.6936 7699.07 -5.55556
285.974 40.6963 9081.72 -5.55556
285.974 40.699 8927.81 -5.55556
285.974 40.7017 9462.02 -5.55556
285.974 40.7044 10606.3 -5.55556
285.974 40.7071 10503.5 -5.55556
285.974 40.7098 11602.8 -5.55556
285.974 40.7125 10910.7 -5.55556
285.974 40.7153 10466.4 -5.55556
285.974 40.718 9030.33 -5.55556
285.974 40.7207 9650.2 -5.55556
285.974 40.7234 10557.8 -5.55556
285.974 40.7261 10622.9 -5.55556
285.974 40.7288 11059.3 -5.55556
285.974 40.7315 7819.83 -5.55556
285.974 40.7342 10247.2 -5.55556
285.974 40.7369 10739.6 -5.55556
285.974 40.7397 8048.42 -5.55556
285.974 40.7424 10066.8 -5.55556
285.974 40.7451 9010.57 -5.55556
285.974 40.7478 10453.7 -5.55556
285.974 40.7505 10034.7 -5.55556
285.974 40.7532 9496.26 -5.55556
285.974 40.7559 9658.13 -5.55556
285.974 40.7586 10755.5 -5.55556
285.974 40.7614 11198.4 -5.55556
285.974 40.7641 9248.1 -5.55556
285.974 40.7668 9564.51 -5.55556
285.974 40.7695 8088.68 -5.55556
285.974 40.7722 10123.7 -5.55556
285.974 40.7749 8658.55 -5.55556
285.974 40.7776 8345.75 -5.55556
285.974 40.7803 8533.96 -5.55556
285.974 40.7831 8623.88 -5.55556
285.974 40.7858 9726.83 -5.55556
285.974 40.7885 9306.09 -5.55556
285.974 40.7912 9679.42 -5.55556
285.974 40.7939 11942.6 -5.55556
285.974 40.7966 10252 -5.55556
285.974 40.7993 9646.54 -5.55556
285.974 40.802 10127.9 -5.55556
285.974 40.8047 10112.9 -5.55556
285.974 40.8075 11251.4 -5.55556
285.974 40.8102 7568.33 -5.55556
285.974 40.8129 12015.4 -5.55556
285.974 40.8156 10031.6 -5.55556
285.974 40.8183 9522.14 -5.55556
285.974 40.821 11000.3 -5.55556
285.974 40.8237 9839.24 -5.55556
285.974 40.8264 8902.99 -5.55556
285.974 40.8292 11917.7 -5.55556
285.974 40.8319 10442.1 -5.55556
285.974 40.8346 10372.9 -5.55556
285.974 40.8373 12007.5 -5.55556
285.974 40.84 9498.94 -5.55556
285.978 40.68 11050.6 -5.55556
285.978 40.6827 9608.57 -5.55556
285.978 40.6854 8954.64 -5.55556
285.978 40.6881 10322.9 -5.55556
285.978 40.6908 9821.06 -5.55556
285.978 40.6936 10291.2 -5.55556
285.978 40.6963 11019.3 -5.55556
285.978 40.699 10410.1 -5.55556
285.978 40.7017 10741.3 -5.55556
285.978 40.7044 10693.6 -5.55556
285.978 40.7071 9506.05 -5.55556
285.978 40.7098 10782.1 -5.55556
285.978 40.7125 9318.55 -5.55556
285.978 40.7153 9305.99 -5.55556
285.978 40.718 11054.2 -5.55556
285.978 40.7207 9431.88 -5.55556
285.978 40.7234 10486.3 -5.55556
285.978 40.7261 9844.45 -5.55556
285.978 40.7288 12033.1 -5.55556
285.978 40.7315 10108.7 -5.55556
285.978 40.7342 9545.06 -5.55556
285.978 40.7369 9769.63 -5.55556
285.978 40.7397 10863.7 -5.55556
285.978 40.7424 9438.82 -5.55556
285.978 40.7451 10556.9 -5.55556
285.978 40.7478 10041 -5.55556
285.978 40.7505 9470.81 -5.55556
285.978 40.7532 10744.1 -5.55556
285.978 40.7559 10846.5 -5.55556
285.978 40.7586 9120.57 -5.55556
285.978 40.7614 9655.55 -5.55556
285.978 40.7641 10630.1 -5.55556
285.978 40.7668 9809.42 -5.55556
285.978 40.7695 9127.22 -5.55556
285.978 40.7722 10051.1 -5.55556
285.978 40.7749 9378.77 -5.55556
285.978 40.7776 10665.3 -5.55556
285.978 40.7803 10085.2 -5.55556
285.978 40.7831 10613.2 -5.55556
285.978 40.7858 10149.5 -5.55556
285.978 40.7885 8068.83 -5.55556
285.978 40.7912 9015.3 -5.55556
285.978 40.7939 8935.8 -5.55556
285.978 40.7966 11912.6 -5.55556
285.978 40.7993 10959.9 -5.55556
285.978 40.802 10182.4 -5.55556
285.978 40.8047 11338.7 -5.55556
285.978 40.8075 9912.71 -5.55556
285.978 40.8102 11199.2 -5.55556
285.978 40.8129 10461.7 -5.55556
285.978 40.8156 11467.5 -5.55556
285.978 40.8183 8901.36 -5.55556
285.978 40.821 9965.61 -5.55556
285.978 40.8237 9635.82 -5.55556
285.978 40.8264 8340.61 -5.55556
285.978 40.8292 9987.72 -5.55556
285.978 40.8319 10522.5 -5.55556
285.978 40.8346 11060.5 -5.55556
285.978 40.8373 10619.7 -5.55556
285.978 40.84 10004.1 -5.55556
285.981 40.68 8742.88 -5.55556
285.981 40.6827 9750.17 -5.55556
285.981 40.6854 10806.8 -5.55556
285.981 40.6881 8530.64 -5.55556
285.981 40.6908 10889 -5.55556
285.981 40.6936 9860 -5.55556
285.981 40.6963 10530.4 -5.55556
285.981 40.699 9224.87 -5.55556
285.981 40.7017 9513.68 -5.55556
285.981 40.7044 10949.9 -5.55556
285.981 40.7071 10172.7 -5.55556
285.981 40.7098 11297.1 -5.55556
285.981 40.7125 10893.4 -5.55556
285.981 40.7153 8060.83 -5.55556
285.981 40.718 9460.53 -5.55556
285.981 40.7207 9982.56 -5.55556
285.981 40.7234 9302.53 -5.55556
285.981 40.7261 8088.49 -5.55556
285.981 40.7288 9515.31 -5.55556
285.981 40.7315 9839.03 -5.55556
285.981 40.7342 10709.1 -5.55556
285.981 40.7369 10740.8 -5.55556
285.981 40.7397 9757.54 -5.55556
285.981 40.7424 10434 -5.55556
285.981 40.7451 9618.62 -5.55556
285.981 40.7478 9802.35 -5.55556
285.981 40.7505 10553.1 -5.55556
285.981 40.7532 10673 -5.55556
285.981 40.7559 11061 -5.55556
285.981 40.7586 9053.5 -5.55556
285.981 40.7614 7952.41 -5.55556
285.981 40.7641 10316.4 -5.55556
285.981 40.7668 10229.9 -5.55556
285.981 40.7695 10452.1 -5.55556
285.981 40.7722 8717.32 -5.55556
285.981 40.7749 10033.1 -5.55556
285.981 40.7776 9458.08 -5.55556
285.981 40.7803 9618.06 -5.55556
285.981 40.7831 11527.7 -5.55556
285.981 40.7858 8045.78 -5.55556
285.981 40.7885 9656.62 -5.55556
285.981 40.7912 9748.01 -5.55556
285.981 40.7939 10139.1 -5.55556
285.981 40.7966 10204.4 -5.55556
285.981 40.7993 10791.9 -5.55556
285.981 40.802 9469.22 -5.55556
285.981 40.8047 10490.3 -5.55556
285.981 40.8075 8446.54 -5.55556
285.981 40.8102 10837.9 -5.55556
285.981 40.8129 8833.15 -5.55556
285.981 40.8156 8576.67 -5.55556
285.981 40.8183 10367.7 -5.55556
285.981 40.821 9147.5 -5.55556
285.981 40.8237 9732.1 -5.55556
285.981 40.8264 11134.5 -5.55556
285.981 40.8292 9400.74 -5.55556
285.981 40.8319 9566.97 -5.55556
285.981 40.8346 9202.89 -5.55556
285.981 40.8373 10209.6 -5.55556
285.981 40.84 10368.1 -5.55556
285.985 40.68 10961.8 -5.55556
285.985 40.6827 9037.74 -5.55556
285.985 40.6854 13672 -5.55556
285.985 40.6881 11517.1 -5.55556
285.985 40.6908 9615.92 -5.55556
285.985 40.6936 10072.8 -5.55556
285.985 40.6963 9011.76 -5.55556
285.985 40.699 10103.3 -5.55556
285.985 40.7017 8964.23 -5.55556
285.985 40.7044 10295.4 -5.55556
285.985 40.7071 10393.7 -5.55556
285.985 40.7098 11507 -5.55556
285.985 40.7125 10801.1 -5.55556
285.985 40.7153 11118.6 -5.55556
285.985 40.718 10944.6 -5.55556
285.985 40.7207 10478.3 -5.55556
285.985 40.7234 8676.17 -5.55556
285.985 40.7261 10045.4 -5.55556
285.985 40.7288 9272.01 -5.55556
285.985 40.7315 9264.82 -5.55556
285.985 40.7342 9945.9 -5.55556
285.985 40.7369 9426.85 -5.55556
285.985 40.7397 8978.5 -5.55556
285.985 40.7424 10336 -5.55556
285.985 40.7451 9734.71 -5.55556
285.985 40.7478 8947.98 -5.55556
285.985 40.7505 11339.9 -5.55556
285.985 40.7532 10086.8 -5.55556
285.985 40.7559 10542.8 -5.55556
285.985 40.7586 10285.3 -5.55556
285.985 40.7614 10283.8 -5.55556
285.985 40.7641 7467.56 -5.55556
285.985 40.7668 10283.5 -5.55556
285.985 40.7695 9522.07 -5.55556
285.985 40.7722 11224.1 -5.55556
285.985 40.7749 11263.7 -5.55556
285.985 40.7776 11153.2 -5.55556
285.985 40.7803 9585.24 -5.55556
285.985 40.7831 8845.95 -5.55556
285.985 40.7858 10559 -5.55556
285.985 40.7885 8948.97 -5.55556
285.985 40.7912 9095.96 -5.55556
285.985 40.7939 9352.56 -5.55556
285.985 40.7966 9143.14 -5.55556
285.985 40.7993 10752.7 -5.55556
285.985 40.802 9918.21 -5.55556
285.985 40.8047 8836.43 -5.55556
285.985 40.8075 9183.89 -5.55556
285.985 40.8102 10878.9 -5.55556
285.985 40.8129 8002.18 -5.55556
285.985 40.8156 9385.76 -5.55556
285.985 40.8183 11637.7 -5.55556
285.985 40.821 10573.5 -5.55556
285.985 40.8237 11420.1 -5.55556
285.985 40.8264 9179.97 -5.55556
285.985 40.8292 10019 -5.55556
285.985 40.8319 10645 -5.55556
285.985 40.8346 8490.16 -5.55556
285.985 40.8373 9772.02 -5.55556
285.985 40.84 10191.8 -5.55556
285.988 40.68 10775.1 -5.55556
285.988 40.6827 12494.8 -5.55556
285.988 40.6854 10568.6 -5.55556
285.988 40.6881 9468.81 -5.55556
285.988 40.6908 9490.03 -5.55556
285.988 40.6936 11276.1 -5.55556
285.988 40.6963 11738.9 -5.55556
285.988 40.699 9874.12 -5.55556
285.988 40.7017 9086.6 -5.55556
285.988 40.7044 10029.6 -5.55556
285.988 40.7071 10034.7 -5.55556
285.988 40.7098 9016.71 -5.55556
285.988 40.7125 11166.4 -5.55556
285.988 40.7153 9077.83 -5.55556
285.988 40.718 11028.1 -5.55556
285.988 40.7207 9903.81 -5.55556
285.988 40.7234 12368.6 -5.55556
285.988 40.7261 10265.4 -5.55556
285.988 40.7288 10290.7 -5.55556
285.988 40.7315 11710.3 -5.55556
285.988 40.7342 9808.49 -5.55556
285.988 40.7369 9329.92 -5.55556
285.988 40.7397 10659.7 -5.55556
285.988 40.7424 9363.73 -5.55556
285.988 40.7451 8630.46 -5.55556
285.988 40.7478 9250.67 -5.55556
285.988 40.7505 10014.6 -5.55556
285.988 40.7532 10594.1 -5.55556
285.988 40.7559 11083.3 -5.55556
285.988 40.7586 10365.9 -5.55556
285.988 40.7614 9493.03 -5.55556
285.988 40.7641 9108.81 -5.55556
285.988 40.7668 11041.1 -5.55556
285.988 40.7695 10279.6 -5.55556
285.988 40.7722 9908.5 -5.55556
285.988 40.7749 9026.55 -5.55556
285.988 40.7776 9780.29 -5.55556
285.988 40.7803 8407.83 -5.55556
285.988 40.7831 9892.29 -5.55556
285.988 40.7858 8069.42 -5.55556
285.988 40.7885 9491.08 -5.55556
285.988 40.7912 10208 -5.55556
285.988 40.7939 9029.71 -5.55556
285.988 40.7966 11982.5 -5.55556
285.988 40.7993 9848.81 -5.55556
285.988 40.802 12216.1 -5.55556
285.988 40.8047 9698.73 -5.55556
285.988 40.8075 10617 -5.55556
285.988 40.8102 11272.2 -5.55556
285.988 40.8129 9296.41 -5.55556
285.988 40.8156 9558.42 -5.55556
285.988 40.8183 10778.8 -5.55556
285.988 40.821 8704.77 -5.55556
285.988 40.8237 8043.38 -5.55556
285.988 40.8264 11846.8 -5.55556
285.988 40.8292 8777.88 -5.55556
285.988 40.8319 10262 -5.55556
285.988 40.8346 10100.9 -5.55556
285.988 40.8373 9956.59 -5.55556
285.988 40.84 11387.6 -5.55556
285.992 40.68 12603.7 -5.55556
285.992 40.6827 11187.1 -5.55556
285.992 40.6854 11037.8 -5.55556
285.992 40.6881 10408.5 -5.55556
285.992 40.6908 9064.45 -5.55556
285.992 40.6936 8714.07 -5.55556
285.992 40.6963 10451.6 -5.55556
285.992 40.699 9747.39 -5.55556
285.992 40.7017 10653.2 -5.55556
285.992 40.7044 10755.9 -5.55556
285.992 40.7071 10518 -5.55556
285.992 40.7098 10095.4 -5.55556
285.992 40.7125 10453.9 -5.55556
285.992 40.7153 9398.05 -5.55556
285.992 40.718 8885.21 -5.55556
285.992 40.7207 10516.3 -5.55556
285.992 40.7234 8845.82 -5.55556
285.992 40.7261 11128 -5.55556
285.992 40.7288 9246.38 -5.55556
285.992 40.7315 10407.4 -5.55556
285.992 40.7342 9072.52 -5.55556
285.992 40.7369 9857.59 -5.55556
285.992 40.7397 11662.7 -5.55556
285.992 40.7424 9974.03 -5.55556
285.992 40.7451 8376.24 -5.55556
285.992 40.7478 8543.83 -5.55556
285.992 40.7505 10597.9 -5.55556
285.992 40.7532 11125.3 -5.55556
285.992 40.7559 11557.5 -5.55556
285.992 40.7586 11434 -5.55556
285.992 40.7614 7599.77 -5.55556
285.992 40.7641 9799.4 -5.55556
285.992 40.7668 10841.4 -5.55556
285.992 40.7695 8850.3 -5.55556
285.992 40.7722 9093.21 -5.55556
285.992 40.7749 9477.29 -5.55556
285.992 40.7776 9368.21 -5.55556
285.992 40.7803 9055.99 -5.55556
285.992 40.7831 10336.5 -5.55556
285.992 40.7858 8440.98 -5.55556
285.992 40.7885 9367.69 -5.55556
285.992 40.7912 9053.45 -5.55556
285.992 40.7939 10159.4 -5.55556
285.992 40.7966 8451.76 -5.55556
285.992 40.7993 9396.11 -5.55556
285.992 40.802 9604.09 -5.55556
285.992 40.8047 10796.6 -5.55556
285.992 40.8075 10248.7 -5.55556
285.992 40.8102 10501.5 -5.55556
285.992 40.8129 9920.84 -5.55556
285.992 40.8156 9490.02 -5.55556
285.992 40.8183 9445.1 -5.55556
285.992 40.821 10279.7 -5.55556
285.992 40.8237 9458.96 -5.55556
285.992 40.8264 9843.55 -5.55556
285.992 40.8292 10901.6 -5.55556
285.992 40.8319 11747.4 -5.55556
285.992 40.8346 10263.6 -5.55556
285.992 40.8373 9982.04 -5.55556
285.992 40.84 10977.6 -5.55556
285.995 40.68 10068.9 -5.55556
285.995 40.6827 10355.5 -5.55556
285.995 40.6854 9458.28 -5.55556
285.995 40.6881 10397.8 -5.55556
285.995 40.6908 9557.49 -5.55556
285.995 40.6936 9736.34 -5.55556
285.995 40.6963 10785.1 -5.55556
285.995 40.699 10369.8 -5.55556
285.995 40.7017 9635.94 -5.55556
285.995 40.7044 8308.27 -5.55556
285.995 40.7071 9872.66 -5.55556
285.995 40.7098 10101.3 -5.55556
285.995 40.7125 10273.4 -5.55556
285.995 40.7153 9385.47 -5.55556
285.995 40.718 10335.8 -5.55556
285.995 40.7207 8581.36 -5.55556
285.995 40.7234 10458.6 -5.55556
285.995 40.7261 9884.64 -5.55556
285.995 40.7288 9766.27 -5.55556
285.995 40.7315 10288.2 -5.55556
285.995 40.7342 9505.84 -5.55556
285.995 40.7369 10781.9 -5.55556
285.995 40.7397 7478.13 -5.55556
285.995 40.7424 11324.3 -5.55556
285.995 40.7451 8824 -5.55556
285.995 40.7478 9704.66 -5.55556
285.995 40.7505 9861.9 -5.55556
285.995 40.7532 10500.5 -5.55556
285.995 40.7559 9930.99 -5.55556
285.995 40.7586 11222.9 -5.55556
285.995 40.7614 9586.69 -5.55556
285.995 40.7641 9065.18 -5.55556
285.995 40.7668 8717.94 -5.55556
285.995 40.7695 9840.55 -5.55556
285.995 40.7722 9753.14 -5.55556
285.995 40.7749 8291.35 -5.55556
285.995 40.7776 10532.5 -5.55556
285.995 40.7803 10353.4 -5.55556
285.995 40.7831 9859.96 -5.55556
285.995 40.7858 10348.2 -5.55556
285.995 40.7885 9141.15 -5.55556
285.995 40.7912 9632.77 -5.55556
285.995 40.7939 10194.4 -5.55556
285.995 40.7966 10392.2 -5.55556
285.995 40.7993 10527.4 -5.55556
285.995 40.802 11036.4 -5.55556
285.995 40.8047 9111.12 -5.55556
285.995 40.8075 9691.15 -5.55556
285.995 40.8102 9684.19 -5.55556
285.995 40.8129 9875.75 -5.55556
285.995 40.8156 8056.54 -5.55556
285.995 40.8183 9626.2 -5.55556
285.995 40.821 9437.87 -5.55556
285.995 40.8237 10745.4 -5.55556
285.995 40.8264 10799.9 -5.55556
285.995 40.8292 9151.29 -5.55556
285.995 40.8319 10725 -5.55556
285.995 40.8346 10725.2 -5.55556
285.995 40.8373 10104.8 -5.55556
285.995 40.84 7802.84 -5.55556
285.999 40.68 9891.1 -5.55556
285.999 40.6827 10673.7 -5.55556
285.999 40.6854 9137.72 -5.55556
285.999 40.6881 11270.4 -5.55556
285.999 40.6908 8764.65 -5.55556
285.999 40.6936 10357.4 -5.55556
285.999 40.6963 10413.3 -5.55556
285.999 40.699 10539.3 -5.55556
285.999 40.7017 10883.4 -5.55556
285.999 40.7044 10129.9 -5.55556
285.999 40.7071 10333 -5.55556
285.999 40.7098 9073.72 -5.55556
285.999 40.7125 10261.8 -5.55556
285.999 40.7153 10872.5 -5.55556
285.999 40.718 11697.8 -5.55556
285.999 40.7207 9613.19 -5.55556
285.999 40.7234 9944.53 -5.55556
285.999 40.7261 10395.3 -5.55556
285.999 40.7288 12121.1 -5.55556
285.999 40.7315 9932.39 -5.55556
285.999 40.7342 9847.93 -5.55556
285.999 40.7369 11399.6 -5.55556
285.999 40.7397 9167.81 -5.55556
285.999 40.7424 9930.03 -5.55556
285.999 40.7451 10892.9 -5.55556
285.999 40.7478 9808.35 -5.55556
285.999 40.7505 8557.11 -5.55556
285.999 40.7532 10176.8 -5.55556
285.999 40.7559 11420.7 -5.55556
285.999 40.7586 10153.9 -5.55556
285.999 40.7614 10513.9 -5.55556
285.999 40.7641 10803.5 -5.55556
285.999 40.7668 10430.5 -5.55556
285.999 40.7695 10609.7 -5.55556
285.999 40.7722 9287.05 -5.55556
285.999 40.7749 9647.26 -5.55556
285.999 40.7776 9316.82 -5.55556
285.999 40.7803 9908.23 -5.55556
285.999 40.7831 9080.01 -5.55556
285.999 40.7858 10431.3 -5.55556
285.999 40.7885 9412.7 -5.55556
285.999 40.7912 10039.4 -5.55556
285.999 40.7939 7059.23 -5.55556
285.999 40.7966 11247.4 -5.55556
285.999 40.7993 10013.2 -5.55556
285.999 40.802 8998.84 -5.55556
285.999 40.8047 8324.2 -5.55556
285.999 40.8075 9009.27 -5.55556
285.999 40.8102 10760.5 -5.55556
285.999 40.8129 10666.5 -5.55556
285.999 40.8156 9210.27 -5.55556
285.999 40.8183 10559.8 -5.55556
285.999 40.821 9312.6 -5.55556
285.999 40.8237 9783.35 -5.55556
285.999 40.8264 10722.6 -5.55556
285.999 40.8292 11308.9 -5.55556
285.999 40.8319 10859.5 -5.55556
285.999 40.8346 8676.18 -5.55556
285.999 40.8373 10654.6 -5.55556
285.999 40.84 8121.96 -5.55556
286.002 40.68 11267.9 -5.55556
286.002 40.6827 8980.68 -5.55556
286.002 40.6854 11042.1 -5.55556
286.002 40.6881 10550.4 -5.55556
286.002 40.6908 10328.6 -5.55556
286.002 40.6936 9684.02 -5.55556
286.002 40.6963 10708.2 -5.55556
286.002 40.699 9575.29 -5.55556
286.002 40.7017 8953.04 -5.55556
286.002 40.7044 11120.6 -5.55556
286.002 40.7071 10609.1 -5.55556
286.002 40.7098 10360.9 -5.55556
286.002 40.7125 8851.27 -5.55556
286.002 40.7153 10402 -5.55556
286.002 40.718 10730.5 -5.55556
286.002 40.7207 8542.21 -5.55556
286.002 40.7234 9663.94 -5.55556
286.002 40.7261 9757.77 -5.55556
286.002 40.7288 8990.63 -5.55556
286.002 40.7315 10328.2 -5.55556
286.002 40.7342 8628.08 -5.55556
286.002 40.7369 9116.6 -5.55556
286.002 40.7397 9456.36 -5.55556
286.002 40.7424 8392.45 -5.55556
286.002 40.7451 10055.1 -5.55556
286.002 40.7478 7205.07 -5.55556
286.002 40.7505 10026.9 -5.55556
286.002 40.7532 10440.6 -5.55556
286.002 40.7559 10791.9 -5.55556
286.002 40.7586 12026.4 -5.55556
286.002 40.7614 9742.96 -5.55556
286.002 40.7641 9780.96 -5.55556
286.002 40.7668 9369.02 -5.55556
286.002 40.7695 9140.77 -5.55556
286.002 40.7722 9071.82 -5.55556
286.002 40.7749 10344.9 -5.55556
286.002 40.7776 10600.5 -5.55556
286.002 40.7803 12657.8 -5.55556
286.002 40.7831 10207.9 -5.55556
286.002 40.7858 10481.3 -5.55556
286.002 40.7885 9885.96 -5.55556
286.002 40.7912 10039.6 -5.55556
286.002 40.7939 7796.27 -5.55556
286.002 40.7966 9907.76 -5.55556
286.002 40.7993 10358.3 -5.55556
286.002 40.802 7923.51 -5.55556
286.002 40.8047 10519 -5.55556
286.002 40.8075 9890.6 -5.55556
286.002 40.8102 9533.84 -5.55556
286.002 40.8129 9686.55 -5.55556
286.002 40.8156 10708.4 -5.55556
286.002 40.8183 11181.1 -5.55556
286.002 40.821 9221.24 -5.55556
286.002 40.8237 10353.1 -5.55556
286.002 40.8264 8791.37 -5.55556
286.002 40.8292 10424.2 -5.55556
286.002 40.8319 9504.96 -5.55556
286.002 40.8346 9635.63 -5.55556
286.002 40.8373 11515.8 -5.55556
286.002 40.84 10543 -5.55556
286.006 40.68 12406.6 -5.55556
286.006 40.6827 9339.19 -5.55556
286.006 40.6854 10657.4 -5.55556
286.006 40.6881 9262.56 -5.55556
286.006 40.6908 10854.2 -5.55556
286.006 40.6936 10780.5 -5.55556
286.006 40.6963 8806.54 -5.55556
286.006 40.699 10061.7 -5.55556
286.006 40.7017 11615.8 -5.55556
286.006 40.7044 11722.1 -5.55556
286.006 40.7071 10751.6 -5.55556
286.006 40.7098 10749.4 -5.55556
286.006 40.7125 9611.12 -5.55556
286.006 40.7153 10350.7 -5.55556
286.006 40.718 9906.26 -5.55556
286.006 40.7207 10588.5 -5.55556
286.006 40.7234 10288.4 -5.55556
286.006 40.7261 10816 -5.55556
286.006 40.7288 7994.35 -5.55556
286.006 40.7315 10237.8 -5.55556
286.006 40.7342 11091.3 -5.55556
286.006 40.7369 10793.8 -5.55556
286.006 40.7397 9396.22 -5.55556
286.006 40.7424 10615.1 -5.55556
286.006 40.7451 10762.6 -5.55556
286.006 40.7478 10995.7 -5.55556
286.006 40.7505 8654.4 -5.55556
286.006 40.7532 9533.69 -5.55556
286.006 40.7559 11320.1 -5.55556
286.006 40.7586 9942.66 -5.55556
286.006 40.7614 11091 -5.55556
286.006 40.7641 10341.4 -5.55556
286.006 40.7668 10782.9 -5.55556
286.006 40.7695 9486.11 -5.55556
286.006 40.7722 8513.71 -5.55556
286.006 40.7749 10818.6 -5.55556
286.006 40.7776 10600.6 -5.55556
286.006 40.7803 10699.5 -5.55556
286.006 40.7831 10414.6 -5.55556
286.006 40.7858 11078.4 -5.55556
286.006 40.7885 11782.9 -5.55556
286.006 40.7912 10432.6 -5.55556
286.006 40.7939 10125 -5.55556
286.006 40.7966 10169.5 -5.55556
286.006 40.7993 9990 -5.55556
286.006 40.802 7793.52 -5.55556
286.006 40.8047 9641.81 -5.55556
286.006 40.8075 9162.53 -5.55556
286.006 40.8102 9759.47 -5.55556
286.006 40.8129 10353 -5.55556
286.006 40.8156 10184.7 -5.55556
286.006 40.8183 9801.28 -5.55556
286.006 40.821 9007.25 -5.55556
286.006 40.8237 11084.2 -5.55556
286.006 40.8264 8867.72 -5.55556
286.006 40.8292 9202.13 -5.55556
286.006 40.8319 8755.85 -5.55556
286.006 40.8346 9669.08 -5.55556
286.006 40.8373 10886.4 -5.55556
286.006 40.84 9547.94 -5.55556
286.009 40.68 9461.76 -5.55556
286.009 40.6827 8950.03 -5.55556
286.009 40.6854 9459.14 -5.55556
286.009 40.6881 10422.7 -5.55556
286.009 40.6908 7510.33 -5.55556
286.009 40.6936 10216.7 -5.55556
286.009 40.6963 11231.1 -5.55556
286.009 40.699 11641.8 -5.55556
286.009 40.7017 10636.5 -5.55556
286.009 40.7044 9161.37 -5.55556
286.009 40.7071 8614.68 -5.55556
286.009 40.7098 8981.09 -5.55556
286.009 40.7125 10095.8 -5.55556
286.009 40.7153 10072.5 -5.55556
286.009 40.718 11445.8 -5.55556
286.009 40.7207 10843.7 -5.55556
286.009 40.7234 10197.8 -5.55556
286.009 40.7261 10864.3 -5.55556
286.009 40.7288 10345.1 -5.55556
286.009 40.7315 11380.5 -5.55556
286.009 40.7342 10346.9 -5.55556
286.009 40.7369 10368.2 -5.55556
286.009 40.7397 8598.05 -5.55556
286.009 40.7424 11173.2 -5.55556
286.009 40.7451 10267 -5.55556
286.009 40.7478 10114.4 -5.55556
286.009 40.7505 11003.5 -5.55556
286.009 40.7532 10375.3 -5.55556
286.009 40.7559 9469.26 -5.55556
286.009 40.7586 10728.6 -5.55556
286.009 40.7614 10042.4 -5.55556
286.009 40.7641 9538.61 -5.55556
286.009 40.7668 9274.93 -5.55556
286.009 40.7695 8189.01 -5.55556
286.009 40.7722 10433.8 -5.55556
286.009 40.7749 9035.08 -5.55556
286.009 40.7776 10203.4 -5.55556
286.009 40.7803 9869.79 -5.55556
286.009 40.7831 10097.2 -5.55556
286.009 40.7858 10309.5 -5.55556
286.009 40.7885 9124.57 -5.55556
286.009 40.7912 8909.68 -5.55556
286.009 40.7939 9832.62 -5.55556
286.009 40.7966 9979.31 -5.55556
286.009 40.7993 8890.67 -5.55556
286.009 40.802 10167.1 -5.55556
286.009 40.8047 9664.41 -5.55556
286.009 40.8075 10806 -5.55556
286.009 40.8102 10360.9 -5.55556
286.009 40.8129 10644.2 -5.55556
286.009 40.8156 10115.5 -5.55556
286.009 40.8183 8942.7 -5.55556
286.009 40.821 11822.2 -5.55556
286.009 40.8237 9235.54 -5.55556
286.009 40.8264 10023 -5.55556
286.009 40.8292 9802.79 -5.55556
286.009 40.8319 8690.32 -5.55556
286.009 40.8346 9912.21 -5.55556
286.009 40.8373 10307 -5.55556
286.009 40.84 8418.01 -5.55556
286.013 40.68 8754.77 -5.55556
286.013 40.6827 10626.6 -5.55556
286.013 40.6854 9573.64 -5.55556
286.013 40.6881 9738.3 -5.55556
286.013 40.6908 10027.5 -5.55556
286.013 40.6936 11051.7 -5.55556
286.013 40.6963 8544.34 -5.55556
286.013 40.699 10883.3 -5.55556
286.013 40.7017 9597.31 -5.55556
286.013 40.7044 8963.91 -5.55556
286.013 40.7071 10190.8 -5.55556
286.013 40.7098 9898.39 -5.55556
286.013 40.7125 9588.88 -5.55556
286.013 40.7153 9626.64 -5.55556
286.013 40.718 10199.4 -5.55556
286.013 40.7207 9749.65 -5.55556
286.013 40.7234 12511.5 -5.55556
286.013 40.7261 9487.83 -5.55556
286.013 40.7288 10612.9 -5.55556
286.013 40.7315 11560.7 -5.55556
286.013 40.7342 11669.7 -5.55556
286.013 40.7369 10990.8 -5.55556
286.013 40.7397 10586.9 -5.55556
286.013 40.7424 10226.6 -5.55556
286.013 40.7451 11666.6 -5.55556
286.013 40.7478 9513.85 -5.55556
286.013 40.7505 10028.9 -5.55556
286.013 40.7532 9308.26 -5.55556
286.013 40.7559 9645.29 -5.55556
286.013 40.7586 8518.83 -5.55556
286.013 40.7614 8655.71 -5.55556
286.013 40.7641 10557 -5.55556
286.013 40.7668 10072.9 -5.55556
286.013 40.7695 10630.6 -5.55556
286.013 40.7722 9589.15 -5.55556
286.013 40.7749 11798.4 -5.55556
286.013 40.7776 10310.6 -5.55556
286.013 40.7803 9673.35 -5.55556
286.013 40.7831 9989.33 -5.55556
286.013 40.7858 9138.95 -5.55556
286.013 40.7885 10095.7 -5.55556
286.013 40.7912 10369.2 -5.55556
286.013 40.7939 9685.08 -5.55556
286.013 40.7966 10153.8 -5.55556
286.013 40.7993 9916.54 -5.55556
286.013 40.802 10863.5 -5.55556
286.013 40.8047 9141.94 -5.55556
286.013 40.8075 11298.8 -5.55556
286.013 40.8102 9943.38 -5.55556
286.013 40.8129 11005.2 -5.55556
286.013 40.8156 10784 -5.55556
286.013 40.8183 10554.5 -5.55556
286.013 40.821 10262.4 -5.55556
286.013 40.8237 11168.1 -5.55556
286.013 40.8264 8855.81 -5.55556
286.013 40.8292 10849.2 -5.55556
286.013 40.8319 10459.7 -5.55556
286.013 40.8346 12653.4 -5.55556
286.013 40.8373 11500 -5.55556
286.013 40.84 10436.4 -5.55556
286.016 40.68 10602.5 -5.55556
286.016 40.6827 9711.54 -5.55556
286.016 40.6854 9437.3 -5.55556
286.016 40.6881 7667.58 -5.55556
286.016 40.6908 10299.3 -5.55556
286.016 40.6936 9750.83 -5.55556
286.016 40.6963 11967.9 -5.55556
286.016 40.699 11620.8 -5.55556
286.016 40.7017 9931.7 -5.55556
286.016 40.7044 9454.23 -5.55556
286.016 40.7071 10108.9 -5.55556
286.016 40.7098 9497.66 -5.55556
286.016 40.7125 10942.6 -5.55556
286.016 40.7153 10429.5 -5.55556
286.016 40.718 8796.64 -5.55556
286.016 40.7207 9643.42 -5.55556
286.016 40.7234 9884.23 -5.55556
286.016 40.7261 8823.51 -5.55556
286.016 40.7288 9893.78 -5.55556
286.016 40.7315 9930.85 -5.55556
286.016 40.7342 9900.31 -5.55556
286.016 40.7369 10700.5 -5.55556
286.016 40.7397 10512.7 -5.55556
286.016 40.7424 11128.3 -5.55556
286.016 40.7451 11609.6 -5.55556
286.016 40.7478 10833 -5.55556
286.016 40.7505 10673.5 -5.55556
286.016 40.7532 10965.3 -5.55556
286.016 40.7559 10977.4 -5.55556
286.016 40.7586 9186.77 -5.55556
286.016 40.7614 11092.5 -5.55556
286.016 40.7641 11075.1 -5.55556
286.016 40.7668 11720.3 -5.55556
286.016 40.7695 10398.7 -5.55556
286.016 40.7722 10291.1 -5.55556
286.016 40.7749 10246.6 -5.55556
286.016 40.7776 10380.5 -5.55556
286.016 40.7803 10918.9 -5.55556
286.016 40.7831 8719.01 -5.55556
286.016 40.7858 9202 -5.55556
286.016 40.7885 9887.89 -5.55556
286.016 40.7912 9997.29 -5.55556
286.016 40.7939 10416.7 -5.55556
286.016 40.7966 11112 -5.55556
286.016 40.7993 11576.4 -5.55556
286.016 40.802 9556.65 -5.55556
286.016 40.8047 11391 -5.55556
286.016 40.8075 9514.44 -5.55556
286.016 40.8102 7762.96 -5.55556
286.016 40.8129 10001.7 -5.55556
286.016 40.8156 8054.33 -5.55556
286.016 40.8183 9842.71 -5.55556
286.016 40.821 11962.6 -5.55556
286.016 40.8237 9757.39 -5.55556
286.016 40.8264 10214.1 -5.55556
286.016 40.8292 9434.85 -5.55556
286.016 40.8319 10854.2 -5.55556
286.016 40.8346 10055.5 -5.55556
286.016 40.8373 10456.5 -5.55556
286.016 40.84 10171.1 -5.55556
286.02 40.68 9161.25 -5.55556
286.02 40.6827 9984.24 -5.55556
286.02 40.6854 9516.36 -5.55556
286.02 40.6881 9289.75 -5.55556
286.02 40.6908 10144.9 -5.55556
286.02 40.6936 10841.3 -5.55556
286.02 40.6963 10564.8 -5.55556
286.02 40.699 8977.43 -5.55556
286.02 40.7017 9826.68 -5.55556
286.02 40.7044 10422.5 -5.55556
286.02 40.7071 9394.1 -5.55556
286.02 40.7098 9930.11 -5.55556
286.02 40.7125 9970.42 -5.55556
286.02 40.7153 11745.2 -5.55556
286.02 40.718 10139.1 -5.55556
286.02 40.7207 9510.66 -5.55556
286.02 40.7234 10105.1 -5.55556
286.02 40.7261 7851.59 -5.55556
286.02 40.7288 10725.6 -5.55556
286.02 40.7315 11898 -5.55556
286.02 40.7342 11254.6 -5.55556
286.02 40.7369 9043.06 -5.55556
286.02 40.7397 9849.6 -5.55556
286.02 40.7424 9166.06 -5.55556
286.02 40.7451 9629.69 -5.55556
286.02 40.7478 9494.12 -5.55556
286.02 40.7505 10891.4 -5.55556
286.02 40.7532 9552.63 -5.55556
286.02 40.7559 10482.9 -5.55556
286.02 40.7586 10063.2 -5.55556
286.02 40.7614 10314.3 -5.55556
286.02 40.7641 9884.96 -5.55556
286.02 40.7668 9749.1 -5.55556
286.02 40.7695 10614.1 -5.55556
286.02 40.7722 9568.41 -5.55556
286.02 40.7749 9374.19 -5.55556
286.02 40.7776 8758.11 -5.55556
286.02 40.7803 9389.34 -5.55556
286.02 40.7831 11922.5 -5.55556
286.02 40.7858 10587.5 -5.55556
286.02 40.7885 11235 -5.55556
286.02 40.7912 11591.5 -5.55556
286.02 40.7939 10859.7 -5.55556
286.02 40.7966 10027.9 -5.55556
286.02 40.7993 9810.51 -5.55556
286.02 40.802 9956.82 -5.55556
286.02 40.8047 10074.5 -5.55556
286.02 40.8075 9707.35 -5.55556
286.02 40.8102 10332.8 -5.55556
286.02 40.8129 9321.8 -5.55556
286.02 40.8156 11512.8 -5.55556
286.02 40.8183 10457.7 -5.55556
286.02 40.821 10007.8 -5.55556
286.02 40.8237 8775.7 -5.55556
286.02 40.8264 8030.39 -5.55556
286.02 40.8292 10025.2 -5.55556
286.02 40.8319 10486.6 -5.55556
286.02 40.8346 10046.9 -5.55556
286.02 40.8373 9827.3 -5.55556
286.02 40.84 9397.94 -5.55556
286.024 40.68 9720.44 -5.55556
286.024 40.6827 11018.4 -5.55556
286.024 40.6854 9422.53 -5.55556
286.024 40.6881 9253.01 -5.55556
286.024 40.6908 9222.55 -5.55556
286.024 40.6936 10191.3 -5.55556
286.024 40.6963 8940.22 -5.55556
286.024 40.699 11137.9 -5.55556
286.024 40.7017 10935.7 -5.55556
286.024 40.7044 9803.13 -5.55556
286.024 40.7071 11971.1 -5.55556
286.024 40.7098 11515.6 -5.55556
286.024 40.7125 9172.54 -5.55556
286.024 40.7153 10736.9 -5.55556
286.024 40.718 8237.58 -5.55556
286.024 40.7207 7073.19 -5.55556
286.024 40.7234 9161.64 -5.55556
286.024 40.7261 9005.85 -5.55556
286.024 40.7288 11220.1 -5.55556
286.024 40.7315 10601.8 -5.55556
286.024 40.7342 9592.32 -5.55556
286.024 40.7369 8237.31 -5.55556
286.024 40.7397 11164.4 -5.55556
286.024 40.7424 9739.61 -5.55556
286.024 40.7451 11059.2 -5.55556
286.024 40.7478 9876.11 -5.55556
286.024 40.7505 12578.8 -5.55556
286.024 40.7532 9951.57 -5.55556
286.024 40.7559 9158.89 -5.55556
286.024 40.7586 9220.8 -5.55556
286.024 40.7614 8085.19 -5.55556
286.024 40.7641 10959.4 -5.55556
286.024 40.7668 10384.6 -5.55556
286.024 40.7695 10411.1 -5.55556
286.024 40.7722 10575.5 -5.55556
286.024 40.7749 8699.12 -5.55556
286.024 40.7776 11030.8 -5.55556
286.024 40.7803 10205 -5.55556
286.024 40.7831 9432.66 -5.55556
286.024 40.7858 9068.91 -5.55556
286.024 40.7885 10285.5 -5.55556
286.024 40.7912 10782.5 -5.55556
286.024 40.7939 10460.3 -5.55556
286.024 40.7966 8829.47 -5.55556
286.024 40.7993 9309.52 -5.55556
286.024 40.802 8236.9 -5.55556
286.024 40.8047 10006.7 -5.55556
286.024 40.8075 9754.87 -5.55556
286.024 40.8102 10640.9 -5.55556
286.024 40.8129 11237.3 -5.55556
286.024 40.8156 10307.3 -5.55556
286.024 40.8183 9930.57 -5.55556
286.024 40.821 12573.2 -5.55556
286.024 40.8237 8419.55 -5.55556
286.024 40.8264 8901.5 -5.55556
286.024 40.8292 9685.4 -5.55556
286.024 40.8319 8948.23 -5.55556
286.024 40.8346 11437.8 -5.55556
286.024 40.8373 10859.6 -5.55556
286.024 40.84 9519.44 -5.55556
286.027 40.68 9641.72 -5.55556
286.027 40.6827 9798.61 -5.55556
286.027 40.6854 10147.8 -5.55556
286.027 40.6881 9849.02 -5.55556
286.027 40.6908 11392.9 -5.55556
286.027 40.6936 10851.4 -5.55556
286.027 40.6963 9725.23 -5.55556
286.027 40.699 10875.5 -5.55556
286.027 40.7017 9902.88 -5.55556
286.027 40.7044 11211.5 -5.55556
286.027 40.7071 8759.18 -5.55556
286.027 40.7098 9429.08 -5.55556
286.027 40.7125 10301.3 -5.55556
286.027 40.7153 10695.6 -5.55556
286.027 40.718 10321.9 -5.55556
286.027 40.7207 10419 -5.55556
286.027 40.7234 10757.5 -5.55556
286.027 40.7261 10140.9 -5.55556
286.027 40.7288 10495.1 -5.55556
286.027 40.7315 10336.2 -5.55556
286.027 40.7342 8972.53 -5.55556
286.027 40.7369 8163.06 -5.55556
286.027 40.7397 10434.6 -5.55556
286.027 40.7424 9575.25 -5.55556
286.027 40.7451 11206.6 -5.55556
286.027 40.7478 9620.33 -5.55556
286.027 40.7505 9250.64 -5.55556
286.027 40.7532 10318.7 -5.55556
286.027 40.7559 9267.32 -5.55556
286.027 40.7586 11163.4 -5.55556
286.027 40.7614 10444 -5.55556
286.027 40.7641 11240.6 -5.55556
286.027 40.7668 9662.69 -5.55556
286.027 40.7695 10947 -5.55556
286.027 40.7722 9484.44 -5.55556
286.027 40.7749 7645.95 -5.55556
286.027 40.7776 9591.35 -5.55556
286.027 40.7803 12936.9 -5.55556
286.027 40.7831 10126.4 -5.55556
286.027 40.7858 10236.1 -5.55556
286.027 40.7885 9034.49 -5.55556
286.027 40.7912 10512.5 -5.55556
286.027 40.7939 10784.3 -5.55556
286.027 40.7966 11082.8 -5.55556
286.027 40.7993 10836 -5.55556
286.027 40.802 10183.9 -5.55556
286.027 40.8047 8904.78 -5.55556
286.027 40.8075 7693.81 -5.55556
286.027 40.8102 10395.9 -5.55556
286.027 40.8129 11164.7 -5.55556
286.027 40.8156 8769.86 -5.55556
286.027 40.8183 9485.73 -5.55556
286.027 40.821 10294.9 -5.55556
286.027 40.8237 9735.94 -5.55556
286.027 40.8264 9808.07 -5.55556
286.027 40.8292 7819.59 -5.55556
286.027 40.8319 10054.3 -5.55556
286.027 40.8346 9315.62 -5.55556
286.027 40.8373 9675.83 -5.55556
286.027 40.84 10520.2 -5.55556
286.031 40.68 10635 -5.55556
286.031 40.6827 10557.6 -5.55556
286.031 40.6854 10860 -5.55556
286.031 40.6881 10034.4 -5.55556
286.031 40.6908 11615.5 -5.55556
286.031 40.6936 10599.8 -5.55556
286.031 40.6963 8998.44 -5.55556
286.031 40.699 9461.48 -5.55556
286.031 40.7017 7927.17 -5.55556
286.031 40.7044 11655.3 -5.55556
286.031 40.7071 9542.61 -5.55556
286.031 40.7098 11141.1 -5.55556
286.031 40.7125 11081 -5.55556
286.031 40.7153 10650.4 -5.55556
286.031 40.718 9354.88 -5.55556
286.031 40.7207 8030.15 -5.55556
286.031 40.7234 9582.43 -5.55556
286.031 40.7261 11168.2 -5.55556
286.031 40.7288 9158.91 -5.55556
286.031 40.7315 9350.72 -5.55556
286.031 40.7342 9432.12 -5.55556
286.031 40.7369 9697.03 -5.55556
286.031 40.7397 8900.92 -5.55556
286.031 40.7424 10518.8 -5.55556
286.031 40.7451 8802.31 -5.55556
286.031 40.7478 10958.8 -5.55556
286.031 40.7505 11767.3 -5.55556
286.031 40.7532 8836.6 -5.55556
286.031 40.7559 11610 -5.55556
286.031 40.7586 10416.5 -5.55556
286.031 40.7614 9100.16 -5.55556
286.031 40.7641 9669.36 -5.55556
286.031 40.7668 10221.4 -5.55556
286.031 40.7695 10188.8 -5.55556
286.031 40.7722 10188.6 -5.55556
286.031 40.7749 10760.4 -5.55556
286.031 40.7776 10828.4 -5.55556
286.031 40.7803 9967.48 -5.55556
286.031 40.7831 10678.3 -5.55556
286.031 40.7858 11273.2 -5.55556
286.031 40.7885 9805.55 -5.55556
286.031 40.7912 10031.2 -5.55556
286.031 40.7939 9537.55 -5.55556
286.031 40.7966 8519.91 -5.55556
286.031 40.7993 10566.5 -5.55556
286.031 40.802 10191.6 -5.55556
286.031 40.8047 8854.15 -5.55556
286.031 40.8075 10079 -5.55556
286.031 40.8102 9498.4 -5.55556
286.031 40.8129 9316.87 -5.55556
286.031 40.8156 8810.91 -5.55556
286.031 40.8183 8147.64 -5.55556
286.031 40.821 8025.65 -5.55556
286.031 40.8237 12336.1 -5.55556
286.031 40.8264 10613.6 -5.55556
286.031 40.8292 9832.29 -5.55556
286.031 40.8319 9767.39 -5.55556
286.031 40.8346 11790.1 -5.55556
286.031 40.8373 9936.8 -5.55556
286.031 40.84 10765 -5.55556
286.034 40.68 10101.3 -5.55556
286.034 40.6827 9955.4 -5.55556
286.034 40.6854 10817.9 -5.55556
286.034 40.6881 11117 -5.55556
286.034 40.6908 9392.27 -5.55556
286.034 40.6936 9218.32 -5.55556
286.034 40.6963 9042.39 -5.55556
286.034 40.699 10549.2 -5.55556
286.034 40.7017 9659.4 -5.55556
286.034 40.7044 9317.1 -5.55556
286.034 40.7071 10881 -5.55556
286.034 40.7098 9511.13 -5.55556
286.034 40.7125 7982.26 -5.55556
286.034 40.7153 10359.6 -5.55556
286.034 40.718 10605.4 -5.55556
286.034 40.7207 10690.8 -5.55556
286.034 40.7234 9848.15 -5.55556
286.034 40.7261 10741.6 -5.55556
286.034 40.7288 9208.97 -5.55556
286.034 40.7315 10595.2 -5.55556
286.034 40.7342 8743.25 -5.55556
286.034 40.7369 11191.2 -5.55556
286.034 40.7397 11896 -5.55556
286.034 40.7424 9370.03 -5.55556
286.034 40.7451 8664.88 -5.55556
286.034 40.7478 9626.46 -5.55556
286.034 40.7505 12045.4 -5.55556
286.034 40.7532 9353.21 -5.55556
286.034 40.7559 10883.9 -5.55556
286.034 40.7586 8902.75 -5.55556
286.034 40.7614 9663.8 -5.55556
286.034 40.7641 11002 -5.55556
286.034 40.7668 9183.3 -5.55556
286.034 40.7695 10179.8 -5.55556
286.034 40.7722 10533.4 -5.55556
286.034 40.7749 10794.2 -5.55556
286.034 40.7776 9734.39 -5.55556
286.034 40.7803 10007.3 -5.55556
286.034 40.7831 10507.5 -5.55556
286.034 40.7858 9316.74 -5.55556
286.034 40.7885 9419.08 -5.55556
286.034 40.7912 9461 -5.55556
286.034 40.7939 9068.63 -5.55556
286.034 40.7966 9218.88 -5.55556
286.034 40.7993 10969.2 -5.55556
286.034 40.802 9560.5 -5.55556
286.034 40.8047 9337.6 -5.55556
286.034 40.8075 9072.4 -5.55556
286.034 40.8102 10034.6 -5.55556
286.034 40.8129 8270.41 -5.55556
286.034 40.8156 10403.4 -5.55556
286.034 40.8183 9216.62 -5.55556
286.034 40.821 10580.5 -5.55556
286.034 40.8237 8789.1 -5.55556
286.034 40.8264 10200.1 -5.55556
286.034 40.8292 10452.5 -5.55556
286.034 40.8319 9148.25 -5.55556
286.034 40.8346 10250.7 -5.55556
286.034 40.8373 8609.49 -5.55556
286.034 40.84 8777.9 -5.55556
286.038 40.68 8847.46 -5.55556
286.038 40.6827 9990.56 -5.55556
286.038 40.6854 9391.22 -5.55556
286.038 40.6881 10207.2 -5.55556
286.038 40.6908 10696.3 -5.55556
286.038 40.6936 9979.17 -5.55556
286.038 40.6963 11059.4 -5.55556
286.038 40.699 11343.5 -5.55556
286.038 40.7017 9068.26 -5.55556
286.038 40.7044 9732.02 -5.55556
286.038 40.7071 9213.95 -5.55556
286.038 40.7098 10428.6 -5.55556
286.038 40.7125 8931.52 -5.55556
286.038 40.7153 10000.3 -5.55556
286.038 40.718 12172.9 -5.55556
286.038 40.7207 11043.2 -5.55556
286.038 40.7234 9365.23 -5.55556
286.038 40.7261 9432.54 -5.55556
286.038 40.7288 10965.5 -5.55556
286.038 40.7315 10680.3 -5.55556
286.038 40.7342 8903.91 -5.55556
286.038 40.7369 8884.44 -5.55556
286.038 40.7397 10250 -5.55556
286.038 40.7424 9995.33 -5.55556
286.038 40.7451 9866.16 -5.55556
286.038 40.7478 9902.89 -5.55556
286.038 40.7505 9867.65 -5.55556
286.038 40.7532 9522.57 -5.55556
286.038 40.7559 9110.69 -5.55556
286.038 40.7586 9227.66 -5.55556
286.038 40.7614 9275.66 -5.55556
286.038 40.7641 8394.15 -5.55556
286.038 40.7668 9792.76 -5.55556
286.038 40.7695 9594.3 -5.55556
286.038 40.7722 9787.88 -5.55556
286.038 40.7749 10308.6 -5.55556
286.038 40.7776 10596.8 -5.55556
286.038 40.7803 8086.75 -5.55556
286.038 40.7831 10367.2 -5.55556
286.038 40.7858 9764.58 -5.55556
286.038 40.7885 12128.9 -5.55556
286.038 40.7912 8170.52 -5.55556
286.038 40.7939 8399.35 -5.55556
286.038 40.7966 9921.99 -5.55556
286.038 40.7993 9681.6 -5.55556
286.038 40.802 10139.8 -5.55556
286.038 40.8047 12337.2 -5.55556
286.038 40.8075 9895.14 -5.55556
286.038 40.8102 10936.5 -5.55556
286.038 40.8129 9334.5 -5.55556
286.038 40.8156 9004.52 -5.55556
286.038 40.8183 9100.61 -5.55556
286.038 40.821 7713.65 -5.55556
286.038 40.8237 8809.33 -5.55556
286.038 40.8264 9861.61 -5.55556
286.038 40.8292 8900.34 -5.55556
286.038 40.8319 9197.21 -5.55556
286.038 40.8346 11706.7 -5.55556
286.038 40.8373 11128.2 -5.55556
286.038 40.84 12265.9 -5.55556
286.041 40.68 10891.1 -5.55556
286.041 40.6827 8058.73 -5.55556
286.041 40.6854 10452.1 -5.55556
286.041 40.6881 10800.6 -5.55556
286.041 40.6908 10728 -5.55556
286.041 40.6936 10022.5 -5.55556
286.041 40.6963 9853.82 -5.55556
286.041 40.699 11525.9 -5.55556
286.041 40.7017 9768.59 -5.55556
286.041 40.7044 9051.91 -5.55556
286.041 40.7071 8807.98 -5.55556
286.041 40.7098 10566.9 -5.55556
286.041 40.7125 11191.5 -5.55556
286.041 40.7153 10185.6 -5.55556
286.041 40.718 9118.47 -5.55556
286.041 40.7207 9296.33 -5.55556
286.041 40.7234 9730.39 -5.55556
286.041 40.7261 8967.01 -5.55556
286.041 40.7288 8055.29 -5.55556
286.041 40.7315 9633.83 -5.55556
286.041 40.7342 10218.1 -5.55556
286.041 40.7369 10609.3 -5.55556
286.041 40.7397 9975.84 -5.55556
286.041 40.7424 8025.15 -5.55556
286.041 40.7451 9186.87 -5.55556
286.041 40.7478 10584.9 -5.55556
286.041 40.7505 9599.33 -5.55556
286.041 40.7532 11041.1 -5.55556
286.041 40.7559 9760.6 -5.55556
286.041 40.7586 10881.5 -5.55556
286.041 40.7614 9248.15 -5.55556
286.041 40.7641 10513.1 -5.55556
286.041 40.7668 10079 -5.55556
286.041 40.7695 11028.4 -5.55556
286.041 40.7722 10778.4 -5.55556
286.041 40.7749 9150.87 -5.55556
286.041 40.7776 9734.26 -5.55556
286.041 40.7803 10795.7 -5.55556
286.041 40.7831 9567.26 -5.55556
286.041 40.7858 11004.5 -5.55556
286.041 40.7885 11411.5 -5.55556
286.041 40.7912 10339.2 -5.55556
286.041 40.7939 9554.25 -5.55556
286.041 40.7966 8966.69 -5.55556
286.041 40.7993 9493.04 -5.55556
286.041 40.802 8622.15 -5.55556
286.041 40.8047 11059.5 -5.55556
286.041 40.8075 12299.5 -5.55556
286.041 40.8102 9873.36 -5.55556
286.041 40.8129 11810.6 -5.55556
286.041 40.8156 8169.61 -5.55556
286.041 40.8183 10321.3 -5.55556
286.041 40.821 10496.7 -5.55556
286.041 40.8237 12484.8 -5.55556
286.041 40.8264 10701.9 -5.55556
286.041 40.8292 9739.24 -5.55556
286.041 40.8319 11201.5 -5.55556
286.041 40.8346 10879.1 -5.55556
286.041 40.8373 10679.2 -5.55556
286.041 40.84 9871.77 -5.55556
286.045 40.68 11354.9 -5.55556
286.045 40.6827 9891.23 -5.55556
286.045 40.6854 10941 -5.55556
286.045 40.6881 9520.33 -5.55556
286.045 40.6908 10325.8 -5.55556
286.045 40.6936 9836.03 -5.55556
286.045 40.6963 10914.2 -5.55556
286.045 40.699 9334.04 -5.55556
286.045 40.7017 9136.07 -5.55556
286.045 40.7044 11647.1 -5.55556
286.045 40.7071 10764.3 -5.55556
286.045 40.7098 10723.1 -5.55556
286.045 40.7125 10405.6 -5.55556
286.045 40.7153 10651.9 -5.55556
286.045 40.718 9795.84 -5.55556
286.045 40.7207 12424.6 -5.55556
286.045 40.7234 10212.8 -5.55556
286.045 40.7261 11374.8 -5.55556
286.045 40.7288 9034.91 -5.55556
286.045 40.7315 10805 -5.55556
286.045 40.7342 10325 -5.55556
286.045 40.7369 9869.12 -5.55556
286.045 40.7397 9991.08 -5.55556
286.045 40.7424 9623.19 -5.55556
286.045 40.7451 11363.7 -5.55556
286.045 40.7478 10170.5 -5.55556
286.045 40.7505 11264.6 -5.55556
286.045 40.7532 10231.8 -5.55556
286.045 40.7559 10298.2 -5.55556
286.045 40.7586 8703.64 -5.55556
286.045 40.7614 10096.9 -5.55556
286.045 40.7641 10440.5 -5.55556
286.045 40.7668 9532.88 -5.55556
286.045 40.7695 10771.5 -5.55556
286.045 40.7722 9370.24 -5.55556
286.045 40.7749 11525.7 -5.55556
286.045 40.7776 10289.1 -5.55556
286.045 40.7803 10530.3 -5.55556
286.045 40.7831 11499.8 -5.55556
286.045 40.7858 9151.22 -5.55556
286.045 40.7885 9290.77 -5.55556
286.045 40.7912 9412.25 -5.55556
286.045 40.7939 10189.1 -5.55556
286.045 40.7966 11475.1 -5.55556
286.045 40.7993 10748.7 -5.55556
286.045 40.802 9028.66 -5.55556
286.045 40.8047 9423.93 -5.55556
286.045 40.8075 9559.56 -5.55556
286.045 40.8102 9954.5 -5.55556
286.045 40.8129 9701.11 -5.55556
286.045 40.8156 11993.2 -5.55556
286.045 40.8183 11210.3 -5.55556
286.045 40.821 9821.88 -5.55556
286.045 40.8237 8988.3 -5.55556
286.045 40.8264 9214.19 -5.55556
286.045 40.8292 8625.88 -5.55556
286.045 40.8319 9195.65 -5.55556
286.045 40.8346 10565.9 -5.55556
286.045 40.8373 8675.47 -5.55556
286.045 40.84 11874.4 -5.55556
286.048 40.68 9662.63 -5.55556
286.048 40.6827 7596.79 -5.55556
286.048 40.6854 8396.45 -5.55556
286.048 40.6881 10048.6 -5.55556
286.048 40.6908 10883.1 -5.55556
286.048 40.6936 10232.6 -5.55556
286.048 40.6963 9150.56 -5.55556
286.048 40.699 11565.5 -5.55556
286.048 40.7017 10602.9 -5.55556
286.048 40.7044 8999.79 -5.55556
286.048 40.7071 9664.66 -5.55556
286.048 40.7098 8618.77 -5.55556
286.048 40.7125 9116.06 -5.55556
286.048 40.7153 10382.9 -5.55556
286.048 40.718 10029.2 -5.55556
286.048 40.7207 10935.6 -5.55556
286.048 40.7234 10264.2 -5.55556
286.048 40.7261 9525.36 -5.55556
286.048 40.7288 8411.49 -5.55556
286.048 40.7315 9875.79 -5.55556
286.048 40.7342 9262.97 -5.55556
286.048 40.7369 9818.66 -5.55556
286.048 40.7397 11097.2 -5.55556
286.048 40.7424 9843.54 -5.55556
286.048 40.7451 9972.79 -5.55556
286.048 40.7478 9232.91 -5.55556
286.048 40.7505 10620.9 -5.55556
286.048 40.7532 9877.25 -5.55556
286.048 40.7559 8076.08 -5.55556
286.048 40.7586 11481.9 -5.55556
286.048 40.7614 10533.7 -5.55556
286.048 40.7641 9911.88 -5.55556
286.048 40.7668 9965.49 -5.55556
286.048 40.7695 10681.3 -5.55556
286.048 40.7722 10005.5 -5.55556
286.048 40.7749 9379.09 -5.55556
286.048 40.7776 11574.2 -5.55556
286.048 40.7803 9146.6 -5.55556
286.048 40.7831 9727.97 -5.55556
286.048 40.7858 10241.8 -5.55556
286.048 40.7885 9653.3 -5.55556
286.048 40.7912 11518.8 -5.55556
286.048 40.7939 8154.74 -5.55556
286.048 40.7966 8650.4 -5.55556
286.048 40.7993 10304.3 -5.55556
286.048 40.802 9147.73 -5.55556
286.048 40.8047 9875.12 -5.55556
286.048 40.8075 9883.2 -5.55556
286.048 40.8102 10606.2 -5.55556
286.048 40.8129 10241.8 -5.55556
286.048 40.8156 10905.3 -5.55556
286.048 40.8183 11534.6 -5.55556
286.048 40.821 11317.5 -5.55556
286.048 40.8237 9355.45 -5.55556
286.048 40.8264 9924.72 -5.55556
286.048 40.8292 9020.94 -5.55556
286.048 40.8319 9396.56 -5.55556
286.048 40.8346 9641.13 -5.55556
286.048 40.8373 10479.7 -5.55556
286.048 40.84 9318.08 -5.55556
286.052 40.68 10854.8 -5.55556
286.052 40.6827 8734.38 -5.55556
286.052 40.6854 10433.3 -5.55556
286.052 40.6881 11382 -5.55556
286.052 40.6908 8847.11 -5.55556
286.052 40.6936 10139.1 -5.55556
286.052 40.6963 10443.2 -5.55556
286.052 40.699 9117.62 -5.55556
286.052 40.7017 10891 -5.55556
286.052 40.7044 12156.6 -5.55556
286.052 40.7071 10168.5 -5.55556
286.052 40.7098 9268.01 -5.55556
286.052 40.7125 8646.31 -5.55556
286.052 40.7153 9588.99 -5.55556
286.052 40.718 9807.84 -5.55556
286.052 40.7207 9253.16 -5.55556
286.052 40.7234 10130 -5.55556
286.052 40.7261 10807.1 -5.55556
286.052 40.7288 10269.6 -5.55556
286.052 40.7315 9069.25 -5.55556
286.052 40.7342 10740.4 -5.55556
286.052 40.7369 9694.63 -5.55556
286.052 40.7397 9723.97 -5.55556
286.052 40.7424 8692.68 -5.55556
286.052 40.7451 10793.8 -5.55556
286.052 40.7478 9913.22 -5.55556
286.052 40.7505 9938.86 -5.55556
286.052 40.7532 8893.06 -5.55556
286.052 40.7559 11084.5 -5.55556
286.052 40.7586 10559.2 -5.55556
286.052 40.7614 10073.5 -5.55556
286.052 40.7641 6959.65 -5.55556
286.052 40.7668 8760.2 -5.55556
286.052 40.7695 10452.7 -5.55556
286.052 40.7722 9976.82 -5.55556
286.052 40.7749 11511.7 -5.55556
286.052 40.7776 9250.76 -5.55556
286.052 40.7803 10546.1 -5.55556
286.052 40.7831 10734.6 -5.55556
286.052 40.7858 11636.3 -5.55556
286.052 40.7885 8545.34 -5.55556
286.052 40.7912 9162.37 -5.55556
286.052 40.7939 9744.26 -5.55556
286.052 40.7966 9390.33 -5.55556
286.052 40.7993 10984.8 -5.55556
286.052 40.802 9662.92 -5.55556
286.052 40.8047 9589.94 -5.55556
286.052 40.8075 10115.1 -5.55556
286.052 40.8102 9273.18 -5.55556
286.052 40.8129 9946.28 -5.55556
286.052 40.8156 10001.8 -5.55556
286.052 40.8183 11119.8 -5.55556
286.052 40.821 10865.8 -5.55556
286.052 40.8237 7846.59 -5.55556
286.052 40.8264 9725.54 -5.55556
286.052 40.8292 10321.6 -5.55556
286.052 40.8319 8708.76 -5.55556
286.052 40.8346 10330 -5.55556
286.052 40.8373 11546.8 -5.55556
286.052 40.84 10313.4 -5.55556
286.055 40.68 9061.54 -5.55556
286.055 40.6827 9449.62 -5.55556
286.055 40.6854 9712.98 -5.55556
286.055 40.6881 9926.38 -5.55556
286.055 40.6908 11025.5 -5.55556
286.055 40.6936 10056.7 -5.55556
286.055 40.6963 9865.78 -5.55556
286.055 40.699 8078.91 -5.55556
286.055 40.7017 10270.2 -5.55556
286.055 40.7044 10168.3 -5.55556
286.055 40.7071 9184.59 -5.55556
286.055 40.7098 12575.7 -5.55556
286.055 40.7125 7440.33 -5.55556
286.055 40.7153 7756.94 -5.55556
286.055 40.718 9874.41 -5.55556
286.055 40.7207 9939.76 -5.55556
286.055 40.7234 10219.9 -5.55556
286.055 40.7261 9913.69 -5.55556
286.055 40.7288 10871.2 -5.55556
286.055 40.7315 11319.8 -5.55556
286.055 40.7342 10002.4 -5.55556
286.055 40.7369 9397.33 -5.55556
286.055 40.7397 9468.59 -5.55556
286.055 40.7424 9946.53 -5.55556
286.055 40.7451 9118.77 -5.55556
286.055 40.7478 11237.8 -5.55556
286.055 40.7505 8812.7 -5.55556
286.055 40.7532 8743 -5.55556
286.055 40.7559 10763.2 -5.55556
286.055 40.7586 10696.3 -5.55556
286.055 40.7614 10468.7 -5.55556
286.055 40.7641 12269.2 -5.55556
286.055 40.7668 11315.8 -5.55556
286.055 40.7695 10137.4 -5.55556
286.055 40.7722 9650.14 -5.55556
286.055 40.7749 11485 -5.55556
286.055 40.7776 9043.9 -5.55556
286.055 40.7803 10327.5 -5.55556
286.055 40.7831 9725.69 -5.55556
286.055 40.7858 9361.85 -5.55556
286.055 40.7885 9366.95 -5.55556
286.055 40.7912 10530.6 -5.55556
286.055 40.7939 9651.76 -5.55556
286.055 40.7966 8977.46 -5.55556
286.055 40.7993 10493 -5.55556
286.055 40.802 11150.4 -5.55556
286.055 40.8047 9979.92 -5.55556
286.055 40.8075 9550.06 -5.55556
286.055 40.8102 9264.9 -5.55556
286.055 40.8129 8330.83 -5.55556
286.055 40.8156 9963.89 -5.55556
286.055 40.8183 9631.82 -5.55556
286.055 40.821 10303.5 -5.55556
286.055 40.8237 10187.6 -5.55556
286.055 40.8264 11417.3 -5.55556
286.055 40.8292 9623.68 -5.55556
286.055 40.8319 8644.55 -5.55556
286.055 40.8346 9645.62 -5.55556
286.055 40.8373 10603.5 -5.55556
286.055 40.84 9565.38 -5.55556
286.059 40.68 10138.1 -5.55556
286.059 40.6827 9720.67 -5.55556
286.059 40.6854 9853.16 -5.55556
286.059 40.6881 10245.9 -5.55556
286.059 40.6908 9521.02 -5.55556
286.059 40.6936 9854.13 -5.55556
286.059 40.6963 9690.22 -5.55556
286.059 40.699 10733.4 -5.55556
286.059 40.7017 9900.08 -5.55556
286.059 40.7044 11041.9 -5.55556
286.059 40.7071 8265.61 -5.55556
286.059 40.7098 9584.89 -5.55556
286.059 40.7125 9337.19 -5.55556
286.059 40.7153 9586.2 -5.55556
286.059 40.718 9197.92 -5.55556
286.059 40.7207 9151.29 -5.55556
286.059 40.7234 10473.9 -5.55556
286.059 40.7261 9586.85 -5.55556
286.059 40.7288 10535.8 -5.55556
286.059 40.7315 11197.2 -5.55556
286.059 40.7342 9013.28 -5.55556
286.059 40.7369 9848.29 -5.55556
286.059 40.7397 11408.5 -5.55556
286.059 40.7424 9421.76 -5.55556
286.059 40.7451 10195.8 -5.55556
286.059 40.7478 9235.01 -5.55556
286.059 40.7505 9541.47 -5.55556
286.059 40.7532 10118.2 -5.55556
286.059 40.7559 9621.53 -5.55556
286.059 40.7586 11929.8 -5.55556
286.059 40.7614 8198.25 -5.55556
286.059 40.7641 9778.33 -5.55556
286.059 40.7668 9938.28 -5.55556
286.059 40.7695 8397.01 -5.55556
286.059 40.7722 8068.58 -5.55556
286.059 40.7749 11170.2 -5.55556
286.059 40.7776 9799.54 -5.55556
286.059 40.7803 9463.48 -5.55556
286.059 40.7831 10392.5 -5.55556
286.059 40.7858 9977.02 -5.55556
286.059 40.7885 9160.7 -5.55556
286.059 40.7912 10139.5 -5.55556
286.059 40.7939 11068.1 -5.55556
286.059 40.7966 10299.4 -5.55556
286.059 40.7993 12282.5 -5.55556
286.059 40.802 8793.61 -5.55556
286.059 40.8047 11401.1 -5.55556
286.059 40.8075 10001.7 -5.55556
286.059 40.8102 10603.9 -5.55556
286.059 40.8129 11482.9 -5.55556
286.059 40.8156 10329.4 -5.55556
286.059 40.8183 9730.12 -5.55556
286.059 40.821 11020.2 -5.55556
286.059 40.8237 10129.8 -5.55556
286.059 40.8264 9276.8 -5.55556
286.059 40.8292 9813.93 -5.55556
286.059 40.8319 9852.34 -5.55556
286.059 40.8346 9057.61 -5.55556
286.059 40.8373 9064.9 -5.55556
286.059 40.84 9354.39 -5.55556
286.062 40.68 11009.7 -5.55556
286.062 40.6827 9658.93 -5.55556
286.062 40.6854 8314.03 -5.55556
286.062 40.6881 12000.5 -5.55556
286.062 40.6908 10290.5 -5.55556
286.062 40.6936 9716.65 -5.55556
286.062 40.6963 8730.48 -5.55556
286.062 40.699 7876.22 -5.55556
286.062 40.7017 8791.15 -5.55556
286.062 40.7044 8352.95 -5.55556
286.062 40.7071 9808.9 -5.55556
286.062 40.7098 8496.96 -5.55556
286.062 40.7125 8180.06 -5.55556
286.062 40.7153 9389.98 -5.55556
286.062 40.718 10491.9 -5.55556
286.062 40.7207 10085.7 -5.55556
286.062 40.7234 9842.96 -5.55556
286.062 40.7261 9448.22 -5.55556
286.062 40.7288 10258.1 -5.55556
286.062 40.7315 10410.4 -5.55556
286.062 40.7342 9095.76 -5.55556
286.062 40.7369 10460.2 -5.55556
286.062 40.7397 11151.6 -5.55556
286.062 40.7424 9997.78 -5.55556
286.062 40.7451 9360.27 -5.55556
286.062 40.7478 10497.5 -5.55556
286.062 40.7505 9148.7 -5.55556
286.062 40.7532 9528.25 -5.55556
286.062 40.7559 9933.91 -5.55556
286.062 40.7586 9292.98 -5.55556
286.062 40.7614 10596.8 -5.55556
286.062 40.7641 11034.1 -5.55556
286.062 40.7668 9825.19 -5.55556
286.062 40.7695 12292.5 -5.55556
286.062 40.7722 9939.53 -5.55556
286.062 40.7749 9200.69 -5.55556
286.062 40.7776 9010.06 -5.55556
286.062 40.7803 10326.4 -5.55556
286.062 40.7831 9754.32 -5.55556
286.062 40.7858 10340.6 -5.55556
286.062 40.7885 10156.9 -5.55556
286.062 40.7912 10147.1 -5.55556
286.062 40.7939 9319.73 -5.55556
286.062 40.7966 12120.5 -5.55556
286.062 40.7993 12429 -5.55556
286.062 40.802 11378.9 -5.55556
286.062 40.8047 9609.38 -5.55556
286.062 40.8075 10428.5 -5.55556
286.062 40.8102 8794.45 -5.55556
286.062 40.8129 10175.1 -5.55556
286.062 40.8156 9353 -5.55556
286.062 40.8183 10039 -5.55556
286.062 40.821 11582.8 -5.55556
286.062 40.8237 10679.6 -5.55556
286.062 40.8264 10367.1 -5.55556
286.062 40.8292 9641.73 -5.55556
286.062 40.8319 9367.06 -5.55556
286.062 40.8346 10452.3 -5.55556
286.062 40.8373 10859.6 -5.55556
286.062 40.84 9862.58 -5.55556
286.066 40.68 12324.4 -5.55556
286.066 40.6827 9622.38 -5.55556
286.066 40.6854 9397.68 -5.55556
286.066 40.6881 9910.12 -5.55556
286.066 40.6908 8871.34 -5.55556
286.066 40.6936 9030.75 -5.55556
286.066 40.6963 11571.3 -5.55556
286.066 40.699 10007 -5.55556
286.066 40.7017 8470.84 -5.55556
286.066 40.7044 9653.18 -5.55556
286.066 40.7071 10752.1 -5.55556
286.066 40.7098 9744 -5.55556
286.066 40.7125 7506.63 -5.55556
286.066 40.7153 11054.5 -5.55556
286.066 40.718 10090 -5.55556
286.066 40.7207 11976.5 -5.55556
286.066 40.7234 10438.9 -5.55556
286.066 40.7261 8602.14 -5.55556
286.066 40.7288 11306.1 -5.55556
286.066 40.7315 8712.93 -5.55556
286.066 40.7342 10035.4 -5.55556
286.066 40.7369 10450.3 -5.55556
286.066 40.7397 9365.82 -5.55556
286.066 40.7424 11245.7 -5.55556
286.066 40.7451 10681 -5.55556
286.066 40.7478 8628.37 -5.55556
286.066 40.7505 10248.2 -5.55556
286.066 40.7532 10140.6 -5.55556
286.066 40.7559 10642.3 -5.55556
286.066 40.7586 9130.2 -5.55556
286.066 40.7614 8984 -5.55556
286.066 40.7641 7968.9 -5.55556
286.066 40.7668 10003.3 -5.55556
286.066 40.7695 9764.54 -5.55556
286.066 40.7722 11355.8 -5.55556
286.066 40.7749 8543.63 -5.55556
286.066 40.7776 10317.1 -5.55556
286.066 40.7803 13019.6 -5.55556
286.066 40.7831 10112 -5.55556
286.066 40.7858 9233.93 -5.55556
286.066 40.7885 9841.17 -5.55556
286.066 40.7912 9429.54 -5.55556
286.066 40.7939 9452.23 -5.55556
286.066 40.7966 11583.3 -5.55556
286.066 40.7993 8472.98 -5.55556
286.066 40.802 9710.29 -5.55556
286.066 40.8047 9511.16 -5.55556
286.066 40.8075 9410.63 -5.55556
286.066 40.8102 10857.8 -5.55556
286.066 40.8129 10524.7 -5.55556
286.066 40.8156 9784.51 -5.55556
286.066 40.8183 9566.88 -5.55556
286.066 40.821 8554.91 -5.55556
286.066 40.8237 10176.8 -5.55556
286.066 40.8264 10660.1 -5.55556
286.066 40.8292 9056.6 -5.55556
286.066 40.8319 10548.5 -5.55556
286.066 40.8346 10972.8 -5.55556
286.066 40.8373 10947.5 -5.55556
286.066 40.84 9588.32 -5.55556
286.069 40.68 10078 -5.55556
286.069 40.6827 9498.67 -5.55556
286.069 40.6854 9306.93 -5.55556
286.069 40.6881 11955.7 -5.55556
286.069 40.6908 8871.61 -5.55556
286.069 40.6936 10831.7 -5.55556
286.069 40.6963 10676.4 -5.55556
286.069 40.699 12246.2 -5.55556
286.069 40.7017 10225.8 -5.55556
286.069 40.7044 9725.03 -5.55556
286.069 40.7071 10387.2 -5.55556
286.069 40.7098 10934 -5.55556
286.069 40.7125 8179.62 -5.55556
286.069 40.7153 8467.75 -5.55556
286.069 40.718 10295.6 -5.55556
286.069 40.7207 9872.74 -5.55556
286.069 40.7234 9980.83 -5.55556
286.069 40.7261 10861.2 -5.55556
286.069 40.7288 10150.8 -5.55556
286.069 40.7315 8896.78 -5.55556
286.069 40.7342 9296.69 -5.55556
286.069 40.7369 9778.86 -5.55556
286.069 40.7397 7530.75 -5.55556
286.069 40.7424 10555.6 -5.55556
286.069 40.7451 8954.06 -5.55556
286.069 40.7478 10744.7 -5.55556
286.069 40.7505 10132.9 -5.55556
286.069 40.7532 9872.38 -5.55556
286.069 40.7559 10897.7 -5.55556
286.069 40.7586 8597.62 -5.55556
286.069 40.7614 10635.2 -5.55556
286.069 40.7641 10758.6 -5.55556
286.069 40.7668 10751.5 -5.55556
286.069 40.7695 9140.55 -5.55556
286.069 40.7722 10375.5 -5.55556
286.069 40.7749 10587.2 -5.55556
286.069 40.7776 9627.6 -5.55556
286.069 40.7803 10244.3 -5.55556
286.069 40.7831 10129.5 -5.55556
286.069 40.7858 9768.66 -5.55556
286.069 40.7885 9769.36 -5.55556
286.069 40.7912 9879.81 -5.55556
286.069 40.7939 10471.2 -5.55556
286.069 40.7966 9160.73 -5.55556
286.069 40.7993 10376.2 -5.55556
286.069 40.802 10567 -5.55556
286.069 40.8047 11143.9 -5.55556
286.069 40.8075 9754.21 -5.55556
286.069 40.8102 9667.5 -5.55556
286.069 40.8129 8310.49 -5.55556
286.069 40.8156 9695.87 -5.55556
286.069 40.8183 8374.11 -5.55556
286.069 40.821 10281.8 -5.55556
286.069 40.8237 7893.21 -5.55556
286.069 40.8264 11405.1 -5.55556
286.069 40.8292 10666.4 -5.55556
286.069 40.8319 10056.7 -5.55556
286.069 40.8346 8445.43 -5.55556
286.069 40.8373 10001.9 -5.55556
286.069 40.84 11074.7 -5.55556
286.073 40.68 11109.7 -5.55556
286.073 40.6827 9792.4 -5.55556
286.073 40.6854 10418 -5.55556
286.073 40.6881 10540.1 -5.55556
286.073 40.6908 11680 -5.55556
286.073 40.6936 12088.1 -5.55556
286.073 40.6963 9824.6 -5.55556
286.073 40.699 9081.34 -5.55556
286.073 40.7017 10654.7 -5.55556
286.073 40.7044 9892.33 -5.55556
286.073 40.7071 11258.5 -5.55556
286.073 40.7098 9586.5 -5.55556
286.073 40.7125 10056.2 -5.55556
286.073 40.7153 9652.8 -5.55556
286.073 40.718 9453.9 -5.55556
286.073 40.7207 9708.42 -5.55556
286.073 40.7234 9196.04 -5.55556
286.073 40.7261 10733.1 -5.55556
286.073 40.7288 9495.75 -5.55556
286.073 40.7315 11320.5 -5.55556
286.073 40.7342 8515.23 -5.55556
286.073 40.7369 9508.7 -5.55556
286.073 40.7397 6728.51 -5.55556
286.073 40.7424 10147.8 -5.55556
286.073 40.7451 9206.69 -5.55556
286.073 40.7478 10119 -5.55556
286.073 40.7505 9562.11 -5.55556
286.073 40.7532 11337 -5.55556
286.073 40.7559 10256.5 -5.55556
286.073 40.7586 11091.9 -5.55556
286.073 40.7614 10782.3 -5.55556
286.073 40.7641 10117.8 -5.55556
286.073 40.7668 10889.5 -5.55556
286.073 40.7695 10130.3 -5.55556
286.073 40.7722 10627.4 -5.55556
286.073 40.7749 10023.5 -5.55556
286.073 40.7776 11009.3 -5.55556
286.073 40.7803 10265.7 -5.55556
286.073 40.7831 10050 -5.55556
286.073 40.7858 10497.9 -5.55556
286.073 40.7885 8960.6 -5.55556
286.073 40.7912 11144 -5.55556
286.073 40.7939 8730.16 -5.55556
286.073 40.7966 10152.7 -5.55556
286.073 40.7993 11320.7 -5.55556
286.073 40.802 11716.1 -5.55556
286.073 40.8047 12036.2 -5.55556
286.073 40.8075 8275.56 -5.55556
286.073 40.8102 7592.36 -5.55556
286.073 40.8129 10794.3 -5.55556
286.073 40.8156 8975.28 -5.55556
286.073 40.8183 7798.84 -5.55556
286.073 40.821 9840.54 -5.55556
286.073 40.8237 9800.9 -5.55556
286.073 40.8264 10054 -5.55556
286.073 40.8292 9856.99 -5.55556
286.073 40.8319 8765.77 -5.55556
286.073 40.8346 9527.24 -5.55556
286.073 40.8373 9394.65 -5.55556
286.073 40.84 11484.8 -5.55556
286.076 40.68 9741.22 -5.55556
286.076 40.6827 8575.29 -5.55556
286.076 40.6854 8603.44 -5.55556
286.076 40.6881 8585.76 -5.55556
286.076 40.6908 10741.4 -5.55556
286.076 40.6936 9108.77 -5.55556
286.076 40.6963 10201.4 -5.55556
286.076 40.699 9648.77 -5.55556
286.076 40.7017 7858.57 -5.55556
286.076 40.7044 10577.7 -5.55556
286.076 40.7071 9566.65 -5.55556
286.076 40.7098 10175 -5.55556
286.076 40.7125 12453.8 -5.55556
286.076 40.7153 10008 -5.55556
286.076 40.718 9160.48 -5.55556
286.076 40.7207 10301.3 -5.55556
286.076 40.7234 13245.4 -5.55556
286.076 40.7261 11719.1 -5.55556
286.076 40.7288 8472.72 -5.55556
286.076 40.7315 9079.13 -5.55556
286.076 40.7342 10395.4 -5.55556
286.076 40.7369 9270.75 -5.55556
286.076 40.7397 10006.6 -5.55556
286.076 40.7424 9806.14 -5.55556
286.076 40.7451 9051.67 -5.55556
286.076 40.7478 9784.45 -5.55556
286.076 40.7505 8000.66 -5.55556
286.076 40.7532 10522.7 -5.55556
286.076 40.7559 9410.72 -5.55556
286.076 40.7586 8820.24 -5.55556
286.076 40.7614 9611.16 -5.55556
286.076 40.7641 9905.19 -5.55556
286.076 40.7668 8726.4 -5.55556
286.076 40.7695 10870.7 -5.55556
286.076 40.7722 8784.97 -5.55556
286.076 40.7749 8615.4 -5.55556
286.076 40.7776 11590.6 -5.55556
286.076 40.7803 10170.8 -5.55556
286.076 40.7831 9411.67 -5.55556
286.076 40.7858 8621.61 -5.55556
286.076 40.7885 9088.66 -5.55556
286.076 40.7912 9553.87 -5.55556
286.076 40.7939 8832.73 -5.55556
286.076 40.7966 11353 -5.55556
286.076 40.7993 9697.47 -5.55556
286.076 40.802 11052.3 -5.55556
286.076 40.8047 10511 -5.55556
286.076 40.8075 10473.6 -5.55556
286.076 40.8102 9036.67 -5.55556
286.076 40.8129 9853.36 -5.55556
286.076 40.8156 9460.38 -5.55556
286.076 40.8183 9276.13 -5.55556
286.076 40.821 11276.2 -5.55556
286.076 40.8237 10418 -5.55556
286.076 40.8264 11050 -5.55556
286.076 40.8292 8812.1 -5.55556
286.076 40.8319 11260.4 -5.55556
286.076 40.8346 9202.31 -5.55556
286.076 40.8373 10186.2 -5.55556
286.076 40.84 10274.3 -5.55556
286.08 40.68 10103.3 -5.55556
286.08 40.6827 12284.1 -5.55556
286.08 40.6854 10544.9 -5.55556
286.08 40.6881 9628.55 -5.55556
286.08 40.6908 10497.1 -5.55556
286.08 40.6936 10486.6 -5.55556
286.08 40.6963 9483.24 -5.55556
286.08 40.699 10155.8 -5.55556
286.08 40.7017 9630.26 -5.55556
286.08 40.7044 9036.73 -5.55556
286.08 40.7071 10812.5 -5.55556
286.08 40.7098 10002 -5.55556
286.08 40.7125 12303.7 -5.55556
286.08 40.7153 8488.54 -5.55556
286.08 40.718 8431.08 -5.55556
286.08 40.7207 10798.8 -5.55556
286.08 40.7234 8799.84 -5.55556
286.08 40.7261 10633.2 -5.55556
286.08 40.7288 10326.3 -5.55556
286.08 40.7315 9367.18 -5.55556
286.08 40.7342 10923.5 -5.55556
286.08 40.7369 10302.8 -5.55556
286.08 40.7397 10845.4 -5.55556
286.08 40.7424 8951.67 -5.55556
286.08 40.7451 8576.48 -5.55556
286.08 40.7478 11839.2 -5.55556
286.08 40.7505 9909.68 -5.55556
286.08 40.7532 9808.45 -5.55556
286.08 40.7559 10846.8 -5.55556
286.08 40.7586 10155.9 -5.55556
286.08 40.7614 9523.55 -5.55556
286.08 40.7641 11237.5 -5.55556
286.08 40.7668 10888.2 -5.55556
286.08 40.7695 10155.3 -5.55556
286.08 40.7722 11277.7 -5.55556
286.08 40.7749 10821.9 -5.55556
286.08 40.7776 7974.32 -5.55556
286.08 40.7803 9804.13 -5.55556
286.08 40.7831 11167.8 -5.55556
286.08 40.7858 9996.16 -5.55556
286.08 40.7885 10679.1 -5.55556
286.08 40.7912 9473.41 -5.55556
286.08 40.7939 9539.98 -5.55556
286.08 40.7966 11231.3 -5.55556
286.08 40.7993 9849.26 -5.55556
286.08 40.802 9055.52 -5.55556
286.08 40.8047 10553.9 -5.55556
286.08 40.8075 10666.4 -5.55556
286.08 40.8102 9812.38 -5.55556
286.08 40.8129 9901.28 -5.55556
286.08 40.8156 10357 -5.55556
286.08 40.8183 10282.7 -5.55556
286.08 40.821 10865.1 -5.55556
286.08 40.8237 10969.3 -5.55556
286.08 40.8264 9963.15 -5.55556
286.08 40.8292 10171.4 -5.55556
286.08 40.8319 10912.6 -5.55556
286.08 40.8346 10807.9 -5.55556
286.08 40.8373 10826.3 -5.55556
286.08 40.84 12212.5 -5.55556
