285.96 40.68 10843.5 -5.55556
285.96 40.6827 9142.54 -5.55556
285.96 40.6854 10236.4 -5.55556
285.96 40.6881 9259.44 -5.55556
285.96 40.6908 9889.07 -5.55556
285.96 40.6936 10367.1 -5.55556
285.96 40.6963 8057.32 -5.55556
285.96 40.699 8617.17 -5.55556
285.96 40.7017 10799.4 -5.55556
285.96 40.7044 9236.83 -5.55556
285.96 40.7071 11383.5 -5.55556
285.96 40.7098 9164.8 -5.55556
285.96 40.7125 8580.63 -5.55556
285.96 40.7153 8359.88 -5.55556
285.96 40.718 9414.63 -5.55556
285.96 40.7207 9495.25 -5.55556
285.96 40.7234 10472.2 -5.55556
285.96 40.7261 8863.85 -5.55556
285.96 40.7288 10999.2 -5.55556
285.96 40.7315 12336.3 -5.55556
285.96 40.7342 9718.05 -5.55556
285.96 40.7369 9886.63 -5.55556
285.96 40.7397 8933.53 -5.55556
285.96 40.7424 10350.9 -5.55556
285.96 40.7451 9158.5 -5.55556
285.96 40.7478 11072.1 -5.55556
285.96 40.7505 12303.1 -5.55556
285.96 40.7532 8075.88 -5.55556
285.96 40.7559 10365.9 -5.55556
285.96 40.7586 11326.2 -5.55556
285.96 40.7614 9451.09 -5.55556
285.96 40.7641 10587.4 -5.55556
285.96 40.7668 10889.2 -5.55556
285.96 40.7695 10929.9 -5.55556
285.96 40.7722 9780.82 -5.55556
285.96 40.7749 9631.74 -5.55556
285.96 40.7776 7795.31 -5.55556
285.96 40.7803 10110.9 -5.55556
285.96 40.7831 10641.5 -5.55556
285.96 40.7858 8243.77 -5.55556
285.96 40.7885 8971.53 -5.55556
285.96 40.7912 10245 -5.55556
285.96 40.7939 9208.35 -5.55556
285.96 40.7966 10643.7 -5.55556
285.96 40.7993 11575.9 -5.55556
285.96 40.802 7988.46 -5.55556
285.96 40.8047 11475 -5.55556
285.96 40.8075 7766.86 -5.55556
285.96 40.8102 10749.4 -5.55556
285.96 40.8129 8528.85 -5.55556
285.96 40.8156 10125.2 -5.55556
285.96 40.8183 8538.65 -5.55556
285.96 40.821 11674.5 -5.55556
285.96 40.8237 8939.83 -5.55556
285.96 40.8264 9958.81 -5.55556
285.96 40.8292 9669.67 -5.55556
285.96 40.8319 8314.43 -5.55556
285.96 40.8346 8899.44 -5.55556
285.96 40.8373 8581.27 -5.55556
285.96 40.84 11218.4 -5.55556
285.964 40.68 10674.2 -5.55556
285.964 40.6827 8968.91 -5.55556
285.964 40.6854 11312.6 -5.55556
285.964 40.6881 7749.35 -5.55556
285.964 40.6908 9721.54 -5.55556
285.964 40.6936 8791.86 -5.55556
285.964 40.6963 9132.81 -5.55556
285.964 40.699 8500.65 -5.55556
285.964 40.7017 10345.5 -5.55556
285.964 40.7044 9070.86 -5.55556
285.964 40.7071 9303.85 -5.55556
285.964 40.7098 10011.2 -5.55556
285.964 40.7125 10688.1 -5.55556
285.964 40.7153 10375.5 -5.55556
285.964 40.718 10985.4 -5.55556
285.964 40.7207 11564.4 -5.55556
285.964 40.7234 10144 -5.55556
285.964 40.7261 9054.32 -5.55556
285.964 40.7288 10034.7 -5.55556
285.964 40.7315 10192.3 -5.55556
285.964 40.7342 10703.1 -5.55556
285.964 40.7369 9124.01 -5.55556
285.964 40.7397 11511.4 -5.55556
285.964 40.7424 10973.2 -5.55556
285.964 40.7451 8166.27 -5.55556
285.964 40.7478 9778.64 -5.55556
285.964 40.7505 10257.2 -5.55556
285.964 40.7532 10890.9 -5.55556
285.964 40.7559 9417.45 -5.55556
285.964 40.7586 10215.9 -5.55556
285.964 40.7614 8051.39 -5.55556
285.964 40.7641 10025.1 -5.55556
285.964 40.7668 9960.38 -5.55556
285.964 40.7695 10406 -5.55556
285.964 40.7722 12163.7 -5.55556
285.964 40.7749 11616.1 -5.55556
285.964 40.7776 9042.83 -5.55556
285.964 40.7803 11486.6 -5.55556
285.964 40.7831 9384.43 -5.55556
285.964 40.7858 9801.36 -5.55556
285.964 40.7885 10666.6 -5.55556
285.964 40.7912 9684.14 -5.55556
285.964 40.7939 10762.5 -5.55556
285.964 40.7966 11182.1 -5.55556
285.964 40.7993 10052.7 -5.55556
285.964 40.802 9440.85 -5.55556
285.964 40.8047 9564.08 -5.55556
285.964 40.8075 9299.78 -5.55556
285.964 40.8102 10499.5 -5.55556
285.964 40.8129 10573.3 -5.55556
285.964 40.8156 8489.87 -5.55556
285.964 40.8183 11104.6 -5.55556
285.964 40.821 8539.89 -5.55556
285.964 40.8237 9629.78 -5.55556
285.964 40.8264 9939.05 -5.55556
285.964 40.8292 9945.79 -5.55556
285.964 40.8319 10480.8 -5.55556
285.964 40.8346 10071.8 -5.55556
285.964 40.8373 9822.79 -5.55556
285.964 40.84 10881.2 -5.55556
285.967 40.68 11303.9 -5.55556
285.967 40.6827 11232.7 -5.55556
285.967 40.6854 9681.28 -5.55556
285.967 40.6881 11205.1 -5.55556
285.967 40.6908 10516.2 -5.55556
285.967 40.6936 10085.6 -5.55556
285.967 40.6963 10698.8 -5.55556
285.967 40.699 9872 -5.55556
285.967 40.7017 11110.8 -5.55556
285.967 40.7044 12073.7 -5.55556
285.967 40.7071 10556.2 -5.55556
285.967 40.7098 9497.19 -5.55556
285.967 40.7125 9477.8 -5.55556
285.967 40.7153 8022.81 -5.55556
285.967 40.718 10355.6 -5.55556
285.967 40.7207 9683.59 -5.55556
285.967 40.7234 9635.76 -5.55556
285.967 40.7261 9621.37 -5.55556
285.967 40.7288 9995.4 -5.55556
285.967 40.7315 9605.99 -5.55556
285.967 40.7342 9902.99 -5.55556
285.967 40.7369 9012.36 -5.55556
285.967 40.7397 9528.11 -5.55556
285.967 40.7424 7983.74 -5.55556
285.967 40.7451 9297.29 -5.55556
285.967 40.7478 8615.73 -5.55556
285.967 40.7505 10416.1 -5.55556
285.967 40.7532 11665 -5.55556
285.967 40.7559 9654.21 -5.55556
285.967 40.7586 8589.46 -5.55556
285.967 40.7614 9446.83 -5.55556
285.967 40.7641 10116.9 -5.55556
285.967 40.7668 9957.99 -5.55556
285.967 40.7695 10922.5 -5.55556
285.967 40.7722 10802.2 -5.55556
285.967 40.7749 10289.8 -5.55556
285.967 40.7776 9221.85 -5.55556
285.967 40.7803 10606 -5.55556
285.967 40.7831 11368.2 -5.55556
285.967 40.7858 10828.6 -5.55556
285.967 40.7885 8038.03 -5.55556
285.967 40.7912 10083.8 -5.55556
285.967 40.7939 11510.2 -5.55556
285.967 40.7966 9196.75 -5.55556
285.967 40.7993 7921.29 -5.55556
285.967 40.802 11098.6 -5.55556
285.967 40.8047 9589.64 -5.55556
285.967 40.8075 12145 -5.55556
285.967 40.8102 10075.8 -5.55556
285.967 40.8129 9963.34 -5.55556
285.967 40.8156 9270.84 -5.55556
285.967 40.8183 10391.8 -5.55556
285.967 40.821 9592.27 -5.55556
285.967 40.8237 9990.87 -5.55556
285.967 40.8264 11026.7 -5.55556
285.967 40.8292 8838.77 -5.55556
285.967 40.8319 8467.41 -5.55556
285.967 40.8346 8751.38 -5.55556
285.967 40.8373 9953.71 -5.55556
285.967 40.84 10766.3 -5.55556
285.971 40.68 10756.2 -5.55556
285.971 40.6827 9469.32 -5.55556
285.971 40.6854 12721.6 -5.55556
285.971 40.6881 11368 -5.55556
285.971 40.6908 10621.7 -5.55556
285.971 40.6936 10268.2 -5.55556
285.971 40.6963 10167.1 -5.55556
285.971 40.699 10365.8 -5.55556
285.971 40.7017 10793.6 -5.55556
285.971 40.7044 9109.23 -5.55556
285.971 40.7071 10118.6 -5.55556
285.971 40.7098 10636.7 -5.55556
285.971 40.7125 9074.12 -5.55556
285.971 40.7153 12074.5 -5.55556
285.971 40.718 9800.24 -5.55556
285.971 40.7207 10347.3 -5.55556
285.971 40.7234 11086 -5.55556
285.971 40.7261 8936.84 -5.55556
285.971 40.7288 10544.3 -5.55556
285.971 40.7315 8703.21 -5.55556
285.971 40.7342 10702 -5.55556
285.971 40.7369 9469.33 -5.55556
285.971 40.7397 9438.02 -5.55556
285.971 40.7424 9361.04 -5.55556
285.971 40.7451 9402.73 -5.55556
285.971 40.7478 10091.4 -5.55556
285.971 40.7505 11039.7 -5.55556
285.971 40.7532 9503.5 -5.55556
285.971 40.7559 9007.11 -5.55556
285.971 40.7586 8880.81 -5.55556
285.971 40.7614 9709.21 -5.55556
285.971 40.7641 10117.6 -5.55556
285.971 40.7668 11871.7 -5.55556
285.971 40.7695 9387.8 -5.55556
285.971 40.7722 9308.97 -5.55556
285.971 40.7749 11089.5 -5.55556
285.971 40.7776 12675.6 -5.55556
285.971 40.7803 10410.6 -5.55556
285.971 40.7831 9079.39 -5.55556
285.971 40.7858 9974.34 -5.55556
285.971 40.7885 10585.7 -5.55556
285.971 40.7912 9726.44 -5.55556
285.971 40.7939 10477.3 -5.55556
285.971 40.7966 9397 -5.55556
285.971 40.7993 11127.1 -5.55556
285.971 40.802 10213.5 -5.55556
285.971 40.8047 8247.23 -5.55556
285.971 40.8075 9083.7 -5.55556
285.971 40.8102 9401.05 -5.55556
285.971 40.8129 11535.8 -5.55556
285.971 40.8156 11136.7 -5.55556
285.971 40.8183 10676.6 -5.55556
285.971 40.821 9607.75 -5.55556
285.971 40.8237 9539.69 -5.55556
285.971 40.8264 10510.3 -5.55556
285.971 40.8292 9790.02 -5.55556
285.971 40.8319 10451.4 -5.55556
285.971 40.8346 9308.32 -5.55556
285.971 40.8373 8730.2 -5.55556
285.971 40.84 8774.85 -5.55556
285.974 40.68 9695.33 -5.55556
285.974 40.6827 10120 -5.55556
285.974 40.6854 11681.3 -5.55556
285.974 40.6881 11287.8 -5.55556
285.974 40.6908 13046.2 -5.55556
285.974 40.6936 9829.03 -5.55556
285.974 40.6963 10554.3 -5.55556
285.974 40.699 8668.03 -5.55556
285.974 40.7017 12135.2 -5.55556
285.974 40.7044 8952.49 -5.55556
285.974 40.7071 8260.58 -5.55556
285.974 40.7098 9170.85 -5.55556
285.974 40.7125 8915.3 -5.55556
285.974 40.7153 8736.92 -5.55556
285.974 40.718 11656.5 -5.55556
285.974 40.7207 10918.7 -5.55556
285.974 40.7234 9249.43 -5.55556
285.974 40.7261 10883.2 -5.55556
285.974 40.7288 10533.7 -5.55556
285.974 40.7315 10614.1 -5.55556
285.974 40.7342 11374.7 -5.55556
285.974 40.7369 9479.9 -5.55556
285.974 40.7397 9894.57 -5.55556
285.974 40.7424 7662.95 -5.55556
285.974 40.7451 9856.7 -5.55556
285.974 40.7478 9793.05 -5.55556
285.974 40.7505 9006.85 -5.55556
285.974 40.7532 10712.5 -5.55556
285.974 40.7559 11798.7 -5.55556
285.974 40.7586 9652.53 -5.55556
285.974 40.7614 9466.17 -5.55556
285.974 40.7641 8404.09 -5.55556
285.974 40.7668 10367.3 -5.55556
285.974 40.7695 8550.86 -5.55556
285.974 40.7722 11132.6 -5.55556
285.974 40.7749 9669.14 -5.55556
285.974 40.7776 9988.55 -5.55556
285.974 40.7803 11768.7 -5.55556
285.974 40.7831 9180.69 -5.55556
285.974 40.7858 12170.6 -5.55556
285.974 40.7885 10506.4 -5.55556
285.974 40.7912 11049.8 -5.55556
285.974 40.7939 10157.5 -5.55556
285.974 40.7966 9410.21 -5.55556
285.974 40.7993 8591.25 -5.55556
285.974 40.802 9049.54 -5.55556
285.974 40.8047 11459.2 -5.55556
285.974 40.8075 9345.37 -5.55556
285.974 40.8102 11245.8 -5.55556
285.974 40.8129 10731.6 -5.55556
285.974 40.8156 11295.6 -5.55556
285.974 40.8183 10890.9 -5.55556
285.974 40.821 8986.12 -5.55556
285.974 40.8237 10661.7 -5.55556
285.974 40.8264 9694.32 -5.55556
285.974 40.8292 8697.3 -5.55556
285.974 40.8319 12162.1 -5.55556
285.974 40.8346 9917.97 -5.55556
285.974 40.8373 10632.6 -5.55556
285.974 40.84 11316.3 -5.55556
285.978 40.68 10654.6 -5.55556
285.978 40.6827 8760.55 -5.55556
285.978 40.6854 9517.74 -5.55556
285.978 40.6881 10544.6 -5.55556
285.978 40.6908 8384.89 -5.55556
285.978 40.6936 11888.6 -5.55556
285.978 40.6963 9432.82 -5.55556
285.978 40.699 9754.07 -5.55556
285.978 40.7017 10369.8 -5.55556
285.978 40.7044 9944.97 -5.55556
285.978 40.7071 9867.65 -5.55556
285.978 40.7098 9795.15 -5.55556
285.978 40.7125 9078.22 -5.55556
285.978 40.7153 9814.02 -5.55556
285.978 40.718 9401.75 -5.55556
285.978 40.7207 10893.6 -5.55556
285.978 40.7234 9399.33 -5.55556
285.978 40.7261 9801.25 -5.55556
285.978 40.7288 9524.04 -5.55556
285.978 40.7315 9086.46 -5.55556
285.978 40.7342 8706.3 -5.55556
285.978 40.7369 8552.51 -5.55556
285.978 40.7397 10294.2 -5.55556
285.978 40.7424 11176.9 -5.55556
285.978 40.7451 9137.29 -5.55556
285.978 40.7478 7794.13 -5.55556
285.978 40.7505 9393.35 -5.55556
285.978 40.7532 12279.8 -5.55556
285.978 40.7559 9425.39 -5.55556
285.978 40.7586 11070.8 -5.55556
285.978 40.7614 10776.6 -5.55556
285.978 40.7641 10109.9 -5.55556
285.978 40.7668 9635.99 -5.55556
285.978 40.7695 10742.5 -5.55556
285.978 40.7722 11060.3 -5.55556
285.978 40.7749 11037.6 -5.55556
285.978 40.7776 9009.59 -5.55556
285.978 40.7803 11159.5 -5.55556
285.978 40.7831 10583.8 -5.55556
285.978 40.7858 11331.1 -5.55556
285.978 40.7885 9389.47 -5.55556
285.978 40.7912 10484.1 -5.55556
285.978 40.7939 9164.45 -5.55556
285.978 40.7966 11256.8 -5.55556
285.978 40.7993 10205.4 -5.55556
285.978 40.802 8223.89 -5.55556
285.978 40.8047 10897.3 -5.55556
285.978 40.8075 11505.5 -5.55556
285.978 40.8102 8720.85 -5.55556
285.978 40.8129 10668.2 -5.55556
285.978 40.8156 8633.32 -5.55556
285.978 40.8183 8951.16 -5.55556
285.978 40.821 10448.7 -5.55556
285.978 40.8237 9170.27 -5.55556
285.978 40.8264 8369.03 -5.55556
285.978 40.8292 9531.1 -5.55556
285.978 40.8319 9151.86 -5.55556
285.978 40.8346 8954.24 -5.55556
285.978 40.8373 10462.2 -5.55556
285.978 40.84 8656.38 -5.55556
285.981 40.68 9459.72 -5.55556
285.981 40.6827 10399.3 -5.55556
285.981 40.6854 8973.46 -5.55556
285.981 40.6881 9675.37 -5.55556
285.981 40.6908 10297.9 -5.55556
285.981 40.6936 10931 -5.55556
285.981 40.6963 10037.5 -5.55556
285.981 40.699 9619.62 -5.55556
285.981 40.7017 9874.53 -5.55556
285.981 40.7044 9663.47 -5.55556
285.981 40.7071 10101 -5.55556
285.981 40.7098 10331.8 -5.55556
285.981 40.7125 10087.2 -5.55556
285.981 40.7153 10873.4 -5.55556
285.981 40.718 10579.9 -5.55556
285.981 40.7207 10578.1 -5.55556
285.981 40.7234 10798.3 -5.55556
285.981 40.7261 9356.95 -5.55556
285.981 40.7288 9767.39 -5.55556
285.981 40.7315 10134.5 -5.55556
285.981 40.7342 9370.66 -5.55556
285.981 40.7369 10389.2 -5.55556
285.981 40.7397 10998 -5.55556
285.981 40.7424 10977.9 -5.55556
285.981 40.7451 10783.7 -5.55556
285.981 40.7478 9456.59 -5.55556
285.981 40.7505 10255.1 -5.55556
285.981 40.7532 10307.5 -5.55556
285.981 40.7559 8775.05 -5.55556
285.981 40.7586 10043.7 -5.55556
285.981 40.7614 12047.7 -5.55556
285.981 40.7641 9510.71 -5.55556
285.981 40.7668 9575.73 -5.55556
285.981 40.7695 8326.03 -5.55556
285.981 40.7722 10194.8 -5.55556
285.981 40.7749 10898.2 -5.55556
285.981 40.7776 9422.13 -5.55556
285.981 40.7803 10755.6 -5.55556
285.981 40.7831 10492.6 -5.55556
285.981 40.7858 9305.79 -5.55556
285.981 40.7885 10017.7 -5.55556
285.981 40.7912 10569.8 -5.55556
285.981 40.7939 8750.29 -5.55556
285.981 40.7966 9806.68 -5.55556
285.981 40.7993 8435.26 -5.55556
285.981 40.802 9866.62 -5.55556
285.981 40.8047 10036.6 -5.55556
285.981 40.8075 12136.6 -5.55556
285.981 40.8102 7295.71 -5.55556
285.981 40.8129 10287.7 -5.55556
285.981 40.8156 9292.49 -5.55556
285.981 40.8183 9389.47 -5.55556
285.981 40.821 11479.2 -5.55556
285.981 40.8237 9300.99 -5.55556
285.981 40.8264 10761 -5.55556
285.981 40.8292 10235.3 -5.55556
285.981 40.8319 11646.3 -5.55556
285.981 40.8346 8685.46 -5.55556
285.981 40.8373 11368.6 -5.55556
285.981 40.84 11085.4 -5.55556
285.985 40.68 9832.04 -5.55556
285.985 40.6827 9663.32 -5.55556
285.985 40.6854 11600.5 -5.55556
285.985 40.6881 10354.9 -5.55556
285.985 40.6908 10189 -5.55556
285.985 40.6936 10211.3 -5.55556
285.985 40.6963 10786 -5.55556
285.985 40.699 12016.3 -5.55556
285.985 40.7017 9952.84 -5.55556
285.985 40.7044 9932.67 -5.55556
285.985 40.7071 10922.5 -5.55556
285.985 40.7098 9730.19 -5.55556
285.985 40.7125 10633.1 -5.55556
285.985 40.7153 10283.4 -5.55556
285.985 40.718 9979.13 -5.55556
285.985 40.7207 8344.61 -5.55556
285.985 40.7234 9973.37 -5.55556
285.985 40.7261 9966.81 -5.55556
285.985 40.7288 9127.52 -5.55556
285.985 40.7315 10174.7 -5.55556
285.985 40.7342 10678.6 -5.55556
285.985 40.7369 9495.36 -5.55556
285.985 40.7397 10226.5 -5.55556
285.985 40.7424 10188.9 -5.55556
285.985 40.7451 10805.3 -5.55556
285.985 40.7478 9975.46 -5.55556
285.985 40.7505 9881.35 -5.55556
285.985 40.7532 11152.6 -5.55556
285.985 40.7559 10473.8 -5.55556
285.985 40.7586 8106.81 -5.55556
285.985 40.7614 9818.17 -5.55556
285.985 40.7641 11405.3 -5.55556
285.985 40.7668 9247.29 -5.55556
285.985 40.7695 10430.4 -5.55556
285.985 40.7722 11681.3 -5.55556
285.985 40.7749 9555.89 -5.55556
285.985 40.7776 11594.5 -5.55556
285.985 40.7803 10446.8 -5.55556
285.985 40.7831 8941.22 -5.55556
285.985 40.7858 9534.1 -5.55556
285.985 40.7885 9515.98 -5.55556
285.985 40.7912 12003.2 -5.55556
285.985 40.7939 9849.37 -5.55556
285.985 40.7966 10734 -5.55556
285.985 40.7993 9229.96 -5.55556
285.985 40.802 9912.51 -5.55556
285.985 40.8047 11129 -5.55556
285.985 40.8075 9994.71 -5.55556
285.985 40.8102 10822.8 -5.55556
285.985 40.8129 11172.1 -5.55556
285.985 40.8156 11005.5 -5.55556
285.985 40.8183 11223.5 -5.55556
285.985 40.821 10766.5 -5.55556
285.985 40.8237 11624.2 -5.55556
285.985 40.8264 9801.62 -5.55556
285.985 40.8292 10187.2 -5.55556
285.985 40.8319 8742.1 -5.55556
285.985 40.8346 11478.6 -5.55556
285.985 40.8373 9790.84 -5.55556
285.985 40.84 9902.54 -5.55556
285.988 40.68 9328.27 -5.55556
285.988 40.6827 10476.3 -5.55556
285.988 40.6854 10521.6 -5.55556
285.988 40.6881 9369.69 -5.55556
285.988 40.6908 9427.15 -5.55556
285.988 40.6936 9951.89 -5.55556
285.988 40.6963 7829.56 -5.55556
285.988 40.699 10017.5 -5.55556
285.988 40.7017 10019.9 -5.55556
285.988 40.7044 12390.3 -5.55556
285.988 40.7071 10828.6 -5.55556
285.988 40.7098 9485.24 -5.55556
285.988 40.7125 8224.15 -5.55556
285.988 40.7153 9823.81 -5.55556
285.988 40.718 10664.9 -5.55556
285.988 40.7207 10157.3 -5.55556
285.988 40.7234 11592.3 -5.55556
285.988 40.7261 9663.23 -5.55556
285.988 40.7288 8888.88 -5.55556
285.988 40.7315 9910.35 -5.55556
285.988 40.7342 10113.6 -5.55556
285.988 40.7369 9077.7 -5.55556
285.988 40.7397 8190.89 -5.55556
285.988 40.7424 7095.67 -5.55556
285.988 40.7451 12274.3 -5.55556
285.988 40.7478 10977.3 -5.55556
285.988 40.7505 9385.76 -5.55556
285.988 40.7532 8526.25 -5.55556
285.988 40.7559 10767.9 -5.55556
285.988 40.7586 9122.32 -5.55556
285.988 40.7614 10787.4 -5.55556
285.988 40.7641 9949.69 -5.55556
285.988 40.7668 9875.98 -5.55556
285.988 40.7695 9905.5 -5.55556
285.988 40.7722 10039.7 -5.55556
285.988 40.7749 9031.59 -5.55556
285.988 40.7776 10264.5 -5.55556
285.988 40.7803 9257.86 -5.55556
285.988 40.7831 10487.3 -5.55556
285.988 40.7858 9836.61 -5.55556
285.988 40.7885 10119.9 -5.55556
285.988 40.7912 10962.9 -5.55556
285.988 40.7939 8414.63 -5.55556
285.988 40.7966 10342.3 -5.55556
285.988 40.7993 11709.6 -5.55556
285.988 40.802 10383.7 -5.55556
285.988 40.8047 9476.72 -5.55556
285.988 40.8075 7992.64 -5.55556
285.988 40.8102 11377.9 -5.55556
285.988 40.8129 11622.7 -5.55556
285.988 40.8156 9487.97 -5.55556
285.988 40.8183 9853.27 -5.55556
285.988 40.821 9433.02 -5.55556
285.988 40.8237 8447.06 -5.55556
285.988 40.8264 9726.78 -5.55556
285.988 40.8292 8735.65 -5.55556
285.988 40.8319 9119.25 -5.55556
285.988 40.8346 11125.3 -5.55556
285.988 40.8373 10647.9 -5.55556
285.988 40.84 11244.3 -5.55556
285.992 40.68 9809.04 -5.55556
285.992 40.6827 9763.97 -5.55556
285.992 40.6854 11222.2 -5.55556
285.992 40.6881 9457.77 -5.55556
285.992 40.6908 7383.39 -5.55556
285.992 40.6936 9443.64 -5.55556
285.992 40.6963 9473.18 -5.55556
285.992 40.699 11006 -5.55556
285.992 40.7017 12131.6 -5.55556
285.992 40.7044 9060.27 -5.55556
285.992 40.7071 8983.99 -5.55556
285.992 40.7098 10034.9 -5.55556
285.992 40.7125 10056.3 -5.55556
285.992 40.7153 11711.8 -5.55556
285.992 40.718 9047.84 -5.55556
285.992 40.7207 10329.4 -5.55556
285.992 40.7234 10180.8 -5.55556
285.992 40.7261 11199.5 -5.55556
285.992 40.7288 10404.1 -5.55556
285.992 40.7315 10073.3 -5.55556
285.992 40.7342 10440.3 -5.55556
285.992 40.7369 10294.6 -5.55556
285.992 40.7397 9032.18 -5.55556
285.992 40.7424 11563.2 -5.55556
285.992 40.7451 8482.88 -5.55556
285.992 40.7478 10112.6 -5.55556
285.992 40.7505 11089.9 -5.55556
285.992 40.7532 11661.1 -5.55556
285.992 40.7559 8845.68 -5.55556
285.992 40.7586 8921.48 -5.55556
285.992 40.7614 10330.5 -5.55556
285.992 40.7641 8441.65 -5.55556
285.992 40.7668 10115 -5.55556
285.992 40.7695 10552.1 -5.55556
285.992 40.7722 9150.64 -5.55556
285.992 40.7749 10801 -5.55556
285.992 40.7776 12089.7 -5.55556
285.992 40.7803 9296.97 -5.55556
285.992 40.7831 10349.5 -5.55556
285.992 40.7858 9547.8 -5.55556
285.992 40.7885 11991.1 -5.55556
285.992 40.7912 9488.56 -5.55556
285.992 40.7939 9812.4 -5.55556
285.992 40.7966 8773.18 -5.55556
285.992 40.7993 10483.6 -5.55556
285.992 40.802 8810.03 -5.55556
285.992 40.8047 10244.8 -5.55556
285.992 40.8075 11132.8 -5.55556
285.992 40.8102 11558.8 -5.55556
285.992 40.8129 7969.09 -5.55556
285.992 40.8156 9336.74 -5.55556
285.992 40.8183 9850.09 -5.55556
285.992 40.821 11250.3 -5.55556
285.992 40.8237 10243.7 -5.55556
285.992 40.8264 11308.1 -5.55556
285.992 40.8292 9394.97 -5.55556
285.992 40.8319 12121.2 -5.55556
285.992 40.8346 8595.3 -5.55556
285.992 40.8373 11090.6 -5.55556
285.992 40.84 10457.7 -5.55556
285.995 40.68 10674 -5.55556
285.995 40.6827 9911.79 -5.55556
285.995 40.6854 9942.02 -5.55556
285.995 40.6881 10387.6 -5.55556
285.995 40.6908 9662.81 -5.55556
285.995 40.6936 8211.6 -5.55556
285.995 40.6963 9254.86 -5.55556
285.995 40.699 9172.52 -5.55556
285.995 40.7017 10095.8 -5.55556
285.995 40.7044 9454.03 -5.55556
285.995 40.7071 10035.8 -5.55556
285.995 40.7098 8971.26 -5.55556
285.995 40.7125 10129.9 -5.55556
285.995 40.7153 11809 -5.55556
285.995 40.718 9714.38 -5.55556
285.995 40.7207 10464.1 -5.55556
285.995 40.7234 11100.1 -5.55556
285.995 40.7261 9734.24 -5.55556
285.995 40.7288 10683.4 -5.55556
285.995 40.7315 10882.4 -5.55556
285.995 40.7342 9272.5 -5.55556
285.995 40.7369 9700.51 -5.55556
285.995 40.7397 10343.8 -5.55556
285.995 40.7424 10205.9 -5.55556
285.995 40.7451 9749.36 -5.55556
285.995 40.7478 8269.66 -5.55556
285.995 40.7505 7323.22 -5.55556
285.995 40.7532 6823.57 -5.55556
285.995 40.7559 10766.5 -5.55556
285.995 40.7586 11250 -5.55556
285.995 40.7614 10242.3 -5.55556
285.995 40.7641 9603.18 -5.55556
285.995 40.7668 10039.9 -5.55556
285.995 40.7695 10008.8 -5.55556
285.995 40.7722 11619.5 -5.55556
285.995 40.7749 8944.48 -5.55556
285.995 40.7776 8386.32 -5.55556
285.995 40.7803 10509 -5.55556
285.995 40.7831 10654.6 -5.55556
285.995 40.7858 10825.9 -5.55556
285.995 40.7885 10431.2 -5.55556
285.995 40.7912 8223.66 -5.55556
285.995 40.7939 8649.11 -5.55556
285.995 40.7966 9422.71 -5.55556
285.995 40.7993 9215.78 -5.55556
285.995 40.802 8905.12 -5.55556
285.995 40.8047 8215.76 -5.55556
285.995 40.8075 10485.7 -5.55556
285.995 40.8102 11797.5 -5.55556
285.995 40.8129 11141.1 -5.55556
285.995 40.8156 11078.4 -5.55556
285.995 40.8183 9208.54 -5.55556
285.995 40.821 10343.9 -5.55556
285.995 40.8237 11518.5 -5.55556
285.995 40.8264 9923.58 -5.55556
285.995 40.8292 10579.2 -5.55556
285.995 40.8319 10051.3 -5.55556
285.995 40.8346 10573.6 -5.55556
285.995 40.8373 10373.1 -5.55556
285.995 40.84 8847.22 -5.55556
285.999 40.68 8488.87 -5.55556
285.999 40.6827 9028.24 -5.55556
285.999 40.6854 9457.17 -5.55556
285.999 40.6881 10094.4 -5.55556
285.999 40.6908 8888.32 -5.55556
285.999 40.6936 8278.11 -5.55556
285.999 40.6963 10081.5 -5.55556
285.999 40.699 11549.7 -5.55556
285.999 40.7017 9605.54 -5.55556
285.999 40.7044 9216.24 -5.55556
285.999 40.7071 10044.4 -5.55556
285.999 40.7098 9822.75 -5.55556
285.999 40.7125 11342.6 -5.55556
285.999 40.7153 9872.64 -5.55556
285.999 40.718 10099.8 -5.55556
285.999 40.7207 10302.3 -5.55556
285.999 40.7234 9755.32 -5.55556
285.999 40.7261 8974.56 -5.55556
285.999 40.7288 9494 -5.55556
285.999 40.7315 8359.68 -5.55556
285.999 40.7342 10102.4 -5.55556
285.999 40.7369 10046 -5.55556
285.999 40.7397 10335.4 -5.55556
285.999 40.7424 11733.3 -5.55556
285.999 40.7451 9663.49 -5.55556
285.999 40.7478 10831.8 -5.55556
285.999 40.7505 11003.4 -5.55556
285.999 40.7532 10357 -5.55556
285.999 40.7559 9355.55 -5.55556
285.999 40.7586 9464.17 -5.55556
285.999 40.7614 11959 -5.55556
285.999 40.7641 9081.51 -5.55556
285.999 40.7668 8155.71 -5.55556
285.999 40.7695 9962.37 -5.55556
285.999 40.7722 9018.55 -5.55556
285.999 40.7749 8743.82 -5.55556
285.999 40.7776 11831.4 -5.55556
285.999 40.7803 10786.3 -5.55556
285.999 40.7831 9950.87 -5.55556
285.999 40.7858 11260 -5.55556
285.999 40.7885 11513.7 -5.55556
285.999 40.7912 9877.54 -5.55556
285.999 40.7939 11714.6 -5.55556
285.999 40.7966 9998.4 -5.55556
285.999 40.7993 9423.32 -5.55556
285.999 40.802 9251.42 -5.55556
285.999 40.8047 9339.17 -5.55556
285.999 40.8075 9874.57 -5.55556
285.999 40.8102 9254.86 -5.55556
285.999 40.8129 7961.99 -5.55556
285.999 40.8156 10423 -5.55556
285.999 40.8183 8227.59 -5.55556
285.999 40.821 9983.83 -5.55556
285.999 40.8237 9757.56 -5.55556
285.999 40.8264 8586.04 -5.55556
285.999 40.8292 12281 -5.55556
285.999 40.8319 10095.5 -5.55556
285.999 40.8346 9832.03 -5.55556
285.999 40.8373 9584.66 -5.55556
285.999 40.84 9449.99 -5.55556
286.002 40.68 8525.85 -5.55556
286.002 40.6827 9396.55 -5.55556
286.002 40.6854 11042.8 -5.55556
286.002 40.6881 9261.13 -5.55556
286.002 40.6908 8529.06 -5.55556
286.002 40.6936 10775.9 -5.55556
286.002 40.6963 9944.58 -5.55556
286.002 40.699 8406.49 -5.55556
286.002 40.7017 10122.1 -5.55556
286.002 40.7044 10893.2 -5.55556
286.002 40.7071 8875.29 -5.55556
286.002 40.7098 9702.87 -5.55556
286.002 40.7125 10558.6 -5.55556
286.002 40.7153 10524.8 -5.55556
286.002 40.718 10777.8 -5.55556
286.002 40.7207 9692.99 -5.55556
286.002 40.7234 11093.2 -5.55556
286.002 40.7261 12960.1 -5.55556
286.002 40.7288 9957.24 -5.55556
286.002 40.7315 9851.55 -5.55556
286.002 40.7342 9459.88 -5.55556
286.002 40.7369 8062.83 -5.55556
286.002 40.7397 8556.99 -5.55556
286.002 40.7424 8835.63 -5.55556
286.002 40.7451 9897.41 -5.55556
286.002 40.7478 11960.5 -5.55556
286.002 40.7505 9922.4 -5.55556
286.002 40.7532 10644.5 -5.55556
286.002 40.7559 9354.26 -5.55556
286.002 40.7586 9797.81 -5.55556
286.002 40.7614 9183.93 -5.55556
286.002 40.7641 9546.58 -5.55556
286.002 40.7668 10230.9 -5.55556
286.002 40.7695 10699.3 -5.55556
286.002 40.7722 9590.73 -5.55556
286.002 40.7749 9634.98 -5.55556
286.002 40.7776 10333.5 -5.55556
286.002 40.7803 9774.02 -5.55556
286.002 40.7831 9065.44 -5.55556
286.002 40.7858 11476.9 -5.55556
286.002 40.7885 10519.8 -5.55556
286.002 40.7912 11797.6 -5.55556
286.002 40.7939 10102.1 -5.55556
286.002 40.7966 8560.4 -5.55556
286.002 40.7993 7516.34 -5.55556
286.002 40.802 12044 -5.55556
286.002 40.8047 9857.09 -5.55556
286.002 40.8075 9415.16 -5.55556
286.002 40.8102 12321.5 -5.55556
286.002 40.8129 10376 -5.55556
286.002 40.8156 9259.39 -5.55556
286.002 40.8183 10851.6 -5.55556
286.002 40.821 9955.96 -5.55556
286.002 40.8237 10647.6 -5.55556
286.002 40.8264 10899.1 -5.55556
286.002 40.8292 9133.97 -5.55556
286.002 40.8319 10706.3 -5.55556
286.002 40.8346 10246.6 -5.55556
286.002 40.8373 9450.54 -5.55556
286.002 40.84 7807.65 -5.55556
286.006 40.68 10557.8 -5.55556
286.006 40.6827 10648 -5.55556
286.006 40.6854 10234.3 -5.55556
286.006 40.6881 10970.5 -5.55556
286.006 40.6908 10583.4 -5.55556
286.006 40.6936 10903.2 -5.55556
286.006 40.6963 9913.39 -5.55556
286.006 40.699 7449.21 -5.55556
286.006 40.7017 11513.9 -5.55556
286.006 40.7044 10228.3 -5.55556
286.006 40.7071 10211.8 -5.55556
286.006 40.7098 9036.1 -5.55556
286.006 40.7125 10436.7 -5.55556
286.006 40.7153 9009.11 -5.55556
286.006 40.718 11657.3 -5.55556
286.006 40.7207 11919.6 -5.55556
286.006 40.7234 8301.27 -5.55556
286.006 40.7261 9917.32 -5.55556
286.006 40.7288 10328 -5.55556
286.006 40.7315 11960.3 -5.55556
286.006 40.7342 9970.84 -5.55556
286.006 40.7369 11650.9 -5.55556
286.006 40.7397 8475.91 -5.55556
286.006 40.7424 9648.59 -5.55556
286.006 40.7451 11282.7 -5.55556
286.006 40.7478 10261.2 -5.55556
286.006 40.7505 10738.4 -5.55556
286.006 40.7532 11699 -5.55556
286.006 40.7559 10453.3 -5.55556
286.006 40.7586 10768.1 -5.55556
286.006 40.7614 10826.7 -5.55556
286.006 40.7641 11115.1 -5.55556
286.006 40.7668 9971 -5.55556
286.006 40.7695 9868.09 -5.55556
286.006 40.7722 8745.3 -5.55556
286.006 40.7749 10937 -5.55556
286.006 40.7776 10732.4 -5.55556
286.006 40.7803 9687.6 -5.55556
286.006 40.7831 9708.36 -5.55556
286.006 40.7858 8824.09 -5.55556
286.006 40.7885 10061.3 -5.55556
286.006 40.7912 10229.8 -5.55556
286.006 40.7939 9768.7 -5.55556
286.006 40.7966 11935 -5.55556
286.006 40.7993 9339.37 -5.55556
286.006 40.802 10030.9 -5.55556
286.006 40.8047 9482.81 -5.55556
286.006 40.8075 10152.4 -5.55556
286.006 40.8102 9272.07 -5.55556
286.006 40.8129 10282.6 -5.55556
286.006 40.8156 11697.1 -5.55556
286.006 40.8183 9245.97 -5.55556
286.006 40.821 10834.3 -5.55556
286.006 40.8237 9244.49 -5.55556
286.006 40.8264 9261.2 -5.55556
286.006 40.8292 10096 -5.55556
286.006 40.8319 10472.1 -5.55556
286.006 40.8346 11443.5 -5.55556
286.006 40.8373 9695.64 -5.55556
286.006 40.84 9764.12 -5.55556
286.009 40.68 9986.93 -5.55556
286.009 40.6827 9551.72 -5.55556
286.009 40.6854 10128 -5.55556
286.009 40.6881 10025.6 -5.55556
286.009 40.6908 10431.2 -5.55556
286.009 40.6936 9990.24 -5.55556
286.009 40.6963 10372.6 -5.55556
286.009 40.699 9268.44 -5.55556
286.009 40.7017 10588.8 -5.55556
286.009 40.7044 9023.02 -5.55556
286.009 40.7071 12272.9 -5.55556
286.009 40.7098 6792.76 -5.55556
286.009 40.7125 8315.67 -5.55556
286.009 40.7153 10336.2 -5.55556
286.009 40.718 10638.5 -5.55556
286.009 40.7207 10764.7 -5.55556
286.009 40.7234 10461.8 -5.55556
286.009 40.7261 9449.33 -5.55556
286.009 40.7288 9155.54 -5.55556
286.009 40.7315 7301 -5.55556
286.009 40.7342 10866.4 -5.55556
286.009 40.7369 10546.1 -5.55556
286.009 40.7397 9819.5 -5.55556
286.009 40.7424 10616.2 -5.55556
286.009 40.7451 10604.7 -5.55556
286.009 40.7478 9927.92 -5.55556
286.009 40.7505 10057.1 -5.55556
286.009 40.7532 9372.83 -5.55556
286.009 40.7559 9860.7 -5.55556
286.009 40.7586 9895.32 -5.55556
286.009 40.7614 8650.88 -5.55556
286.009 40.7641 9174.05 -5.55556
286.009 40.7668 10978.3 -5.55556
286.009 40.7695 10015.9 -5.55556
286.009 40.7722 11737 -5.55556
286.009 40.7749 9053.11 -5.55556
286.009 40.7776 10194.7 -5.55556
286.009 40.7803 10659.4 -5.55556
286.009 40.7831 10858.5 -5.55556
286.009 40.7858 9029.22 -5.55556
286.009 40.7885 10159.4 -5.55556
286.009 40.7912 10105.2 -5.55556
286.009 40.7939 10198.5 -5.55556
286.009 40.7966 8441.63 -5.55556
286.009 40.7993 8668.8 -5.55556
286.009 40.802 9600.83 -5.55556
286.009 40.8047 10318.6 -5.55556
286.009 40.8075 10986.7 -5.55556
286.009 40.8102 9751.2 -5.55556
286.009 40.8129 9083.98 -5.55556
286.009 40.8156 10175 -5.55556
286.009 40.8183 9165.18 -5.55556
286.009 40.821 9811.94 -5.55556
286.009 40.8237 10967 -5.55556
286.009 40.8264 9821.87 -5.55556
286.009 40.8292 10204.5 -5.55556
286.009 40.8319 10973.7 -5.55556
286.009 40.8346 11083.5 -5.55556
286.009 40.8373 10127.3 -5.55556
286.009 40.84 11093.6 -5.55556
286.013 40.68 9973.17 -5.55556
286.013 40.6827 8573.53 -5.55556
286.013 40.6854 11738.4 -5.55556
286.013 40.6881 10027 -5.55556
286.013 40.6908 9838.55 -5.55556
286.013 40.6936 9524.28 -5.55556
286.013 40.6963 11781 -5.55556
286.013 40.699 10740.8 -5.55556
286.013 40.7017 9236.57 -5.55556
286.013 40.7044 9697.07 -5.55556
286.013 40.7071 8910.5 -5.55556
286.013 40.7098 10701.5 -5.55556
286.013 40.7125 10882.8 -5.55556
286.013 40.7153 9752.64 -5.55556
286.013 40.718 9339.7 -5.55556
286.013 40.7207 10869.6 -5.55556
286.013 40.7234 11310.7 -5.55556
286.013 40.7261 10202.4 -5.55556
286.013 40.7288 12064.6 -5.55556
286.013 40.7315 10783.6 -5.55556
286.013 40.7342 9524.65 -5.55556
286.013 40.7369 10600.2 -5.55556
286.013 40.7397 8389.55 -5.55556
286.013 40.7424 9740.94 -5.55556
286.013 40.7451 10676.9 -5.55556
286.013 40.7478 9788.46 -5.55556
286.013 40.7505 9228.82 -5.55556
286.013 40.7532 10717.6 -5.55556
286.013 40.7559 8057.25 -5.55556
286.013 40.7586 9865.92 -5.55556
286.013 40.7614 8828.67 -5.55556
286.013 40.7641 9543.57 -5.55556
286.013 40.7668 11328.1 -5.55556
286.013 40.7695 9341.11 -5.55556
286.013 40.7722 10426.8 -5.55556
286.013 40.7749 8458.77 -5.55556
286.013 40.7776 9795.21 -5.55556
286.013 40.7803 10969.7 -5.55556
286.013 40.7831 10322.9 -5.55556
286.013 40.7858 9584.19 -5.55556
286.013 40.7885 10424 -5.55556
286.013 40.7912 10927.3 -5.55556
286.013 40.7939 9302.95 -5.55556
286.013 40.7966 8106.55 -5.55556
286.013 40.7993 9043.56 -5.55556
286.013 40.802 8960.44 -5.55556
286.013 40.8047 11948.7 -5.55556
286.013 40.8075 10479.9 -5.55556
286.013 40.8102 11469.8 -5.55556
286.013 40.8129 11324.6 -5.55556
286.013 40.8156 8850.47 -5.55556
286.013 40.8183 8883.75 -5.55556
286.013 40.821 7976.92 -5.55556
286.013 40.8237 9574.51 -5.55556
286.013 40.8264 10997.8 -5.55556
286.013 40.8292 9809.51 -5.55556
286.013 40.8319 9498.61 -5.55556
286.013 40.8346 10078 -5.55556
286.013 40.8373 11703.1 -5.55556
286.013 40.84 8664.58 -5.55556
286.016 40.68 9226.96 -5.55556
286.016 40.6827 8704.45 -5.55556
286.016 40.6854 10080.1 -5.55556
286.016 40.6881 10641.7 -5.55556
286.016 40.6908 8362.31 -5.55556
286.016 40.6936 10058.3 -5.55556
286.016 40.6963 11490.4 -5.55556
286.016 40.699 12034.7 -5.55556
286.016 40.7017 9715.86 -5.55556
286.016 40.7044 10314.2 -5.55556
286.016 40.7071 8642.96 -5.55556
286.016 40.7098 10785.5 -5.55556
286.016 40.7125 8875.28 -5.55556
286.016 40.7153 10542.6 -5.55556
286.016 40.718 10292.3 -5.55556
286.016 40.7207 7307.98 -5.55556
286.016 40.7234 11273.2 -5.55556
286.016 40.7261 12300.2 -5.55556
286.016 40.7288 8820.2 -5.55556
286.016 40.7315 9824.09 -5.55556
286.016 40.7342 10399.1 -5.55556
286.016 40.7369 10317 -5.55556
286.016 40.7397 9699.14 -5.55556
286.016 40.7424 11016.7 -5.55556
286.016 40.7451 10388.2 -5.55556
286.016 40.7478 9269.46 -5.55556
286.016 40.7505 10691.4 -5.55556
286.016 40.7532 10664.2 -5.55556
286.016 40.7559 10861.2 -5.55556
286.016 40.7586 12219.2 -5.55556
286.016 40.7614 9724.36 -5.55556
286.016 40.7641 10869.7 -5.55556
286.016 40.7668 9205.72 -5.55556
286.016 40.7695 9947.57 -5.55556
286.016 40.7722 9203.42 -5.55556
286.016 40.7749 10386.9 -5.55556
286.016 40.7776 10230.9 -5.55556
286.016 40.7803 9539.66 -5.55556
286.016 40.7831 10517 -5.55556
286.016 40.7858 8772.67 -5.55556
286.016 40.7885 10206.4 -5.55556
286.016 40.7912 8470.73 -5.55556
286.016 40.7939 10099.1 -5.55556
286.016 40.7966 9106.72 -5.55556
286.016 40.7993 9545.39 -5.55556
286.016 40.802 11368.5 -5.55556
286.016 40.8047 10058.1 -5.55556
286.016 40.8075 12072.8 -5.55556
286.016 40.8102 9938.05 -5.55556
286.016 40.8129 11270 -5.55556
286.016 40.8156 10280.9 -5.55556
286.016 40.8183 7453.57 -5.55556
286.016 40.821 10195.8 -5.55556
286.016 40.8237 9220.47 -5.55556
286.016 40.8264 10098.3 -5.55556
286.016 40.8292 8799.63 -5.55556
286.016 40.8319 10860.6 -5.55556
286.016 40.8346 11481.5 -5.55556
286.016 40.8373 10509.5 -5.55556
286.016 40.84 10924.7 -5.55556
286.02 40.68 9364.75 -5.55556
286.02 40.6827 11393.6 -5.55556
286.02 40.6854 8854.43 -5.55556
286.02 40.6881 9870.84 -5.55556
286.02 40.6908 11434.2 -5.55556
286.02 40.6936 10447.4 -5.55556
286.02 40.6963 9383.9 -5.55556
286.02 40.699 8956.04 -5.55556
286.02 40.7017 10873.4 -5.55556
286.02 40.7044 10015.4 -5.55556
286.02 40.7071 8867.48 -5.55556
286.02 40.7098 8792.36 -5.55556
286.02 40.7125 8738.2 -5.55556
286.02 40.7153 9913.04 -5.55556
286.02 40.718 10562.4 -5.55556
286.02 40.7207 9862.01 -5.55556
286.02 40.7234 8898.93 -5.55556
286.02 40.7261 11001.2 -5.55556
286.02 40.7288 12506.2 -5.55556
286.02 40.7315 9990.11 -5.55556
286.02 40.7342 9136.97 -5.55556
286.02 40.7369 9599.62 -5.55556
286.02 40.7397 10396.1 -5.55556
286.02 40.7424 9377.7 -5.55556
286.02 40.7451 10864 -5.55556
286.02 40.7478 10505 -5.55556
286.02 40.7505 11092 -5.55556
286.02 40.7532 10615.6 -5.55556
286.02 40.7559 10498.2 -5.55556
286.02 40.7586 10222.7 -5.55556
286.02 40.7614 9112.46 -5.55556
286.02 40.7641 10414.3 -5.55556
286.02 40.7668 8866.82 -5.55556
286.02 40.7695 11246.4 -5.55556
286.02 40.7722 9218.46 -5.55556
286.02 40.7749 9888.41 -5.55556
286.02 40.7776 8897.03 -5.55556
286.02 40.7803 11527.5 -5.55556
286.02 40.7831 10781 -5.55556
286.02 40.7858 9179.22 -5.55556
286.02 40.7885 10265.1 -5.55556
286.02 40.7912 9147.62 -5.55556
286.02 40.7939 10116.7 -5.55556
286.02 40.7966 8152.92 -5.55556
286.02 40.7993 8703.38 -5.55556
286.02 40.802 10658 -5.55556
286.02 40.8047 8804.44 -5.55556
286.02 40.8075 9382.54 -5.55556
286.02 40.8102 9229.13 -5.55556
286.02 40.8129 9507.5 -5.55556
286.02 40.8156 9063.61 -5.55556
286.02 40.8183 10551 -5.55556
286.02 40.821 9781.2 -5.55556
286.02 40.8237 12201.1 -5.55556
286.02 40.8264 10395.2 -5.55556
286.02 40.8292 10678.5 -5.55556
286.02 40.8319 10180.8 -5.55556
286.02 40.8346 11815 -5.55556
286.02 40.8373 9535.88 -5.55556
286.02 40.84 9554.29 -5.55556
286.024 40.68 11047.4 -5.55556
286.024 40.6827 8022.13 -5.55556
286.024 40.6854 9187.42 -5.55556
286.024 40.6881 10541.2 -5.55556
286.024 40.6908 9193.26 -5.55556
286.024 40.6936 9653.93 -5.55556
286.024 40.6963 10303.8 -5.55556
286.024 40.699 10325.4 -5.55556
286.024 40.7017 11917.7 -5.55556
286.024 40.7044 8761.64 -5.55556
286.024 40.7071 9949.73 -5.55556
286.024 40.7098 9338.8 -5.55556
286.024 40.7125 9894 -5.55556
286.024 40.7153 10003.5 -5.55556
286.024 40.718 9337.83 -5.55556
286.024 40.7207 10060 -5.55556
286.024 40.7234 11492.1 -5.55556
286.024 40.7261 9174.28 -5.55556
286.024 40.7288 10701.9 -5.55556
286.024 40.7315 9906.74 -5.55556
286.024 40.7342 9132.07 -5.55556
286.024 40.7369 10134.9 -5.55556
286.024 40.7397 10592.5 -5.55556
286.024 40.7424 11287.6 -5.55556
286.024 40.7451 8347.74 -5.55556
286.024 40.7478 8483.7 -5.55556
286.024 40.7505 9167.03 -5.55556
286.024 40.7532 9992.29 -5.55556
286.024 40.7559 11236.7 -5.55556
286.024 40.7586 11146.2 -5.55556
286.024 40.7614 9564.16 -5.55556
286.024 40.7641 9876.68 -5.55556
286.024 40.7668 10968.3 -5.55556
286.024 40.7695 11185.4 -5.55556
286.024 40.7722 9146.89 -5.55556
286.024 40.7749 9043.25 -5.55556
286.024 40.7776 9559.08 -5.55556
286.024 40.7803 11077.6 -5.55556
286.024 40.7831 9919.73 -5.55556
286.024 40.7858 10233.9 -5.55556
286.024 40.7885 10072.1 -5.55556
286.024 40.7912 10817.8 -5.55556
286.024 40.7939 11194.6 -5.55556
286.024 40.7966 10500.6 -5.55556
286.024 40.7993 10123.1 -5.55556
286.024 40.802 9605.76 -5.55556
286.024 40.8047 9143.6 -5.55556
286.024 40.8075 10024.9 -5.55556
286.024 40.8102 9947.51 -5.55556
286.024 40.8129 11033.3 -5.55556
286.024 40.8156 10340.4 -5.55556
286.024 40.8183 9812.25 -5.55556
286.024 40.821 10067.3 -5.55556
286.024 40.8237 10777 -5.55556
286.024 40.8264 8935.46 -5.55556
286.024 40.8292 9472.93 -5.55556
286.024 40.8319 8590.44 -5.55556
286.024 40.8346 10322.6 -5.55556
286.024 40.8373 9135.65 -5.55556
286.024 40.84 10577.9 -5.55556
286.027 40.68 10311.1 -5.55556
286.027 40.6827 9616.39 -5.55556
286.027 40.6854 9200.83 -5.55556
286.027 40.6881 10230.1 -5.55556
286.027 40.6908 10491.4 -5.55556
286.027 40.6936 9207.84 -5.55556
286.027 40.6963 9681.98 -5.55556
286.027 40.699 8613.26 -5.55556
286.027 40.7017 11471.4 -5.55556
286.027 40.7044 10147.5 -5.55556
286.027 40.7071 9146.78 -5.55556
286.027 40.7098 10344.4 -5.55556
286.027 40.7125 11581.6 -5.55556
286.027 40.7153 9565.74 -5.55556
286.027 40.718 9600.66 -5.55556
286.027 40.7207 10862.8 -5.55556
286.027 40.7234 12051 -5.55556
286.027 40.7261 10299 -5.55556
286.027 40.7288 8179.77 -5.55556
286.027 40.7315 10326.9 -5.55556
286.027 40.7342 10526.9 -5.55556
286.027 40.7369 7744.86 -5.55556
286.027 40.7397 9763.56 -5.55556
286.027 40.7424 10110.4 -5.55556
286.027 40.7451 9105.49 -5.55556
286.027 40.7478 9172.16 -5.55556
286.027 40.7505 11579.2 -5.55556
286.027 40.7532 9027.53 -5.55556
286.027 40.7559 9417.86 -5.55556
286.027 40.7586 10533.6 -5.55556
286.027 40.7614 10202.5 -5.55556
286.027 40.7641 8946.76 -5.55556
286.027 40.7668 9312.43 -5.55556
286.027 40.7695 10033.8 -5.55556
286.027 40.7722 9598.97 -5.55556
286.027 40.7749 9842.39 -5.55556
286.027 40.7776 9883 -5.55556
286.027 40.7803 9835.83 -5.55556
286.027 40.7831 9517.7 -5.55556
286.027 40.7858 10292.6 -5.55556
286.027 40.7885 8851.09 -5.55556
286.027 40.7912 9471.23 -5.55556
286.027 40.7939 10042.5 -5.55556
286.027 40.7966 11069.7 -5.55556
286.027 40.7993 10492 -5.55556
286.027 40.802 9203.23 -5.55556
286.027 40.8047 8983.18 -5.55556
286.027 40.8075 9309.85 -5.55556
286.027 40.8102 11103.9 -5.55556
286.027 40.8129 10412.7 -5.55556
286.027 40.8156 9174.46 -5.55556
286.027 40.8183 11979.9 -5.55556
286.027 40.821 10028 -5.55556
286.027 40.8237 10915.6 -5.55556
286.027 40.8264 7919.76 -5.55556
286.027 40.8292 10148.6 -5.55556
286.027 40.8319 9601.69 -5.55556
286.027 40.8346 10890.6 -5.55556
286.027 40.8373 10066.4 -5.55556
286.027 40.84 10199.4 -5.55556
286.031 40.68 7986.33 -5.55556
286.031 40.6827 8419.05 -5.55556
286.031 40.6854 11901.6 -5.55556
286.031 40.6881 10052.7 -5.55556
286.031 40.6908 9744.39 -5.55556
286.031 40.6936 11464.3 -5.55556
286.031 40.6963 10943.9 -5.55556
286.031 40.699 10739.1 -5.55556
286.031 40.7017 9907.57 -5.55556
286.031 40.7044 11734.2 -5.55556
286.031 40.7071 10198.3 -5.55556
286.031 40.7098 9274.38 -5.55556
286.031 40.7125 10870.6 -5.55556
286.031 40.7153 11505.6 -5.55556
286.031 40.718 9290.51 -5.55556
286.031 40.7207 8247.11 -5.55556
286.031 40.7234 10128.8 -5.55556
286.031 40.7261 10811.7 -5.55556
286.031 40.7288 10770.7 -5.55556
286.031 40.7315 10568.2 -5.55556
286.031 40.7342 9648.94 -5.55556
286.031 40.7369 10827 -5.55556
286.031 40.7397 10484.8 -5.55556
286.031 40.7424 9812.18 -5.55556
286.031 40.7451 8965.74 -5.55556
286.031 40.7478 9842.48 -5.55556
286.031 40.7505 11444.4 -5.55556
286.031 40.7532 10165 -5.55556
286.031 40.7559 11236.9 -5.55556
286.031 40.7586 9869.77 -5.55556
286.031 40.7614 10940.8 -5.55556
286.031 40.7641 9526.81 -5.55556
286.031 40.7668 10274.4 -5.55556
286.031 40.7695 9421.69 -5.55556
286.031 40.7722 12592.5 -5.55556
286.031 40.7749 9762.37 -5.55556
286.031 40.7776 9444.81 -5.55556
286.031 40.7803 10923.3 -5.55556
286.031 40.7831 8838.45 -5.55556
286.031 40.7858 10694.3 -5.55556
286.031 40.7885 8666.04 -5.55556
286.031 40.7912 10600.3 -5.55556
286.031 40.7939 11021.3 -5.55556
286.031 40.7966 8383.37 -5.55556
286.031 40.7993 10877.1 -5.55556
286.031 40.802 10464.7 -5.55556
286.031 40.8047 9428.28 -5.55556
286.031 40.8075 10861.4 -5.55556
286.031 40.8102 9463.61 -5.55556
286.031 40.8129 8021.63 -5.55556
286.031 40.8156 10106.4 -5.55556
286.031 40.8183 9951.99 -5.55556
286.031 40.821 9933.32 -5.55556
286.031 40.8237 8239.19 -5.55556
286.031 40.8264 9490.91 -5.55556
286.031 40.8292 9129.02 -5.55556
286.031 40.8319 10646.5 -5.55556
286.031 40.8346 13157.9 -5.55556
286.031 40.8373 11051.6 -5.55556
286.031 40.84 9510.44 -5.55556
286.034 40.68 9237.48 -5.55556
286.034 40.6827 10674.4 -5.55556
286.034 40.6854 8753.44 -5.55556
286.034 40.6881 9133 -5.55556
286.034 40.6908 10067 -5.55556
286.034 40.6936 10954.8 -5.55556
286.034 40.6963 9135.95 -5.55556
286.034 40.699 8332.4 -5.55556
286.034 40.7017 9828.76 -5.55556
286.034 40.7044 10801.4 -5.55556
286.034 40.7071 11426.3 -5.55556
286.034 40.7098 9372.2 -5.55556
286.034 40.7125 10502.5 -5.55556
286.034 40.7153 10191.1 -5.55556
286.034 40.718 11768.5 -5.55556
286.034 40.7207 9996.89 -5.55556
286.034 40.7234 11567.6 -5.55556
286.034 40.7261 9624.35 -5.55556
286.034 40.7288 11607.3 -5.55556
286.034 40.7315 8768.32 -5.55556
286.034 40.7342 11064 -5.55556
286.034 40.7369 10181.2 -5.55556
286.034 40.7397 10512.8 -5.55556
286.034 40.7424 10495.5 -5.55556
286.034 40.7451 9069.38 -5.55556
286.034 40.7478 9995.96 -5.55556
286.034 40.7505 9939.93 -5.55556
286.034 40.7532 11192.9 -5.55556
286.034 40.7559 9692.19 -5.55556
286.034 40.7586 11918.1 -5.55556
286.034 40.7614 10129.9 -5.55556
286.034 40.7641 9885.4 -5.55556
286.034 40.7668 8826.71 -5.55556
286.034 40.7695 8613.69 -5.55556
286.034 40.7722 11376.7 -5.55556
286.034 40.7749 9794.67 -5.55556
286.034 40.7776 8686.25 -5.55556
286.034 40.7803 9876.9 -5.55556
286.034 40.7831 9406.41 -5.55556
286.034 40.7858 9882.39 -5.55556
286.034 40.7885 11320.6 -5.55556
286.034 40.7912 9334.12 -5.55556
286.034 40.7939 10385.9 -5.55556
286.034 40.7966 7811.55 -5.55556
286.034 40.7993 10134.5 -5.55556
286.034 40.802 9205.8 -5.55556
286.034 40.8047 8834.97 -5.55556
286.034 40.8075 8866.48 -5.55556
286.034 40.8102 9566.01 -5.55556
286.034 40.8129 9264.6 -5.55556
286.034 40.8156 9358.56 -5.55556
286.034 40.8183 10265.6 -5.55556
286.034 40.821 11965.9 -5.55556
286.034 40.8237 9661.82 -5.55556
286.034 40.8264 9303.91 -5.55556
286.034 40.8292 8582.23 -5.55556
286.034 40.8319 8106.97 -5.55556
286.034 40.8346 8611.7 -5.55556
286.034 40.8373 10786.3 -5.55556
286.034 40.84 11708.8 -5.55556
286.038 40.68 10350.2 -5.55556
286.038 40.6827 9916.34 -5.55556
286.038 40.6854 10869.4 -5.55556
286.038 40.6881 9689.9 -5.55556
286.038 40.6908 9648.73 -5.55556
286.038 40.6936 9484.72 -5.55556
286.038 40.6963 10864.1 -5.55556
286.038 40.699 10166.4 -5.55556
286.038 40.7017 9942.41 -5.55556
286.038 40.7044 8739.74 -5.55556
286.038 40.7071 9806.07 -5.55556
286.038 40.7098 11304.5 -5.55556
286.038 40.7125 11135.3 -5.55556
286.038 40.7153 10175.2 -5.55556
286.038 40.718 9635.84 -5.55556
286.038 40.7207 8334.32 -5.55556
286.038 40.7234 9261.79 -5.55556
286.038 40.7261 10950.3 -5.55556
286.038 40.7288 9247.18 -5.55556
286.038 40.7315 10443.9 -5.55556
286.038 40.7342 10537.6 -5.55556
286.038 40.7369 8994.71 -5.55556
286.038 40.7397 9600.85 -5.55556
286.038 40.7424 10262.2 -5.55556
286.038 40.7451 12472.9 -5.55556
286.038 40.7478 10456.7 -5.55556
286.038 40.7505 9923.9 -5.55556
286.038 40.7532 9129.92 -5.55556
286.038 40.7559 8290.34 -5.55556
286.038 40.7586 8978.11 -5.55556
286.038 40.7614 10180.4 -5.55556
286.038 40.7641 9557.96 -5.55556
286.038 40.7668 10136.4 -5.55556
286.038 40.7695 9637.64 -5.55556
286.038 40.7722 10403.1 -5.55556
286.038 40.7749 9583.34 -5.55556
286.038 40.7776 11338 -5.55556
286.038 40.7803 10178.1 -5.55556
286.038 40.7831 9899.69 -5.55556
286.038 40.7858 10871.6 -5.55556
286.038 40.7885 9651.62 -5.55556
286.038 40.7912 10331.4 -5.55556
286.038 40.7939 10665.8 -5.55556
286.038 40.7966 10475.9 -5.55556
286.038 40.7993 10334.7 -5.55556
286.038 40.802 9058.03 -5.55556
286.038 40.8047 9688.75 -5.55556
286.038 40.8075 9777.79 -5.55556
286.038 40.8102 8721.17 -5.55556
286.038 40.8129 10479.1 -5.55556
286.038 40.8156 9363.52 -5.55556
286.038 40.8183 10259 -5.55556
286.038 40.821 10889.7 -5.55556
286.038 40.8237 9742.94 -5.55556
286.038 40.8264 10405.2 -5.55556
286.038 40.8292 10571.1 -5.55556
286.038 40.8319 10900.7 -5.55556
286.038 40.8346 10626.1 -5.55556
286.038 40.8373 9986.21 -5.55556
286.038 40.84 8687.96 -5.55556
286.041 40.68 12083.9 -5.55556
286.041 40.6827 9420.71 -5.55556
286.041 40.6854 12372 -5.55556
286.041 40.6881 10180.7 -5.55556
286.041 40.6908 8929.05 -5.55556
286.041 40.6936 10371.6 -5.55556
286.041 40.6963 8526.33 -5.55556
286.041 40.699 11610.1 -5.55556
286.041 40.7017 9307.35 -5.55556
286.041 40.7044 8652.87 -5.55556
286.041 40.7071 9592.23 -5.55556
286.041 40.7098 9768.87 -5.55556
286.041 40.7125 8599.3 -5.55556
286.041 40.7153 7078.11 -5.55556
286.041 40.718 8922.96 -5.55556
286.041 40.7207 9214.01 -5.55556
286.041 40.7234 9778.51 -5.55556
286.041 40.7261 9151.58 -5.55556
286.041 40.7288 8191.43 -5.55556
286.041 40.7315 10701.2 -5.55556
286.041 40.7342 9281.74 -5.55556
286.041 40.7369 11128.9 -5.55556
286.041 40.7397 9547.1 -5.55556
286.041 40.7424 10292.8 -5.55556
286.041 40.7451 11641.1 -5.55556
286.041 40.7478 8244.31 -5.55556
286.041 40.7505 9830.96 -5.55556
286.041 40.7532 10138.8 -5.55556
286.041 40.7559 8448.91 -5.55556
286.041 40.7586 7834.32 -5.55556
286.041 40.7614 10953.8 -5.55556
286.041 40.7641 9672.46 -5.55556
286.041 40.7668 10175.3 -5.55556
286.041 40.7695 9563.25 -5.55556
286.041 40.7722 9588.83 -5.55556
286.041 40.7749 10274.4 -5.55556
286.041 40.7776 9878.91 -5.55556
286.041 40.7803 9505.4 -5.55556
286.041 40.7831 8448.92 -5.55556
286.041 40.7858 10509.4 -5.55556
286.041 40.7885 9914.59 -5.55556
286.041 40.7912 9068.44 -5.55556
286.041 40.7939 10011.2 -5.55556
286.041 40.7966 10107 -5.55556
286.041 40.7993 10436.2 -5.55556
286.041 40.802 9840.15 -5.55556
286.041 40.8047 11880.9 -5.55556
286.041 40.8075 9170.71 -5.55556
286.041 40.8102 9918.08 -5.55556
286.041 40.8129 8596.71 -5.55556
286.041 40.8156 9923.69 -5.55556
286.041 40.8183 9192 -5.55556
286.041 40.821 9703.05 -5.55556
286.041 40.8237 10423.3 -5.55556
286.041 40.8264 11933.7 -5.55556
286.041 40.8292 9730.82 -5.55556
286.041 40.8319 9656.64 -5.55556
286.041 40.8346 8989.54 -5.55556
286.041 40.8373 10329.2 -5.55556
286.041 40.84 10164.3 -5.55556
286.045 40.68 10016.3 -5.55556
286.045 40.6827 10092.8 -5.55556
286.045 40.6854 10206.1 -5.55556
286.045 40.6881 9316.36 -5.55556
286.045 40.6908 10241.6 -5.55556
286.045 40.6936 9645.53 -5.55556
286.045 40.6963 8598.41 -5.55556
286.045 40.699 10592.3 -5.55556
286.045 40.7017 11844.5 -5.55556
286.045 40.7044 9707.26 -5.55556
286.045 40.7071 9865.04 -5.55556
286.045 40.7098 10761.3 -5.55556
286.045 40.7125 9443.58 -5.55556
286.045 40.7153 11040.7 -5.55556
286.045 40.718 8756.51 -5.55556
286.045 40.7207 9423.34 -5.55556
286.045 40.7234 10925.9 -5.55556
286.045 40.7261 8723.28 -5.55556
286.045 40.7288 10455.4 -5.55556
286.045 40.7315 10162.5 -5.55556
286.045 40.7342 10223.7 -5.55556
286.045 40.7369 9379.48 -5.55556
286.045 40.7397 10052.3 -5.55556
286.045 40.7424 7341.2 -5.55556
286.045 40.7451 10989.5 -5.55556
286.045 40.7478 10820.8 -5.55556
286.045 40.7505 10823.7 -5.55556
286.045 40.7532 9017.62 -5.55556
286.045 40.7559 8721.5 -5.55556
286.045 40.7586 10264.5 -5.55556
286.045 40.7614 8841.16 -5.55556
286.045 40.7641 10017.9 -5.55556
286.045 40.7668 9231.14 -5.55556
286.045 40.7695 10338.4 -5.55556
286.045 40.7722 10423.1 -5.55556
286.045 40.7749 10700.6 -5.55556
286.045 40.7776 10001.1 -5.55556
286.045 40.7803 10224.7 -5.55556
286.045 40.7831 10858.2 -5.55556
286.045 40.7858 11454.7 -5.55556
286.045 40.7885 10340.4 -5.55556
286.045 40.7912 9072.1 -5.55556
286.045 40.7939 9416.84 -5.55556
286.045 40.7966 10122.9 -5.55556
286.045 40.7993 9204.73 -5.55556
286.045 40.802 9367.71 -5.55556
286.045 40.8047 10264 -5.55556
286.045 40.8075 11237 -5.55556
286.045 40.8102 8741.04 -5.55556
286.045 40.8129 9513.4 -5.55556
286.045 40.8156 9443.18 -5.55556
286.045 40.8183 10179.3 -5.55556
286.045 40.821 10841.1 -5.55556
286.045 40.8237 8221.64 -5.55556
286.045 40.8264 11430.5 -5.55556
286.045 40.8292 8005.07 -5.55556
286.045 40.8319 11327.8 -5.55556
286.045 40.8346 10931.6 -5.55556
286.045 40.8373 9637.97 -5.55556
286.045 40.84 10773.1 -5.55556
286.048 40.68 11647.4 -5.55556
286.048 40.6827 9116.55 -5.55556
286.048 40.6854 9747.88 -5.55556
286.048 40.6881 11778.7 -5.55556
286.048 40.6908 10467.1 -5.55556
286.048 40.6936 9624.28 -5.55556
286.048 40.6963 10289 -5.55556
286.048 40.699 8825.31 -5.55556
286.048 40.7017 9354.62 -5.55556
286.048 40.7044 10571.8 -5.55556
286.048 40.7071 9459.17 -5.55556
286.048 40.7098 11576.2 -5.55556
286.048 40.7125 11485.5 -5.55556
286.048 40.7153 8763.06 -5.55556
286.048 40.718 10386 -5.55556
286.048 40.7207 10596 -5.55556
286.048 40.7234 8002.07 -5.55556
286.048 40.7261 11172.2 -5.55556
286.048 40.7288 10882.9 -5.55556
286.048 40.7315 8613.16 -5.55556
286.048 40.7342 9536.84 -5.55556
286.048 40.7369 10146.7 -5.55556
286.048 40.7397 8069.51 -5.55556
286.048 40.7424 9825.82 -5.55556
286.048 40.7451 9199.16 -5.55556
286.048 40.7478 10516 -5.55556
286.048 40.7505 11996.6 -5.55556
286.048 40.7532 7754.19 -5.55556
286.048 40.7559 10663.3 -5.55556
286.048 40.7586 10113.6 -5.55556
286.048 40.7614 9677.42 -5.55556
286.048 40.7641 11049.7 -5.55556
286.048 40.7668 11190.1 -5.55556
286.048 40.7695 10386.6 -5.55556
286.048 40.7722 10147.8 -5.55556
286.048 40.7749 8982.88 -5.55556
286.048 40.7776 11225.3 -5.55556
286.048 40.7803 10611.2 -5.55556
286.048 40.7831 8830.96 -5.55556
286.048 40.7858 9157.86 -5.55556
286.048 40.7885 11954.4 -5.55556
286.048 40.7912 12772.2 -5.55556
286.048 40.7939 8961.64 -5.55556
286.048 40.7966 9455.9 -5.55556
286.048 40.7993 10827.2 -5.55556
286.048 40.802 8758.38 -5.55556
286.048 40.8047 10577.7 -5.55556
286.048 40.8075 9830.72 -5.55556
286.048 40.8102 9048.94 -5.55556
286.048 40.8129 9902.29 -5.55556
286.048 40.8156 9343.31 -5.55556
286.048 40.8183 10423.3 -5.55556
286.048 40.821 10019 -5.55556
286.048 40.8237 10724.4 -5.55556
286.048 40.8264 9907.99 -5.55556
286.048 40.8292 9776.96 -5.55556
286.048 40.8319 11165.8 -5.55556
286.048 40.8346 11791.9 -5.55556
286.048 40.8373 12094.9 -5.55556
286.048 40.84 8048.41 -5.55556
286.052 40.68 9400.07 -5.55556
286.052 40.6827 10171.1 -5.55556
286.052 40.6854 9612.8 -5.55556
286.052 40.6881 10126.7 -5.55556
286.052 40.6908 11519.7 -5.55556
286.052 40.6936 9896.49 -5.55556
286.052 40.6963 9552.22 -5.55556
286.052 40.699 9991.79 -5.55556
286.052 40.7017 9553.69 -5.55556
286.052 40.7044 7969.96 -5.55556
286.052 40.7071 9605.2 -5.55556
286.052 40.7098 10271.5 -5.55556
286.052 40.7125 9818.38 -5.55556
286.052 40.7153 9696.43 -5.55556
286.052 40.718 9669.97 -5.55556
286.052 40.7207 10606 -5.55556
286.052 40.7234 8112.26 -5.55556
286.052 40.7261 10255.4 -5.55556
286.052 40.7288 10340.5 -5.55556
286.052 40.7315 9832.34 -5.55556
286.052 40.7342 10224.3 -5.55556
286.052 40.7369 9069.39 -5.55556
286.052 40.7397 10773.3 -5.55556
286.052 40.7424 9873.73 -5.55556
286.052 40.7451 10409.9 -5.55556
286.052 40.7478 9411.34 -5.55556
286.052 40.7505 9908.97 -5.55556
286.052 40.7532 9868.14 -5.55556
286.052 40.7559 9516.7 -5.55556
286.052 40.7586 10243.4 -5.55556
286.052 40.7614 11015.5 -5.55556
286.052 40.7641 12063.8 -5.55556
286.052 40.7668 10206 -5.55556
286.052 40.7695 9553.34 -5.55556
286.052 40.7722 9992.1 -5.55556
286.052 40.7749 9722.69 -5.55556
286.052 40.7776 8898.27 -5.55556
286.052 40.7803 11028.2 -5.55556
286.052 40.7831 9732.51 -5.55556
286.052 40.7858 9983.62 -5.55556
286.052 40.7885 10074.5 -5.55556
286.052 40.7912 10484.9 -5.55556
286.052 40.7939 10324 -5.55556
286.052 40.7966 10029.4 -5.55556
286.052 40.7993 9956.92 -5.55556
286.052 40.802 9161.03 -5.55556
286.052 40.8047 9690.59 -5.55556
286.052 40.8075 8977.62 -5.55556
286.052 40.8102 11584.2 -5.55556
286.052 40.8129 8460.07 -5.55556
286.052 40.8156 9958.4 -5.55556
286.052 40.8183 9082.91 -5.55556
286.052 40.821 9983.14 -5.55556
286.052 40.8237 9469.48 -5.55556
286.052 40.8264 8973.76 -5.55556
286.052 40.8292 11487.8 -5.55556
286.052 40.8319 9772.71 -5.55556
286.052 40.8346 9366.74 -5.55556
286.052 40.8373 8770.34 -5.55556
286.052 40.84 9664.58 -5.55556
286.055 40.68 11080.1 -5.55556
286.055 40.6827 8961.34 -5.55556
286.055 40.6854 11410.1 -5.55556
286.055 40.6881 9818.94 -5.55556
286.055 40.6908 10422.3 -5.55556
286.055 40.6936 9744.01 -5.55556
286.055 40.6963 10891.1 -5.55556
286.055 40.699 11548.1 -5.55556
286.055 40.7017 10921.4 -5.55556
286.055 40.7044 9923.36 -5.55556
286.055 40.7071 9790.61 -5.55556
286.055 40.7098 11830 -5.55556
286.055 40.7125 7791.19 -5.55556
286.055 40.7153 8896 -5.55556
286.055 40.718 10225.6 -5.55556
286.055 40.7207 11823.8 -5.55556
286.055 40.7234 10031.2 -5.55556
286.055 40.7261 10189.9 -5.55556
286.055 40.7288 9748.35 -5.55556
286.055 40.7315 9773.78 -5.55556
286.055 40.7342 10352.5 -5.55556
286.055 40.7369 9747.75 -5.55556
286.055 40.7397 9858.03 -5.55556
286.055 40.7424 9290.89 -5.55556
286.055 40.7451 10608.5 -5.55556
286.055 40.7478 9746.03 -5.55556
286.055 40.7505 9842.86 -5.55556
286.055 40.7532 10529.3 -5.55556
286.055 40.7559 10618 -5.55556
286.055 40.7586 8963.25 -5.55556
286.055 40.7614 10251.2 -5.55556
286.055 40.7641 10998.5 -5.55556
286.055 40.7668 8604.66 -5.55556
286.055 40.7695 10001 -5.55556
286.055 40.7722 8981.82 -5.55556
286.055 40.7749 10037.5 -5.55556
286.055 40.7776 11001.3 -5.55556
286.055 40.7803 8935.95 -5.55556
286.055 40.7831 10443.9 -5.55556
286.055 40.7858 10275.9 -5.55556
286.055 40.7885 10706.5 -5.55556
286.055 40.7912 7883.93 -5.55556
286.055 40.7939 9032.9 -5.55556
286.055 40.7966 7925.69 -5.55556
286.055 40.7993 9936.67 -5.55556
286.055 40.802 10889.2 -5.55556
286.055 40.8047 10132.8 -5.55556
286.055 40.8075 9157.21 -5.55556
286.055 40.8102 10986.7 -5.55556
286.055 40.8129 11248.9 -5.55556
286.055 40.8156 9914.67 -5.55556
286.055 40.8183 10695.3 -5.55556
286.055 40.821 9840.76 -5.55556
286.055 40.8237 9673.41 -5.55556
286.055 40.8264 10459.3 -5.55556
286.055 40.8292 9961.98 -5.55556
286.055 40.8319 10188.2 -5.55556
286.055 40.8346 8124.87 -5.55556
286.055 40.8373 9226.35 -5.55556
286.055 40.84 9073.26 -5.55556
286.059 40.68 10717.3 -5.55556
286.059 40.6827 10025.1 -5.55556
286.059 40.6854 10745.4 -5.55556
286.059 40.6881 9459.88 -5.55556
286.059 40.6908 9201.2 -5.55556
286.059 40.6936 9254.41 -5.55556
286.059 40.6963 10715.1 -5.55556
286.059 40.699 10662.8 -5.55556
286.059 40.7017 11202.6 -5.55556
286.059 40.7044 9151.73 -5.55556
286.059 40.7071 11455.9 -5.55556
286.059 40.7098 10047.5 -5.55556
286.059 40.7125 9978.34 -5.55556
286.059 40.7153 9563.62 -5.55556
286.059 40.718 8640.31 -5.55556
286.059 40.7207 9000.78 -5.55556
286.059 40.7234 10934.2 -5.55556
286.059 40.7261 9073 -5.55556
286.059 40.7288 9564.55 -5.55556
286.059 40.7315 8745.69 -5.55556
286.059 40.7342 10157.4 -5.55556
286.059 40.7369 11458.1 -5.55556
286.059 40.7397 9417.25 -5.55556
286.059 40.7424 9128.36 -5.55556
286.059 40.7451 10598.6 -5.55556
286.059 40.7478 9630.8 -5.55556
286.059 40.7505 9403.48 -5.55556
286.059 40.7532 11204 -5.55556
286.059 40.7559 10424 -5.55556
286.059 40.7586 10530.5 -5.55556
286.059 40.7614 11811.3 -5.55556
286.059 40.7641 8903.21 -5.55556
286.059 40.7668 8965.17 -5.55556
286.059 40.7695 11078.4 -5.55556
286.059 40.7722 10007.2 -5.55556
286.059 40.7749 10612.7 -5.55556
286.059 40.7776 10769.1 -5.55556
286.059 40.7803 10872.3 -5.55556
286.059 40.7831 8680.2 -5.55556
286.059 40.7858 10479.5 -5.55556
286.059 40.7885 10047.1 -5.55556
286.059 40.7912 10843.9 -5.55556
286.059 40.7939 10800.1 -5.55556
286.059 40.7966 9344.22 -5.55556
286.059 40.7993 12303.5 -5.55556
286.059 40.802 10335 -5.55556
286.059 40.8047 9542.42 -5.55556
286.059 40.8075 10019 -5.55556
286.059 40.8102 10587 -5.55556
286.059 40.8129 9278.68 -5.55556
286.059 40.8156 10601.5 -5.55556
286.059 40.8183 9726.2 -5.55556
286.059 40.821 10836.6 -5.55556
286.059 40.8237 11245.7 -5.55556
286.059 40.8264 10224.6 -5.55556
286.059 40.8292 10305.4 -5.55556
286.059 40.8319 10278.7 -5.55556
286.059 40.8346 8968.02 -5.55556
286.059 40.8373 10397.1 -5.55556
286.059 40.84 10337.3 -5.55556
286.062 40.68 11073.1 -5.55556
286.062 40.6827 12173.1 -5.55556
286.062 40.6854 9381.12 -5.55556
286.062 40.6881 9692.63 -5.55556
286.062 40.6908 10105.7 -5.55556
286.062 40.6936 9679.13 -5.55556
286.062 40.6963 8172.03 -5.55556
286.062 40.699 9690.97 -5.55556
286.062 40.7017 7735.14 -5.55556
286.062 40.7044 11701.4 -5.55556
286.062 40.7071 8902.97 -5.55556
286.062 40.7098 11065.5 -5.55556
286.062 40.7125 9869.38 -5.55556
286.062 40.7153 8218.95 -5.55556
286.062 40.718 11758.3 -5.55556
286.062 40.7207 10600.1 -5.55556
286.062 40.7234 9943 -5.55556
286.062 40.7261 9957.01 -5.55556
286.062 40.7288 11419.8 -5.55556
286.062 40.7315 12024.3 -5.55556
286.062 40.7342 11047.1 -5.55556
286.062 40.7369 10010.7 -5.55556
286.062 40.7397 9869.81 -5.55556
286.062 40.7424 11893.7 -5.55556
286.062 40.7451 9016.22 -5.55556
286.062 40.7478 8317.27 -5.55556
286.062 40.7505 9900.06 -5.55556
286.062 40.7532 10263.9 -5.55556
286.062 40.7559 9140.76 -5.55556
286.062 40.7586 11796.5 -5.55556
286.062 40.7614 9679.08 -5.55556
286.062 40.7641 9661.67 -5.55556
286.062 40.7668 9734.17 -5.55556
286.062 40.7695 8421.21 -5.55556
286.062 40.7722 11411.6 -5.55556
286.062 40.7749 8753.39 -5.55556
286.062 40.7776 10234.6 -5.55556
286.062 40.7803 10157.7 -5.55556
286.062 40.7831 10185.8 -5.55556
286.062 40.7858 9772.34 -5.55556
286.062 40.7885 9555.88 -5.55556
286.062 40.7912 9397.51 -5.55556
286.062 40.7939 11473.5 -5.55556
286.062 40.7966 9744.53 -5.55556
286.062 40.7993 9138.36 -5.55556
286.062 40.802 8571.28 -5.55556
286.062 40.8047 8523.59 -5.55556
286.062 40.8075 10341.5 -5.55556
286.062 40.8102 9339.28 -5.55556
286.062 40.8129 7805.76 -5.55556
286.062 40.8156 11810.9 -5.55556
286.062 40.8183 10785.2 -5.55556
286.062 40.821 8923.84 -5.55556
286.062 40.8237 10441.4 -5.55556
286.062 40.8264 10558.9 -5.55556
286.062 40.8292 10240.8 -5.55556
286.062 40.8319 8357.71 -5.55556
286.062 40.8346 10282.2 -5.55556
286.062 40.8373 9937.77 -5.55556
286.062 40.84 11882.7 -5.55556
286.066 40.68 9583.64 -5.55556
286.066 40.6827 8883.95 -5.55556
286.066 40.6854 11583.2 -5.55556
286.066 40.6881 9089.21 -5.55556
286.066 40.6908 9826.34 -5.55556
286.066 40.6936 10644.5 -5.55556
286.066 40.6963 9319.39 -5.55556
286.066 40.699 9974.57 -5.55556
286.066 40.7017 8833.46 -5.55556
286.066 40.7044 9602.71 -5.55556
286.066 40.7071 10099 -5.55556
286.066 40.7098 12056.8 -5.55556
286.066 40.7125 8043 -5.55556
286.066 40.7153 8921.37 -5.55556
286.066 40.718 8800 -5.55556
286.066 40.7207 9563.1 -5.55556
286.066 40.7234 9907.06 -5.55556
286.066 40.7261 9176.14 -5.55556
286.066 40.7288 9579.25 -5.55556
286.066 40.7315 8678.99 -5.55556
286.066 40.7342 10507.2 -5.55556
286.066 40.7369 8522.32 -5.55556
286.066 40.7397 8582.62 -5.55556
286.066 40.7424 10248.8 -5.55556
286.066 40.7451 8252.89 -5.55556
286.066 40.7478 8780.13 -5.55556
286.066 40.7505 10331.1 -5.55556
286.066 40.7532 9333.42 -5.55556
286.066 40.7559 7990.53 -5.55556
286.066 40.7586 8691.24 -5.55556
286.066 40.7614 11002.5 -5.55556
286.066 40.7641 8762.91 -5.55556
286.066 40.7668 9230.1 -5.55556
286.066 40.7695 10032.3 -5.55556
286.066 40.7722 11266.4 -5.55556
286.066 40.7749 10937.7 -5.55556
286.066 40.7776 9819.42 -5.55556
286.066 40.7803 11396.4 -5.55556
286.066 40.7831 9944.68 -5.55556
286.066 40.7858 10464.7 -5.55556
286.066 40.7885 10476.9 -5.55556
286.066 40.7912 10917.7 -5.55556
286.066 40.7939 8822.11 -5.55556
286.066 40.7966 9369.48 -5.55556
286.066 40.7993 8912.98 -5.55556
286.066 40.802 11595.7 -5.55556
286.066 40.8047 8625.82 -5.55556
286.066 40.8075 9491.42 -5.55556
286.066 40.8102 9698.81 -5.55556
286.066 40.8129 10806.5 -5.55556
286.066 40.8156 9699.77 -5.55556
286.066 40.8183 8782.52 -5.55556
286.066 40.821 9865.51 -5.55556
286.066 40.8237 9992.04 -5.55556
286.066 40.8264 8959.23 -5.55556
286.066 40.8292 11554.7 -5.55556
286.066 40.8319 10609.9 -5.55556
286.066 40.8346 10750.7 -5.55556
286.066 40.8373 10838.4 -5.55556
286.066 40.84 9017.89 -5.55556
286.069 40.68 10828.6 -5.55556
286.069 40.6827 11845.4 -5.55556
286.069 40.6854 10633 -5.55556
286.069 40.6881 9889.83 -5.55556
286.069 40.6908 8482.09 -5.55556
286.069 40.6936 11335.5 -5.55556
286.069 40.6963 9937.69 -5.55556
286.069 40.699 12026.4 -5.55556
286.069 40.7017 9864.63 -5.55556
286.069 40.7044 9883.23 -5.55556
286.069 40.7071 11618.7 -5.55556
286.069 40.7098 11062.4 -5.55556
286.069 40.7125 8648.66 -5.55556
286.069 40.7153 9289.74 -5.55556
286.069 40.718 11334.9 -5.55556
286.069 40.7207 11195.4 -5.55556
286.069 40.7234 10477 -5.55556
286.069 40.7261 10321.7 -5.55556
286.069 40.7288 11396.8 -5.55556
286.069 40.7315 9263.84 -5.55556
286.069 40.7342 10592.7 -5.55556
286.069 40.7369 8265.8 -5.55556
286.069 40.7397 9338.73 -5.55556
286.069 40.7424 9183.97 -5.55556
286.069 40.7451 9971.79 -5.55556
286.069 40.7478 8363.6 -5.55556
286.069 40.7505 8865.88 -5.55556
286.069 40.7532 9401.01 -5.55556
286.069 40.7559 9261.1 -5.55556
286.069 40.7586 8708.74 -5.55556
286.069 40.7614 11474.8 -5.55556
286.069 40.7641 9932.83 -5.55556
286.069 40.7668 8985.87 -5.55556
286.069 40.7695 10868.9 -5.55556
286.069 40.7722 8615.61 -5.55556
286.069 40.7749 10035.9 -5.55556
286.069 40.7776 8103.63 -5.55556
286.069 40.7803 9593.22 -5.55556
286.069 40.7831 10463.9 -5.55556
286.069 40.7858 8513.05 -5.55556
286.069 40.7885 8327.91 -5.55556
286.069 40.7912 9735.11 -5.55556
286.069 40.7939 9143.67 -5.55556
286.069 40.7966 8058.76 -5.55556
286.069 40.7993 10228.3 -5.55556
286.069 40.802 11094.3 -5.55556
286.069 40.8047 11171.3 -5.55556
286.069 40.8075 7825.56 -5.55556
286.069 40.8102 9222.12 -5.55556
286.069 40.8129 11206.8 -5.55556
286.069 40.8156 10838.8 -5.55556
286.069 40.8183 9411.67 -5.55556
286.069 40.821 11509.6 -5.55556
286.069 40.8237 8999.28 -5.55556
286.069 40.8264 9599.16 -5.55556
286.069 40.8292 9163.95 -5.55556
286.069 40.8319 9766.77 -5.55556
286.069 40.8346 9417.69 -5.55556
286.069 40.8373 9566.45 -5.55556
286.069 40.84 10186.5 -5.55556
286.073 40.68 8275.76 -5.55556
286.073 40.6827 8727.67 -5.55556
286.073 40.6854 10176.9 -5.55556
286.073 40.6881 9365.06 -5.55556
286.073 40.6908 9775.8 -5.55556
286.073 40.6936 8637.79 -5.55556
286.073 40.6963 10915 -5.55556
286.073 40.699 11841 -5.55556
286.073 40.7017 10379.9 -5.55556
286.073 40.7044 11526.7 -5.55556
286.073 40.7071 8086.9 -5.55556
286.073 40.7098 9997.61 -5.55556
286.073 40.7125 10661.8 -5.55556
286.073 40.7153 10432.9 -5.55556
286.073 40.718 8620.49 -5.55556
286.073 40.7207 9605.74 -5.55556
286.073 40.7234 7867.46 -5.55556
286.073 40.7261 10701.5 -5.55556
286.073 40.7288 10539.9 -5.55556
286.073 40.7315 10951.3 -5.55556
286.073 40.7342 10904.4 -5.55556
286.073 40.7369 10999.6 -5.55556
286.073 40.7397 11421.5 -5.55556
286.073 40.7424 9238.91 -5.55556
286.073 40.7451 10276.3 -5.55556
286.073 40.7478 9532.84 -5.55556
286.073 40.7505 8372.88 -5.55556
286.073 40.7532 9627.14 -5.55556
286.073 40.7559 10353.7 -5.55556
286.073 40.7586 8804.23 -5.55556
286.073 40.7614 9334.82 -5.55556
286.073 40.7641 9368.57 -5.55556
286.073 40.7668 11599.3 -5.55556
286.073 40.7695 10673.4 -5.55556
286.073 40.7722 10704.5 -5.55556
286.073 40.7749 7910.32 -5.55556
286.073 40.7776 11514.6 -5.55556
286.073 40.7803 9531.09 -5.55556
286.073 40.7831 8807.29 -5.55556
286.073 40.7858 10431.6 -5.55556
286.073 40.7885 10457 -5.55556
286.073 40.7912 9905.38 -5.55556
286.073 40.7939 11012.8 -5.55556
286.073 40.7966 9828.52 -5.55556
286.073 40.7993 9972.13 -5.55556
286.073 40.802 11147.9 -5.55556
286.073 40.8047 10368.8 -5.55556
286.073 40.8075 11139 -5.55556
286.073 40.8102 11387.7 -5.55556
286.073 40.8129 9283.2 -5.55556
286.073 40.8156 9415.89 -5.55556
286.073 40.8183 11029.1 -5.55556
286.073 40.821 11665.3 -5.55556
286.073 40.8237 9030.74 -5.55556
286.073 40.8264 10223.9 -5.55556
286.073 40.8292 9861.58 -5.55556
286.073 40.8319 8148.05 -5.55556
286.073 40.8346 8474.95 -5.55556
286.073 40.8373 9392.37 -5.55556
286.073 40.84 10803.6 -5.55556
286.076 40.68 7432.24 -5.55556
286.076 40.6827 9955.34 -5.55556
286.076 40.6854 10267.5 -5.55556
286.076 40.6881 10742.5 -5.55556
286.076 40.6908 9558.12 -5.55556
286.076 40.6936 10262 -5.55556
286.076 40.6963 10348.9 -5.55556
286.076 40.699 11062.2 -5.55556
286.076 40.7017 9638.14 -5.55556
286.076 40.7044 10344.1 -5.55556
286.076 40.7071 10671.5 -5.55556
286.076 40.7098 10039.1 -5.55556
286.076 40.7125 11012.9 -5.55556
286.076 40.7153 10341.6 -5.55556
286.076 40.718 8138.55 -5.55556
286.076 40.7207 12230.8 -5.55556
286.076 40.7234 9383.16 -5.55556
286.076 40.7261 9115.96 -5.55556
286.076 40.7288 10437.1 -5.55556
286.076 40.7315 9106.88 -5.55556
286.076 40.7342 8728.21 -5.55556
286.076 40.7369 9420.07 -5.55556
286.076 40.7397 9464.58 -5.55556
286.076 40.7424 9469 -5.55556
286.076 40.7451 9780.68 -5.55556
286.076 40.7478 9973.37 -5.55556
286.076 40.7505 8810.11 -5.55556
286.076 40.7532 9738.57 -5.55556
286.076 40.7559 10444.7 -5.55556
286.076 40.7586 10299.2 -5.55556
286.076 40.7614 9234.72 -5.55556
286.076 40.7641 9142.81 -5.55556
286.076 40.7668 8832.99 -5.55556
286.076 40.7695 9627.66 -5.55556
286.076 40.7722 10050 -5.55556
286.076 40.7749 11022.4 -5.55556
286.076 40.7776 8754.19 -5.55556
286.076 40.7803 11079.4 -5.55556
286.076 40.7831 11857.9 -5.55556
286.076 40.7858 10474.4 -5.55556
286.076 40.7885 9347.51 -5.55556
286.076 40.7912 11578.9 -5.55556
286.076 40.7939 9320.2 -5.55556
286.076 40.7966 9687.39 -5.55556
286.076 40.7993 9253.14 -5.55556
286.076 40.802 10894.9 -5.55556
286.076 40.8047 9655.31 -5.55556
286.076 40.8075 10480.2 -5.55556
286.076 40.8102 8513.45 -5.55556
286.076 40.8129 10169.1 -5.55556
286.076 40.8156 9354.12 -5.55556
286.076 40.8183 9356.5 -5.55556
286.076 40.821 8071.55 -5.55556
286.076 40.8237 9386.48 -5.55556
286.076 40.8264 8832.14 -5.55556
286.076 40.8292 9618.73 -5.55556
286.076 40.8319 10514.5 -5.55556
286.076 40.8346 10378.1 -5.55556
286.076 40.8373 10425.5 -5.55556
286.076 40.84 10206.4 -5.55556
286.08 40.68 10034.3 -5.55556
286.08 40.6827 9698.75 -5.55556
286.08 40.6854 10491.5 -5.55556
286.08 40.6881 11109.4 -5.55556
286.08 40.6908 11553.1 -5.55556
286.08 40.6936 8873.34 -5.55556
286.08 40.6963 8970.19 -5.55556
286.08 40.699 9495.74 -5.55556
286.08 40.7017 12575.3 -5.55556
286.08 40.7044 10241.1 -5.55556
286.08 40.7071 8863.13 -5.55556
286.08 40.7098 9722.21 -5.55556
286.08 40.7125 9759.04 -5.55556
286.08 40.7153 9436.23 -5.55556
286.08 40.718 10680.4 -5.55556
286.08 40.7207 10936.7 -5.55556
286.08 40.7234 10317.7 -5.55556
286.08 40.7261 8645.19 -5.55556
286.08 40.7288 9644.53 -5.55556
286.08 40.7315 10131.5 -5.55556
286.08 40.7342 9943.2 -5.55556
286.08 40.7369 10725.5 -5.55556
286.08 40.7397 9474.44 -5.55556
286.08 40.7424 10587.4 -5.55556
286.08 40.7451 11132.4 -5.55556
286.08 40.7478 8928.89 -5.55556
286.08 40.7505 10793.5 -5.55556
286.08 40.7532 9689.24 -5.55556
286.08 40.7559 10352.7 -5.55556
286.08 40.7586 9083.14 -5.55556
286.08 40.7614 9985.86 -5.55556
286.08 40.7641 10420 -5.55556
286.08 40.7668 9669.17 -5.55556
286.08 40.7695 10529.3 -5.55556
286.08 40.7722 9859.43 -5.55556
286.08 40.7749 9844.18 -5.55556
286.08 40.7776 10242.9 -5.55556
286.08 40.7803 8951.04 -5.55556
286.08 40.7831 11332.4 -5.55556
286.08 40.7858 7418.02 -5.55556
286.08 40.7885 10802.5 -5.55556
286.08 40.7912 9974.79 -5.55556
286.08 40.7939 9296.31 -5.55556
286.08 40.7966 11139.8 -5.55556
286.08 40.7993 9244.83 -5.55556
286.08 40.802 10285.1 -5.55556
286.08 40.8047 9834.27 -5.55556
286.08 40.8075 10068.1 -5.55556
286.08 40.8102 8461.59 -5.55556
286.08 40.8129 9982.04 -5.55556
286.08 40.8156 10901.6 -5.55556
286.08 40.8183 11300.9 -5.55556
286.08 40.821 10750.1 -5.55556
286.08 40.8237 8824.6 -5.55556
286.08 40.8264 10098.5 -5.55556
286.08 40.8292 10291.8 -5.55556
286.08 40.8319 10581.4 -5.55556
286.08 40.8346 8048.74 -5.55556
286.08 40.8373 10705.2 -5.55556
286.08 40.84 10582.7 -5.55556
