285.96 40.68 9110.08 -5.55556
285.96 40.6827 10851.2 -5.55556
285.96 40.6854 11328.8 -5.55556
285.96 40.6881 9443.71 -5.55556
285.96 40.6908 8839.27 -5.55556
285.96 40.6936 10593.6 -5.55556
285.96 40.6963 11180.8 -5.55556
285.96 40.699 10634.5 -5.55556
285.96 40.7017 10112 -5.55556
285.96 40.7044 9388.07 -5.55556
285.96 40.7071 10467.3 -5.55556
285.96 40.7098 10743.2 -5.55556
285.96 40.7125 9297.12 -5.55556
285.96 40.7153 10313.2 -5.55556
285.96 40.718 9046.22 -5.55556
285.96 40.7207 11492 -5.55556
285.96 40.7234 9734.14 -5.55556
285.96 40.7261 10476.9 -5.55556
285.96 40.7288 9910.29 -5.55556
285.96 40.7315 7922.42 -5.55556
285.96 40.7342 8648 -5.55556
285.96 40.7369 10091.3 -5.55556
285.96 40.7397 10531.9 -5.55556
285.96 40.7424 10074.5 -5.55556
285.96 40.7451 9883.06 -5.55556
285.96 40.7478 9489.2 -5.55556
285.96 40.7505 8360.27 -5.55556
285.96 40.7532 11353.3 -5.55556
285.96 40.7559 9856.07 -5.55556
285.96 40.7586 10677.1 -5.55556
285.96 40.7614 8774.74 -5.55556
285.96 40.7641 9106.79 -5.55556
285.96 40.7668 11374.5 -5.55556
285.96 40.7695 9939.9 -5.55556
285.96 40.7722 9993.33 -5.55556
285.96 40.7749 10281.7 -5.55556
285.96 40.7776 12529 -5.55556
285.96 40.7803 11410.6 -5.55556
285.96 40.7831 11189.7 -5.55556
285.96 40.7858 9655.28 -5.55556
285.96 40.7885 9250.58 -5.55556
285.96 40.7912 10362.1 -5.55556
285.96 40.7939 10120.1 -5.55556
285.96 40.7966 8680.79 -5.55556
285.96 40.7993 10230.3 -5.55556
285.96 40.802 8376.73 -5.55556
285.96 40.8047 9143.86 -5.55556
285.96 40.8075 9312.11 -5.55556
285.96 40.8102 7245.93 -5.55556
285.96 40.8129 7221.18 -5.55556
285.96 40.8156 9196.15 -5.55556
285.96 40.8183 10312.3 -5.55556
285.96 40.821 10360 -5.55556
285.96 40.8237 8498.6 -5.55556
285.96 40.8264 11190.7 -5.55556
285.96 40.8292 9248.78 -5.55556
285.96 40.8319 9522.88 -5.55556
285.96 40.8346 10026.4 -5.55556
285.96 40.8373 9987.82 -5.55556
285.96 40.84 7431.04 -5.55556
285.964 40.68 9595.38 -5.55556
285.964 40.6827 10499.7 -5.55556
285.964 40.6854 9250.47 -5.55556
285.964 40.6881 9327.53 -5.55556
285.964 40.6908 9728.71 -5.55556
285.964 40.6936 9702.44 -5.55556
285.964 40.6963 10832.9 -5.55556
285.964 40.699 10703 -5.55556
285.964 40.7017 10936.7 -5.55556
285.964 40.7044 10183.5 -5.55556
285.964 40.7071 9967.49 -5.55556
285.964 40.7098 12618.6 -5.55556
285.964 40.7125 9068.97 -5.55556
285.964 40.7153 10717.6 -5.55556
285.964 40.718 10228.9 -5.55556
285.964 40.7207 10349.9 -5.55556
285.964 40.7234 9163.22 -5.55556
285.964 40.7261 11170 -5.55556
285.964 40.7288 8171.77 -5.55556
285.964 40.7315 9456.67 -5.55556
285.964 40.7342 9692.96 -5.55556
285.964 40.7369 8963.13 -5.55556
285.964 40.7397 9267.63 -5.55556
285.964 40.7424 9530.33 -5.55556
285.964 40.7451 9305.12 -5.55556
285.964 40.7478 8490.79 -5.55556
285.964 40.7505 8453.49 -5.55556
285.964 40.7532 10451.5 -5.55556
285.964 40.7559 11792 -5.55556
285.964 40.7586 10469 -5.55556
285.964 40.7614 10984.2 -5.55556
285.964 40.7641 9603.53 -5.55556
285.964 40.7668 10154.4 -5.55556
285.964 40.7695 9461.86 -5.55556
285.964 40.7722 9336.34 -5.55556
285.964 40.7749 8805.14 -5.55556
285.964 40.7776 10858.9 -5.55556
285.964 40.7803 10465.8 -5.55556
285.964 40.7831 9973.79 -5.55556
285.964 40.7858 9775.86 -5.55556
285.964 40.7885 9056.66 -5.55556
285.964 40.7912 9291.11 -5.55556
285.964 40.7939 8592.69 -5.55556
285.964 40.7966 8716.17 -5.55556
285.964 40.7993 12366.9 -5.55556
285.964 40.802 7876.52 -5.55556
285.964 40.8047 9619.9 -5.55556
285.964 40.8075 10382.9 -5.55556
285.964 40.8102 11043.2 -5.55556
285.964 40.8129 9422.46 -5.55556
285.964 40.8156 9754.99 -5.55556
285.964 40.8183 8523.13 -5.55556
285.964 40.821 9614.27 -5.55556
285.964 40.8237 9225.39 -5.55556
285.964 40.8264 10321 -5.55556
285.964 40.8292 9183.57 -5.55556
285.964 40.8319 8707.05 -5.55556
285.964 40.8346 9331.65 -5.55556
285.964 40.8373 9620.57 -5.55556
285.964 40.84 11566.5 -5.55556
285.967 40.68 9259.64 -5.55556
285.967 40.6827 9157.3 -5.55556
285.967 40.6854 10866.7 -5.55556
285.967 40.6881 9155.34 -5.55556
285.967 40.6908 11509.9 -5.55556
285.967 40.6936 10027.1 -5.55556
285.967 40.6963 9140.07 -5.55556
285.967 40.699 11809.4 -5.55556
285.967 40.7017 10284 -5.55556
285.967 40.7044 9163.41 -5.55556
285.967 40.7071 9732.19 -5.55556
285.967 40.7098 11045.9 -5.55556
285.967 40.7125 10079 -5.55556
285.967 40.7153 10429.3 -5.55556
285.967 40.718 9215.73 -5.55556
285.967 40.7207 11309.3 -5.55556
285.967 40.7234 12385.9 -5.55556
285.967 40.7261 9797.02 -5.55556
285.967 40.7288 11252.4 -5.55556
285.967 40.7315 9591.76 -5.55556
285.967 40.7342 7231.98 -5.55556
285.967 40.7369 11011.9 -5.55556
285.967 40.7397 11148.9 -5.55556
285.967 40.7424 10574.3 -5.55556
285.967 40.7451 9629 -5.55556
285.967 40.7478 10340.4 -5.55556
285.967 40.7505 9949.53 -5.55556
285.967 40.7532 11111.3 -5.55556
285.967 40.7559 9218.93 -5.55556
285.967 40.7586 10456.7 -5.55556
285.967 40.7614 9136.54 -5.55556
285.967 40.7641 10470.3 -5.55556
285.967 40.7668 9742.07 -5.55556
285.967 40.7695 8716.95 -5.55556
285.967 40.7722 10335.8 -5.55556
285.967 40.7749 9654.2 -5.55556
285.967 40.7776 11093.2 -5.55556
285.967 40.7803 8208.95 -5.55556
285.967 40.7831 10312.6 -5.55556
285.967 40.7858 10210.5 -5.55556
285.967 40.7885 11076.5 -5.55556
285.967 40.7912 10380.2 -5.55556
285.967 40.7939 10207.4 -5.55556
285.967 40.7966 9637.85 -5.55556
285.967 40.7993 9227.75 -5.55556
285.967 40.802 10078.2 -5.55556
285.967 40.8047 10848.8 -5.55556
285.967 40.8075 10578.1 -5.55556
285.967 40.8102 10630.9 -5.55556
285.967 40.8129 9509.95 -5.55556
285.967 40.8156 11629.7 -5.55556
285.967 40.8183 9877.24 -5.55556
285.967 40.821 10339.1 -5.55556
285.967 40.8237 8362.15 -5.55556
285.967 40.8264 9197.72 -5.55556
285.967 40.8292 10782.8 -5.55556
285.967 40.8319 9927.21 -5.55556
285.967 40.8346 8796.45 -5.55556
285.967 40.8373 10924.2 -5.55556
285.967 40.84 9564.65 -5.55556
285.971 40.68 9668.88 -5.55556
285.971 40.6827 11171.5 -5.55556
285.971 40.6854 11314.3 -5.55556
285.971 40.6881 9990.2 -5.55556
285.971 40.6908 9641.5 -5.55556
285.971 40.6936 10084.5 -5.55556
285.971 40.6963 9739.68 -5.55556
285.971 40.699 9689.01 -5.55556
285.971 40.7017 10526.7 -5.55556
285.971 40.7044 10674.7 -5.55556
285.971 40.7071 8529.77 -5.55556
285.971 40.7098 9120.43 -5.55556
285.971 40.7125 8917.92 -5.55556
285.971 40.7153 9758.85 -5.55556
285.971 40.718 10235.6 -5.55556
285.971 40.7207 9047.6 -5.55556
285.971 40.7234 9507.73 -5.55556
285.971 40.7261 10432.3 -5.55556
285.971 40.7288 8787.8 -5.55556
285.971 40.7315 8847.92 -5.55556
285.971 40.7342 10262.6 -5.55556
285.971 40.7369 9728.02 -5.55556
285.971 40.7397 11912.2 -5.55556
285.971 40.7424 9534.47 -5.55556
285.971 40.7451 10102.4 -5.55556
285.971 40.7478 10414.3 -5.55556
285.971 40.7505 8859.52 -5.55556
285.971 40.7532 8161.59 -5.55556
285.971 40.7559 10387.8 -5.55556
285.971 40.7586 10205.5 -5.55556
285.971 40.7614 9618.85 -5.55556
285.971 40.7641 10998 -5.55556
285.971 40.7668 11731.8 -5.55556
285.971 40.7695 9207.82 -5.55556
285.971 40.7722 9348.01 -5.55556
285.971 40.7749 10014.8 -5.55556
285.971 40.7776 11228.5 -5.55556
285.971 40.7803 10442.5 -5.55556
285.971 40.7831 8718.16 -5.55556
285.971 40.7858 9902.34 -5.55556
285.971 40.7885 9694.09 -5.55556
285.971 40.7912 9750.59 -5.55556
285.971 40.7939 10373.2 -5.55556
285.971 40.7966 9644.74 -5.55556
285.971 40.7993 11946.8 -5.55556
285.971 40.802 10358.4 -5.55556
285.971 40.8047 10857.5 -5.55556
285.971 40.8075 9697.17 -5.55556
285.971 40.8102 9005.48 -5.55556
285.971 40.8129 8309.25 -5.55556
285.971 40.8156 9105.8 -5.55556
285.971 40.8183 8834.38 -5.55556
285.971 40.821 10983.4 -5.55556
285.971 40.8237 9893.94 -5.55556
285.971 40.8264 10754 -5.55556
285.971 40.8292 10596.9 -5.55556
285.971 40.8319 9652.09 -5.55556
285.971 40.8346 9565.15 -5.55556
285.971 40.8373 10873.3 -5.55556
285.971 40.84 9443.31 -5.55556
285.974 40.68 9910.8 -5.55556
285.974 40.6827 9812.66 -5.55556
285.974 40.6854 9909.43 -5.55556
285.974 40.6881 11625.9 -5.55556
285.974 40.6908 8847.73 -5.55556
285.974 40.6936 10517.3 -5.55556
285.974 40.6963 10534.1 -5.55556
285.974 40.699 9992.11 -5.55556
285.974 40.7017 9349.97 -5.55556
285.974 40.7044 12115.9 -5.55556
285.974 40.7071 12939.5 -5.55556
285.974 40.7098 9997.14 -5.55556
285.974 40.7125 11873.5 -5.55556
285.974 40.7153 9957.73 -5.55556
285.974 40.718 7873.78 -5.55556
285.974 40.7207 10659.1 -5.55556
285.974 40.7234 10056.7 -5.55556
285.974 40.7261 10988.2 -5.55556
285.974 40.7288 10865.7 -5.55556
285.974 40.7315 9346.25 -5.55556
285.974 40.7342 11052.4 -5.55556
285.974 40.7369 9704.77 -5.55556
285.974 40.7397 8394.31 -5.55556
285.974 40.7424 8662.58 -5.55556
285.974 40.7451 9105.22 -5.55556
285.974 40.7478 8558.25 -5.55556
285.974 40.7505 10463.2 -5.55556
285.974 40.7532 9362.63 -5.55556
285.974 40.7559 8451.4 -5.55556
285.974 40.7586 10578.3 -5.55556
285.974 40.7614 9845.98 -5.55556
285.974 40.7641 11603.6 -5.55556
285.974 40.7668 10928.6 -5.55556
285.974 40.7695 10245.3 -5.55556
285.974 40.7722 9562.18 -5.55556
285.974 40.7749 10898.5 -5.55556
285.974 40.7776 10530 -5.55556
285.974 40.7803 10110.3 -5.55556
285.974 40.7831 10533.2 -5.55556
285.974 40.7858 9884.49 -5.55556
285.974 40.7885 10590.7 -5.55556
285.974 40.7912 9953.46 -5.55556
285.974 40.7939 9385.93 -5.55556
285.974 40.7966 10467 -5.55556
285.974 40.7993 8968.06 -5.55556
285.974 40.802 8224.82 -5.55556
285.974 40.8047 9534.08 -5.55556
285.974 40.8075 12877.8 -5.55556
285.974 40.8102 9890.77 -5.55556
285.974 40.8129 9326.64 -5.55556
285.974 40.8156 9389.25 -5.55556
285.974 40.8183 10211.2 -5.55556
285.974 40.821 10344.7 -5.55556
285.974 40.8237 11704.6 -5.55556
285.974 40.8264 7379.28 -5.55556
285.974 40.8292 9707.08 -5.55556
285.974 40.8319 8811.82 -5.55556
285.974 40.8346 9752.82 -5.55556
285.974 40.8373 8858.17 -5.55556
285.974 40.84 9841.79 -5.55556
285.978 40.68 9167.61 -5.55556
285.978 40.6827 8066.4 -5.55556
285.978 40.6854 10316.7 -5.55556
285.978 40.6881 8839.45 -5.55556
285.978 40.6908 8685.57 -5.55556
285.978 40.6936 8511.29 -5.55556
285.978 40.6963 10485.3 -5.55556
285.978 40.699 9996.17 -5.55556
285.978 40.7017 11329.1 -5.55556
285.978 40.7044 11577.5 -5.55556
285.978 40.7071 9860.8 -5.55556
285.978 40.7098 9934.53 -5.55556
285.978 40.7125 9952.59 -5.55556
285.978 40.7153 10706.1 -5.55556
285.978 40.718 9202.23 -5.55556
285.978 40.7207 11581.2 -5.55556
285.978 40.7234 8491.49 -5.55556
285.978 40.7261 10354.9 -5.55556
285.978 40.7288 8532.05 -5.55556
285.978 40.7315 9191.23 -5.55556
285.978 40.7342 8841.66 -5.55556
285.978 40.7369 10927.3 -5.55556
285.978 40.7397 10186.8 -5.55556
285.978 40.7424 9784.49 -5.55556
285.978 40.7451 9152.04 -5.55556
285.978 40.7478 10020.2 -5.55556
285.978 40.7505 11038 -5.55556
285.978 40.7532 9374.75 -5.55556
285.978 40.7559 9833.97 -5.55556
285.978 40.7586 8838.34 -5.55556
285.978 40.7614 10491.8 -5.55556
285.978 40.7641 11301.9 -5.55556
285.978 40.7668 9329.61 -5.55556
285.978 40.7695 9170.18 -5.55556
285.978 40.7722 10436 -5.55556
285.978 40.7749 8812.99 -5.55556
285.978 40.7776 10129.9 -5.55556
285.978 40.7803 9561.62 -5.55556
285.978 40.7831 11365 -5.55556
285.978 40.7858 10582.2 -5.55556
285.978 40.7885 10602.3 -5.55556
285.978 40.7912 10430.6 -5.55556
285.978 40.7939 10157.8 -5.55556
285.978 40.7966 10786 -5.55556
285.978 40.7993 9482.87 -5.55556
285.978 40.802 10766.8 -5.55556
285.978 40.8047 9157.65 -5.55556
285.978 40.8075 10539.1 -5.55556
285.978 40.8102 10882.5 -5.55556
285.978 40.8129 9468.68 -5.55556
285.978 40.8156 8562.71 -5.55556
285.978 40.8183 8173.4 -5.55556
285.978 40.821 10164.1 -5.55556
285.978 40.8237 9063.13 -5.55556
285.978 40.8264 10230.6 -5.55556
285.978 40.8292 8729.21 -5.55556
285.978 40.8319 11618.6 -5.55556
285.978 40.8346 9071.77 -5.55556
285.978 40.8373 10933.2 -5.55556
285.978 40.84 9970.07 -5.55556
285.981 40.68 9775.1 -5.55556
285.981 40.6827 11144.3 -5.55556
285.981 40.6854 9861.66 -5.55556
285.981 40.6881 9305.31 -5.55556
285.981 40.6908 9450.03 -5.55556
285.981 40.6936 10259.2 -5.55556
285.981 40.6963 9834.45 -5.55556
285.981 40.699 9348.76 -5.55556
285.981 40.7017 10262.8 -5.55556
285.981 40.7044 9382.09 -5.55556
285.981 40.7071 11205.4 -5.55556
285.981 40.7098 11001.4 -5.55556
285.981 40.7125 10163.5 -5.55556
285.981 40.7153 10907 -5.55556
285.981 40.718 8370.57 -5.55556
285.981 40.7207 9549.39 -5.55556
285.981 40.7234 10802.3 -5.55556
285.981 40.7261 7609.28 -5.55556
285.981 40.7288 10583 -5.55556
285.981 40.7315 10828.4 -5.55556
285.981 40.7342 10673.8 -5.55556
285.981 40.7369 10813.4 -5.55556
285.981 40.7397 12942.8 -5.55556
285.981 40.7424 10955.8 -5.55556
285.981 40.7451 9317.93 -5.55556
285.981 40.7478 8043.56 -5.55556
285.981 40.7505 10516.7 -5.55556
285.981 40.7532 10176.3 -5.55556
285.981 40.7559 9564.74 -5.55556
285.981 40.7586 11589.3 -5.55556
285.981 40.7614 9560.77 -5.55556
285.981 40.7641 10139.5 -5.55556
285.981 40.7668 9516.34 -5.55556
285.981 40.7695 9490.23 -5.55556
285.981 40.7722 9905.99 -5.55556
285.981 40.7749 8387.29 -5.55556
285.981 40.7776 9387.88 -5.55556
285.981 40.7803 10745.5 -5.55556
285.981 40.7831 11538.2 -5.55556
285.981 40.7858 9735.08 -5.55556
285.981 40.7885 11332.8 -5.55556
285.981 40.7912 12751.3 -5.55556
285.981 40.7939 11179.7 -5.55556
285.981 40.7966 10450.2 -5.55556
285.981 40.7993 10571.5 -5.55556
285.981 40.802 8922.87 -5.55556
285.981 40.8047 11441.5 -5.55556
285.981 40.8075 9412.49 -5.55556
285.981 40.8102 8815 -5.55556
285.981 40.8129 10475.7 -5.55556
285.981 40.8156 9113.98 -5.55556
285.981 40.8183 10545.1 -5.55556
285.981 40.821 8686.24 -5.55556
285.981 40.8237 10857.8 -5.55556
285.981 40.8264 9137.79 -5.55556
285.981 40.8292 9100.19 -5.55556
285.981 40.8319 10550.4 -5.55556
285.981 40.8346 8560.96 -5.55556
285.981 40.8373 9446.34 -5.55556
285.981 40.84 8689.09 -5.55556
285.985 40.68 9236.77 -5.55556
285.985 40.6827 10019.8 -5.55556
285.985 40.6854 11080.4 -5.55556
285.985 40.6881 11724.4 -5.55556
285.985 40.6908 9840.08 -5.55556
285.985 40.6936 9079.43 -5.55556
285.985 40.6963 10670.1 -5.55556
285.985 40.699 9434.67 -5.55556
285.985 40.7017 9092.42 -5.55556
285.985 40.7044 10148.8 -5.55556
285.985 40.7071 8647.15 -5.55556
285.985 40.7098 8943.47 -5.55556
285.985 40.7125 8574.12 -5.55556
285.985 40.7153 9272.76 -5.55556
285.985 40.718 9680.39 -5.55556
285.985 40.7207 9662.44 -5.55556
285.985 40.7234 11046.1 -5.55556
285.985 40.7261 11430.7 -5.55556
285.985 40.7288 10621 -5.55556
285.985 40.7315 10417.9 -5.55556
285.985 40.7342 10061.9 -5.55556
285.985 40.7369 9741.03 -5.55556
285.985 40.7397 9748.53 -5.55556
285.985 40.7424 10701 -5.55556
285.985 40.7451 9637.98 -5.55556
285.985 40.7478 8885.14 -5.55556
285.985 40.7505 9180.24 -5.55556
285.985 40.7532 12032.8 -5.55556
285.985 40.7559 10445.6 -5.55556
285.985 40.7586 10602.9 -5.55556
285.985 40.7614 11795.7 -5.55556
285.985 40.7641 8852.97 -5.55556
285.985 40.7668 11060.3 -5.55556
285.985 40.7695 10332 -5.55556
285.985 40.7722 8936.22 -5.55556
285.985 40.7749 10644.4 -5.55556
285.985 40.7776 9197.1 -5.55556
285.985 40.7803 8721.37 -5.55556
285.985 40.7831 8450.7 -5.55556
285.985 40.7858 10484.9 -5.55556
285.985 40.7885 8704.54 -5.55556
285.985 40.7912 10941.1 -5.55556
285.985 40.7939 9431 -5.55556
285.985 40.7966 11164.7 -5.55556
285.985 40.7993 9493.72 -5.55556
285.985 40.802 10872.6 -5.55556
285.985 40.8047 9109.45 -5.55556
285.985 40.8075 10075.3 -5.55556
285.985 40.8102 9400.44 -5.55556
285.985 40.8129 10131.3 -5.55556
285.985 40.8156 8770.86 -5.55556
285.985 40.8183 9827.56 -5.55556
285.985 40.821 8187.07 -5.55556
285.985 40.8237 10157.5 -5.55556
285.985 40.8264 9328.49 -5.55556
285.985 40.8292 7480.6 -5.55556
285.985 40.8319 9442.43 -5.55556
285.985 40.8346 12151.9 -5.55556
285.985 40.8373 10851.5 -5.55556
285.985 40.84 11363.8 -5.55556
285.988 40.68 10316.4 -5.55556
285.988 40.6827 10635.5 -5.55556
285.988 40.6854 7997.49 -5.55556
285.988 40.6881 10607 -5.55556
285.988 40.6908 9781.23 -5.55556
285.988 40.6936 9330.48 -5.55556
285.988 40.6963 10471.5 -5.55556
285.988 40.699 10525.6 -5.55556
285.988 40.7017 8055.16 -5.55556
285.988 40.7044 11197.8 -5.55556
285.988 40.7071 10829.8 -5.55556
285.988 40.7098 10010.6 -5.55556
285.988 40.7125 10824.6 -5.55556
285.988 40.7153 8933.88 -5.55556
285.988 40.718 10016.1 -5.55556
285.988 40.7207 11182.9 -5.55556
285.988 40.7234 10307.9 -5.55556
285.988 40.7261 7817.82 -5.55556
285.988 40.7288 10368.4 -5.55556
285.988 40.7315 11023.9 -5.55556
285.988 40.7342 8393.47 -5.55556
285.988 40.7369 10812.6 -5.55556
285.988 40.7397 8880.9 -5.55556
285.988 40.7424 10331.5 -5.55556
285.988 40.7451 11184 -5.55556
285.988 40.7478 10393.3 -5.55556
285.988 40.7505 8923.1 -5.55556
285.988 40.7532 10689.4 -5.55556
285.988 40.7559 9532.36 -5.55556
285.988 40.7586 11135.9 -5.55556
285.988 40.7614 9514.2 -5.55556
285.988 40.7641 10127.5 -5.55556
285.988 40.7668 10461.2 -5.55556
285.988 40.7695 8458.31 -5.55556
285.988 40.7722 10591.8 -5.55556
285.988 40.7749 9537.93 -5.55556
285.988 40.7776 8541.24 -5.55556
285.988 40.7803 9996.96 -5.55556
285.988 40.7831 10114.1 -5.55556
285.988 40.7858 9686.24 -5.55556
285.988 40.7885 8393.39 -5.55556
285.988 40.7912 10776.6 -5.55556
285.988 40.7939 9348.73 -5.55556
285.988 40.7966 10200.7 -5.55556
285.988 40.7993 9274.32 -5.55556
285.988 40.802 10297.8 -5.55556
285.988 40.8047 10282.5 -5.55556
285.988 40.8075 12056.8 -5.55556
285.988 40.8102 9227.9 -5.55556
285.988 40.8129 10728.2 -5.55556
285.988 40.8156 10731.3 -5.55556
285.988 40.8183 7772.72 -5.55556
285.988 40.821 10095.7 -5.55556
285.988 40.8237 9769.19 -5.55556
285.988 40.8264 11486.1 -5.55556
285.988 40.8292 9890.73 -5.55556
285.988 40.8319 10321 -5.55556
285.988 40.8346 10594.9 -5.55556
285.988 40.8373 9881.57 -5.55556
285.988 40.84 8491.94 -5.55556
285.992 40.68 9847.41 -5.55556
285.992 40.6827 8548 -5.55556
285.992 40.6854 10629.5 -5.55556
285.992 40.6881 8261.67 -5.55556
285.992 40.6908 9007.9 -5.55556
285.992 40.6936 10503.4 -5.55556
285.992 40.6963 11250.2 -5.55556
285.992 40.699 9684.59 -5.55556
285.992 40.7017 10279.4 -5.55556
285.992 40.7044 10259 -5.55556
285.992 40.7071 11182.1 -5.55556
285.992 40.7098 10501.2 -5.55556
285.992 40.7125 9565.69 -5.55556
285.992 40.7153 8996.29 -5.55556
285.992 40.718 9500.93 -5.55556
285.992 40.7207 10518.1 -5.55556
285.992 40.7234 10689.6 -5.55556
285.992 40.7261 11075.4 -5.55556
285.992 40.7288 10708.6 -5.55556
285.992 40.7315 10274.5 -5.55556
285.992 40.7342 9992.25 -5.55556
285.992 40.7369 8835.78 -5.55556
285.992 40.7397 10367.3 -5.55556
285.992 40.7424 12265.5 -5.55556
285.992 40.7451 9094.66 -5.55556
285.992 40.7478 10169.2 -5.55556
285.992 40.7505 8847.57 -5.55556
285.992 40.7532 9930.14 -5.55556
285.992 40.7559 9070.81 -5.55556
285.992 40.7586 10261.5 -5.55556
285.992 40.7614 10858.8 -5.55556
285.992 40.7641 9107.1 -5.55556
285.992 40.7668 11650.7 -5.55556
285.992 40.7695 10041.3 -5.55556
285.992 40.7722 12022.3 -5.55556
285.992 40.7749 10162.9 -5.55556
285.992 40.7776 10831.9 -5.55556
285.992 40.7803 10890.6 -5.55556
285.992 40.7831 11091.5 -5.55556
285.992 40.7858 10042.8 -5.55556
285.992 40.7885 9640.3 -5.55556
285.992 40.7912 10835.8 -5.55556
285.992 40.7939 8070.79 -5.55556
285.992 40.7966 9215.77 -5.55556
285.992 40.7993 9950.47 -5.55556
285.992 40.802 10889.3 -5.55556
285.992 40.8047 9725.36 -5.55556
285.992 40.8075 9997.35 -5.55556
285.992 40.8102 11484 -5.55556
285.992 40.8129 8782.57 -5.55556
285.992 40.8156 9827.64 -5.55556
285.992 40.8183 11058.1 -5.55556
285.992 40.821 10532 -5.55556
285.992 40.8237 11211 -5.55556
285.992 40.8264 10261.1 -5.55556
285.992 40.8292 10317.5 -5.55556
285.992 40.8319 9409.98 -5.55556
285.992 40.8346 8432.35 -5.55556
285.992 40.8373 11547.1 -5.55556
285.992 40.84 10955.8 -5.55556
285.995 40.68 9366.35 -5.55556
285.995 40.6827 9289.39 -5.55556
285.995 40.6854 9341.31 -5.55556
285.995 40.6881 10703.8 -5.55556
285.995 40.6908 9089.13 -5.55556
285.995 40.6936 10927.9 -5.55556
285.995 40.6963 10630.7 -5.55556
285.995 40.699 10269.9 -5.55556
285.995 40.7017 9149.02 -5.55556
285.995 40.7044 10120.4 -5.55556
285.995 40.7071 9548.82 -5.55556
285.995 40.7098 10524 -5.55556
285.995 40.7125 11625.4 -5.55556
285.995 40.7153 10370.5 -5.55556
285.995 40.718 8736.1 -5.55556
285.995 40.7207 9747.62 -5.55556
285.995 40.7234 8878.15 -5.55556
285.995 40.7261 9285.24 -5.55556
285.995 40.7288 10651.2 -5.55556
285.995 40.7315 10748.8 -5.55556
285.995 40.7342 9359.32 -5.55556
285.995 40.7369 10660.3 -5.55556
285.995 40.7397 8431.51 -5.55556
285.995 40.7424 9803.15 -5.55556
285.995 40.7451 10728.7 -5.55556
285.995 40.7478 8806.95 -5.55556
285.995 40.7505 10836.5 -5.55556
285.995 40.7532 10416.8 -5.55556
285.995 40.7559 9178.09 -5.55556
285.995 40.7586 10372.3 -5.55556
285.995 40.7614 9732.9 -5.55556
285.995 40.7641 8445.92 -5.55556
285.995 40.7668 11663.5 -5.55556
285.995 40.7695 11162.6 -5.55556
285.995 40.7722 9635.61 -5.55556
285.995 40.7749 9847.31 -5.55556
285.995 40.7776 11826.3 -5.55556
285.995 40.7803 11491.2 -5.55556
285.995 40.7831 8769.99 -5.55556
285.995 40.7858 10088.8 -5.55556
285.995 40.7885 10097.5 -5.55556
285.995 40.7912 11679.1 -5.55556
285.995 40.7939 10973.6 -5.55556
285.995 40.7966 10541.9 -5.55556
285.995 40.7993 9603.25 -5.55556
285.995 40.802 10564.5 -5.55556
285.995 40.8047 11411.3 -5.55556
285.995 40.8075 9824.99 -5.55556
285.995 40.8102 9472.77 -5.55556
285.995 40.8129 9814.18 -5.55556
285.995 40.8156 10902.4 -5.55556
285.995 40.8183 9937.18 -5.55556
285.995 40.821 9078.92 -5.55556
285.995 40.8237 10497 -5.55556
285.995 40.8264 10740.3 -5.55556
285.995 40.8292 10280.3 -5.55556
285.995 40.8319 9215.36 -5.55556
285.995 40.8346 9971.94 -5.55556
285.995 40.8373 9483.44 -5.55556
285.995 40.84 10538 -5.55556
285.999 40.68 8675.5 -5.55556
285.999 40.6827 9775.26 -5.55556
285.999 40.6854 9891.28 -5.55556
285.999 40.6881 9789.07 -5.55556
285.999 40.6908 9317.07 -5.55556
285.999 40.6936 8876.5 -5.55556
285.999 40.6963 9530.13 -5.55556
285.999 40.699 8925.42 -5.55556
285.999 40.7017 10442.9 -5.55556
285.999 40.7044 9941.17 -5.55556
285.999 40.7071 10960.8 -5.55556
285.999 40.7098 8850.39 -5.55556
285.999 40.7125 10249 -5.55556
285.999 40.7153 9173.56 -5.55556
285.999 40.718 10062.9 -5.55556
285.999 40.7207 11276 -5.55556
285.999 40.7234 10593.4 -5.55556
285.999 40.7261 11264.9 -5.55556
285.999 40.7288 11153.5 -5.55556
285.999 40.7315 8668.72 -5.55556
285.999 40.7342 10180.4 -5.55556
285.999 40.7369 9854.43 -5.55556
285.999 40.7397 11047.5 -5.55556
285.999 40.7424 10872.1 -5.55556
285.999 40.7451 8771.8 -5.55556
285.999 40.7478 9632.49 -5.55556
285.999 40.7505 10697.1 -5.55556
285.999 40.7532 9628.61 -5.55556
285.999 40.7559 9609.78 -5.55556
285.999 40.7586 11297 -5.55556
285.999 40.7614 9789.23 -5.55556
285.999 40.7641 9547.02 -5.55556
285.999 40.7668 10139.8 -5.55556
285.999 40.7695 8423.21 -5.55556
285.999 40.7722 10442.7 -5.55556
285.999 40.7749 9308.5 -5.55556
285.999 40.7776 8395.9 -5.55556
285.999 40.7803 10624.1 -5.55556
285.999 40.7831 8851.43 -5.55556
285.999 40.7858 8912.71 -5.55556
285.999 40.7885 8907.38 -5.55556
285.999 40.7912 10014.1 -5.55556
285.999 40.7939 9700.79 -5.55556
285.999 40.7966 8410.8 -5.55556
285.999 40.7993 9705.5 -5.55556
285.999 40.802 11172.1 -5.55556
285.999 40.8047 10152.5 -5.55556
285.999 40.8075 8459.88 -5.55556
285.999 40.8102 7967.57 -5.55556
285.999 40.8129 9645.54 -5.55556
285.999 40.8156 9433.86 -5.55556
285.999 40.8183 8791.39 -5.55556
285.999 40.821 10303.2 -5.55556
285.999 40.8237 10832.5 -5.55556
285.999 40.8264 11304.7 -5.55556
285.999 40.8292 10069.4 -5.55556
285.999 40.8319 10595.8 -5.55556
285.999 40.8346 8879.12 -5.55556
285.999 40.8373 8938.87 -5.55556
285.999 40.84 10570.6 -5.55556
286.002 40.68 9629.02 -5.55556
286.002 40.6827 10229.3 -5.55556
286.002 40.6854 11984.8 -5.55556
286.002 40.6881 10354.8 -5.55556
286.002 40.6908 9284 -5.55556
286.002 40.6936 8123.54 -5.55556
286.002 40.6963 9980.16 -5.55556
286.002 40.699 12172.1 -5.55556
286.002 40.7017 7422.76 -5.55556
286.002 40.7044 7655.83 -5.55556
286.002 40.7071 9255.46 -5.55556
286.002 40.7098 9887.73 -5.55556
286.002 40.7125 9856.16 -5.55556
286.002 40.7153 9701.28 -5.55556
286.002 40.718 8362.17 -5.55556
286.002 40.7207 10057.5 -5.55556
286.002 40.7234 10670.9 -5.55556
286.002 40.7261 8954.75 -5.55556
286.002 40.7288 9483.91 -5.55556
286.002 40.7315 9739.77 -5.55556
286.002 40.7342 9613.26 -5.55556
286.002 40.7369 9531.01 -5.55556
286.002 40.7397 9741.97 -5.55556
286.002 40.7424 10240.2 -5.55556
286.002 40.7451 9110.99 -5.55556
286.002 40.7478 10883.5 -5.55556
286.002 40.7505 10949.8 -5.55556
286.002 40.7532 11025 -5.55556
286.002 40.7559 9641.19 -5.55556
286.002 40.7586 10858.9 -5.55556
286.002 40.7614 10431.1 -5.55556
286.002 40.7641 8586.03 -5.55556
286.002 40.7668 11002.4 -5.55556
286.002 40.7695 10480.6 -5.55556
286.002 40.7722 11002.1 -5.55556
286.002 40.7749 10505.3 -5.55556
286.002 40.7776 11009.9 -5.55556
286.002 40.7803 8981.57 -5.55556
286.002 40.7831 7753.3 -5.55556
286.002 40.7858 11073.2 -5.55556
286.002 40.7885 9555.59 -5.55556
286.002 40.7912 11007.6 -5.55556
286.002 40.7939 11118.9 -5.55556
286.002 40.7966 9359.37 -5.55556
286.002 40.7993 11220.4 -5.55556
286.002 40.802 9649.87 -5.55556
286.002 40.8047 10663.2 -5.55556
286.002 40.8075 10889.9 -5.55556
286.002 40.8102 9683.2 -5.55556
286.002 40.8129 9552.77 -5.55556
286.002 40.8156 9019.4 -5.55556
286.002 40.8183 7823.9 -5.55556
286.002 40.821 11026.3 -5.55556
286.002 40.8237 10081.7 -5.55556
286.002 40.8264 10455.8 -5.55556
286.002 40.8292 9836.59 -5.55556
286.002 40.8319 11234.6 -5.55556
286.002 40.8346 11510.2 -5.55556
286.002 40.8373 10497.3 -5.55556
286.002 40.84 10003.6 -5.55556
286.006 40.68 9985.65 -5.55556
286.006 40.6827 11062.6 -5.55556
286.006 40.6854 7085.14 -5.55556
286.006 40.6881 9672.94 -5.55556
286.006 40.6908 11204.1 -5.55556
286.006 40.6936 10187.8 -5.55556
286.006 40.6963 8985.16 -5.55556
286.006 40.699 8978.86 -5.55556
286.006 40.7017 8616.88 -5.55556
286.006 40.7044 10410.4 -5.55556
286.006 40.7071 11514.5 -5.55556
286.006 40.7098 10948 -5.55556
286.006 40.7125 10310 -5.55556
286.006 40.7153 8443.56 -5.55556
286.006 40.718 10135.5 -5.55556
286.006 40.7207 11136.2 -5.55556
286.006 40.7234 10043.8 -5.55556
286.006 40.7261 11212.9 -5.55556
286.006 40.7288 10295.2 -5.55556
286.006 40.7315 8816.79 -5.55556
286.006 40.7342 9689.73 -5.55556
286.006 40.7369 9470.96 -5.55556
286.006 40.7397 10525.5 -5.55556
286.006 40.7424 11392.1 -5.55556
286.006 40.7451 10427.1 -5.55556
286.006 40.7478 12133.1 -5.55556
286.006 40.7505 9689.25 -5.55556
286.006 40.7532 10272.5 -5.55556
286.006 40.7559 10085 -5.55556
286.006 40.7586 9541.09 -5.55556
286.006 40.7614 10924.8 -5.55556
286.006 40.7641 9825.81 -5.55556
286.006 40.7668 8838.6 -5.55556
286.006 40.7695 11090.4 -5.55556
286.006 40.7722 10106.7 -5.55556
286.006 40.7749 11938.6 -5.55556
286.006 40.7776 8454.09 -5.55556
286.006 40.7803 9382.46 -5.55556
286.006 40.7831 10603 -5.55556
286.006 40.7858 9238.92 -5.55556
286.006 40.7885 9019.82 -5.55556
286.006 40.7912 9956.42 -5.55556
286.006 40.7939 9602.36 -5.55556
286.006 40.7966 10115.5 -5.55556
286.006 40.7993 9446.36 -5.55556
286.006 40.802 9892.04 -5.55556
286.006 40.8047 9994.53 -5.55556
286.006 40.8075 9543.9 -5.55556
286.006 40.8102 9646.11 -5.55556
286.006 40.8129 10307.8 -5.55556
286.006 40.8156 10250 -5.55556
286.006 40.8183 10612.3 -5.55556
286.006 40.821 9152.1 -5.55556
286.006 40.8237 10653.4 -5.55556
286.006 40.8264 8827.32 -5.55556
286.006 40.8292 10170.8 -5.55556
286.006 40.8319 10289.7 -5.55556
286.006 40.8346 10906.8 -5.55556
286.006 40.8373 12227.3 -5.55556
286.006 40.84 11416.3 -5.55556
286.009 40.68 10275.9 -5.55556
286.009 40.6827 8370.87 -5.55556
286.009 40.6854 11689.4 -5.55556
286.009 40.6881 9931.85 -5.55556
286.009 40.6908 8811.55 -5.55556
286.009 40.6936 10153.1 -5.55556
286.009 40.6963 7818 -5.55556
286.009 40.699 11191 -5.55556
286.009 40.7017 9439.58 -5.55556
286.009 40.7044 9198.68 -5.55556
286.009 40.7071 10939.8 -5.55556
286.009 40.7098 8391.39 -5.55556
286.009 40.7125 11452 -5.55556
286.009 40.7153 10279.1 -5.55556
286.009 40.718 10167.7 -5.55556
286.009 40.7207 8771.95 -5.55556
286.009 40.7234 10692.7 -5.55556
286.009 40.7261 10921.6 -5.55556
286.009 40.7288 11007.4 -5.55556
286.009 40.7315 9716.03 -5.55556
286.009 40.7342 9951.93 -5.55556
286.009 40.7369 10592.4 -5.55556
286.009 40.7397 9160.06 -5.55556
286.009 40.7424 9384.64 -5.55556
286.009 40.7451 11553 -5.55556
286.009 40.7478 10127.3 -5.55556
286.009 40.7505 10564.8 -5.55556
286.009 40.7532 10476.2 -5.55556
286.009 40.7559 12157.2 -5.55556
286.009 40.7586 9400.2 -5.55556
286.009 40.7614 8315.63 -5.55556
286.009 40.7641 10280.4 -5.55556
286.009 40.7668 8686.33 -5.55556
286.009 40.7695 10015.8 -5.55556
286.009 40.7722 7616.69 -5.55556
286.009 40.7749 10390.2 -5.55556
286.009 40.7776 9741.67 -5.55556
286.009 40.7803 10299.5 -5.55556
286.009 40.7831 10334.8 -5.55556
286.009 40.7858 11423.7 -5.55556
286.009 40.7885 8729.41 -5.55556
286.009 40.7912 8285.87 -5.55556
286.009 40.7939 9643.23 -5.55556
286.009 40.7966 9326.52 -5.55556
286.009 40.7993 8649.12 -5.55556
286.009 40.802 9663.17 -5.55556
286.009 40.8047 10271.8 -5.55556
286.009 40.8075 9468.78 -5.55556
286.009 40.8102 7656.06 -5.55556
286.009 40.8129 9536.62 -5.55556
286.009 40.8156 10011.9 -5.55556
286.009 40.8183 7638.38 -5.55556
286.009 40.821 9526.29 -5.55556
286.009 40.8237 8847.93 -5.55556
286.009 40.8264 9802.88 -5.55556
286.009 40.8292 9893.65 -5.55556
286.009 40.8319 10218.2 -5.55556
286.009 40.8346 10785.1 -5.55556
286.009 40.8373 8719 -5.55556
286.009 40.84 10828.7 -5.55556
286.013 40.68 10014.5 -5.55556
286.013 40.6827 12129.6 -5.55556
286.013 40.6854 10799.6 -5.55556
286.013 40.6881 10210.5 -5.55556
286.013 40.6908 10766.5 -5.55556
286.013 40.6936 9179.13 -5.55556
286.013 40.6963 9054.59 -5.55556
286.013 40.699 10464.6 -5.55556
286.013 40.7017 9395.19 -5.55556
286.013 40.7044 11260.5 -5.55556
286.013 40.7071 10985.8 -5.55556
286.013 40.7098 8604.87 -5.55556
286.013 40.7125 12002.4 -5.55556
286.013 40.7153 11296.2 -5.55556
286.013 40.718 11298.5 -5.55556
286.013 40.7207 10038 -5.55556
286.013 40.7234 9355.28 -5.55556
286.013 40.7261 10140.4 -5.55556
286.013 40.7288 10190.8 -5.55556
286.013 40.7315 8573.87 -5.55556
286.013 40.7342 10538.6 -5.55556
286.013 40.7369 10444.8 -5.55556
286.013 40.7397 10750.7 -5.55556
286.013 40.7424 9395.73 -5.55556
286.013 40.7451 11326.8 -5.55556
286.013 40.7478 8157.17 -5.55556
286.013 40.7505 8951.66 -5.55556
286.013 40.7532 8668.33 -5.55556
286.013 40.7559 7760.88 -5.55556
286.013 40.7586 9721.84 -5.55556
286.013 40.7614 10012.1 -5.55556
286.013 40.7641 9900.15 -5.55556
286.013 40.7668 8840.87 -5.55556
286.013 40.7695 10474.2 -5.55556
286.013 40.7722 7544.22 -5.55556
286.013 40.7749 11909.7 -5.55556
286.013 40.7776 11010.2 -5.55556
286.013 40.7803 9216.6 -5.55556
286.013 40.7831 9009.71 -5.55556
286.013 40.7858 10267.2 -5.55556
286.013 40.7885 11981 -5.55556
286.013 40.7912 9196.26 -5.55556
286.013 40.7939 11533.1 -5.55556
286.013 40.7966 10208.8 -5.55556
286.013 40.7993 9484.81 -5.55556
286.013 40.802 9709.87 -5.55556
286.013 40.8047 9944.24 -5.55556
286.013 40.8075 9685.49 -5.55556
286.013 40.8102 12438.6 -5.55556
286.013 40.8129 9860.63 -5.55556
286.013 40.8156 9313.82 -5.55556
286.013 40.8183 8338.26 -5.55556
286.013 40.821 9890.86 -5.55556
286.013 40.8237 10897.6 -5.55556
286.013 40.8264 10777.5 -5.55556
286.013 40.8292 10329.2 -5.55556
286.013 40.8319 8983.67 -5.55556
286.013 40.8346 11125.5 -5.55556
286.013 40.8373 9356.71 -5.55556
286.013 40.84 9562.11 -5.55556
286.016 40.68 11376.9 -5.55556
286.016 40.6827 11332.1 -5.55556
286.016 40.6854 10743.4 -5.55556
286.016 40.6881 9417.6 -5.55556
286.016 40.6908 8648.87 -5.55556
286.016 40.6936 10580.9 -5.55556
286.016 40.6963 10173.8 -5.55556
286.016 40.699 11190.7 -5.55556
286.016 40.7017 10103 -5.55556
286.016 40.7044 11931 -5.55556
286.016 40.7071 10851 -5.55556
286.016 40.7098 9497.37 -5.55556
286.016 40.7125 9355.37 -5.55556
286.016 40.7153 9835.76 -5.55556
286.016 40.718 8903.53 -5.55556
286.016 40.7207 10860.1 -5.55556
286.016 40.7234 11028.7 -5.55556
286.016 40.7261 10373.2 -5.55556
286.016 40.7288 9935.56 -5.55556
286.016 40.7315 9495.09 -5.55556
286.016 40.7342 10901.2 -5.55556
286.016 40.7369 8564.07 -5.55556
286.016 40.7397 9882.6 -5.55556
286.016 40.7424 10238 -5.55556
286.016 40.7451 9025.24 -5.55556
286.016 40.7478 9824.63 -5.55556
286.016 40.7505 10938 -5.55556
286.016 40.7532 9844.32 -5.55556
286.016 40.7559 8786.59 -5.55556
286.016 40.7586 11328.9 -5.55556
286.016 40.7614 9315.39 -5.55556
286.016 40.7641 10132.6 -5.55556
286.016 40.7668 11735.1 -5.55556
286.016 40.7695 11248.4 -5.55556
286.016 40.7722 10631.4 -5.55556
286.016 40.7749 8798.18 -5.55556
286.016 40.7776 9578.76 -5.55556
286.016 40.7803 10453.7 -5.55556
286.016 40.7831 10517.2 -5.55556
286.016 40.7858 8937.28 -5.55556
286.016 40.7885 9991.75 -5.55556
286.016 40.7912 10239.3 -5.55556
286.016 40.7939 9990.4 -5.55556
286.016 40.7966 10988.4 -5.55556
286.016 40.7993 7860.67 -5.55556
286.016 40.802 11331.2 -5.55556
286.016 40.8047 8837.57 -5.55556
286.016 40.8075 9601.23 -5.55556
286.016 40.8102 8331.58 -5.55556
286.016 40.8129 8933.8 -5.55556
286.016 40.8156 9563.55 -5.55556
286.016 40.8183 9555.19 -5.55556
286.016 40.821 10632.8 -5.55556
286.016 40.8237 10046 -5.55556
286.016 40.8264 8633.98 -5.55556
286.016 40.8292 9533.08 -5.55556
286.016 40.8319 10798.2 -5.55556
286.016 40.8346 10684.5 -5.55556
286.016 40.8373 9851.06 -5.55556
286.016 40.84 10860.2 -5.55556
286.02 40.68 11139 -5.55556
286.02 40.6827 9771.68 -5.55556
286.02 40.6854 9001.21 -5.55556
286.02 40.6881 10158.1 -5.55556
286.02 40.6908 10861.9 -5.55556
286.02 40.6936 10764.4 -5.55556
286.02 40.6963 8570.19 -5.55556
286.02 40.699 9627.23 -5.55556
286.02 40.7017 10049.3 -5.55556
286.02 40.7044 8062 -5.55556
286.02 40.7071 9971.38 -5.55556
286.02 40.7098 10596 -5.55556
286.02 40.7125 9238.61 -5.55556
286.02 40.7153 11027.6 -5.55556
286.02 40.718 10166.9 -5.55556
286.02 40.7207 11042.4 -5.55556
286.02 40.7234 10770.7 -5.55556
286.02 40.7261 10391.4 -5.55556
286.02 40.7288 9003.58 -5.55556
286.02 40.7315 11234.2 -5.55556
286.02 40.7342 10474.2 -5.55556
286.02 40.7369 9296.67 -5.55556
286.02 40.7397 9885.15 -5.55556
286.02 40.7424 11595.8 -5.55556
286.02 40.7451 11313.1 -5.55556
286.02 40.7478 9542.61 -5.55556
286.02 40.7505 10826.5 -5.55556
286.02 40.7532 13439.2 -5.55556
286.02 40.7559 12138.3 -5.55556
286.02 40.7586 10567.6 -5.55556
286.02 40.7614 11117.1 -5.55556
286.02 40.7641 11129.7 -5.55556
286.02 40.7668 10630 -5.55556
286.02 40.7695 8851.66 -5.55556
286.02 40.7722 10106.7 -5.55556
286.02 40.7749 11188.8 -5.55556
286.02 40.7776 10636.6 -5.55556
286.02 40.7803 12757.9 -5.55556
286.02 40.7831 9385.51 -5.55556
286.02 40.7858 10078.3 -5.55556
286.02 40.7885 11943.5 -5.55556
286.02 40.7912 9430.29 -5.55556
286.02 40.7939 8982.61 -5.55556
286.02 40.7966 10750.7 -5.55556
286.02 40.7993 11213.6 -5.55556
286.02 40.802 8128.12 -5.55556
286.02 40.8047 10262.3 -5.55556
286.02 40.8075 10430.5 -5.55556
286.02 40.8102 8949.29 -5.55556
286.02 40.8129 9618.32 -5.55556
286.02 40.8156 10384.1 -5.55556
286.02 40.8183 7881.13 -5.55556
286.02 40.821 9841.37 -5.55556
286.02 40.8237 10265 -5.55556
286.02 40.8264 9131.25 -5.55556
286.02 40.8292 10240.8 -5.55556
286.02 40.8319 8243.5 -5.55556
286.02 40.8346 9153.65 -5.55556
286.02 40.8373 8627.18 -5.55556
286.02 40.84 9742.19 -5.55556
286.024 40.68 8009.79 -5.55556
286.024 40.6827 9707.6 -5.55556
286.024 40.6854 10152.5 -5.55556
286.024 40.6881 10963.5 -5.55556
286.024 40.6908 11149.3 -5.55556
286.024 40.6936 10152.8 -5.55556
286.024 40.6963 9225.12 -5.55556
286.024 40.699 10426 -5.55556
286.024 40.7017 9846.45 -5.55556
286.024 40.7044 9542.66 -5.55556
286.024 40.7071 9309.17 -5.55556
286.024 40.7098 10078 -5.55556
286.024 40.7125 8766.81 -5.55556
286.024 40.7153 10015.2 -5.55556
286.024 40.718 8560.41 -5.55556
286.024 40.7207 10116.3 -5.55556
286.024 40.7234 10100.8 -5.55556
286.024 40.7261 9289.82 -5.55556
286.024 40.7288 9035.67 -5.55556
286.024 40.7315 10243.8 -5.55556
286.024 40.7342 10624.9 -5.55556
286.024 40.7369 11900.1 -5.55556
286.024 40.7397 12815.9 -5.55556
286.024 40.7424 11281 -5.55556
286.024 40.7451 10963.3 -5.55556
286.024 40.7478 10262.4 -5.55556
286.024 40.7505 9887.53 -5.55556
286.024 40.7532 8998.08 -5.55556
286.024 40.7559 11787.5 -5.55556
286.024 40.7586 9016.61 -5.55556
286.024 40.7614 10353 -5.55556
286.024 40.7641 7556.45 -5.55556
286.024 40.7668 10511.1 -5.55556
286.024 40.7695 9744.26 -5.55556
286.024 40.7722 8486.56 -5.55556
286.024 40.7749 8180.81 -5.55556
286.024 40.7776 10516 -5.55556
286.024 40.7803 9214.2 -5.55556
286.024 40.7831 10010.3 -5.55556
286.024 40.7858 10795.2 -5.55556
286.024 40.7885 10189.4 -5.55556
286.024 40.7912 9721.17 -5.55556
286.024 40.7939 9357.22 -5.55556
286.024 40.7966 9283.22 -5.55556
286.024 40.7993 11286.4 -5.55556
286.024 40.802 10191.4 -5.55556
286.024 40.8047 9621.54 -5.55556
286.024 40.8075 9062.41 -5.55556
286.024 40.8102 11075.1 -5.55556
286.024 40.8129 7803.79 -5.55556
286.024 40.8156 10643 -5.55556
286.024 40.8183 9346.55 -5.55556
286.024 40.821 8820.84 -5.55556
286.024 40.8237 10652.4 -5.55556
286.024 40.8264 9582.84 -5.55556
286.024 40.8292 10474.5 -5.55556
286.024 40.8319 10943.6 -5.55556
286.024 40.8346 10263.5 -5.55556
286.024 40.8373 9208.19 -5.55556
286.024 40.84 11972.4 -5.55556
286.027 40.68 12325.9 -5.55556
286.027 40.6827 9130.65 -5.55556
286.027 40.6854 10853.1 -5.55556
286.027 40.6881 10724.1 -5.55556
286.027 40.6908 9457.92 -5.55556
286.027 40.6936 9729.48 -5.55556
286.027 40.6963 11710.5 -5.55556
286.027 40.699 10409.2 -5.55556
286.027 40.7017 11898.7 -5.55556
286.027 40.7044 10431.7 -5.55556
286.027 40.7071 11872.9 -5.55556
286.027 40.7098 9316.18 -5.55556
286.027 40.7125 9373.16 -5.55556
286.027 40.7153 9888.01 -5.55556
286.027 40.718 11263.4 -5.55556
286.027 40.7207 7463.16 -5.55556
286.027 40.7234 12002 -5.55556
286.027 40.7261 9899.82 -5.55556
286.027 40.7288 10691.2 -5.55556
286.027 40.7315 8046.11 -5.55556
286.027 40.7342 10239.8 -5.55556
286.027 40.7369 9717.19 -5.55556
286.027 40.7397 9615.94 -5.55556
286.027 40.7424 8692.77 -5.55556
286.027 40.7451 10617.5 -5.55556
286.027 40.7478 9383.76 -5.55556
286.027 40.7505 10244.4 -5.55556
286.027 40.7532 8992.3 -5.55556
286.027 40.7559 10636.8 -5.55556
286.027 40.7586 11414 -5.55556
286.027 40.7614 10029.9 -5.55556
286.027 40.7641 10298.1 -5.55556
286.027 40.7668 9303.62 -5.55556
286.027 40.7695 9355.19 -5.55556
286.027 40.7722 8950.96 -5.55556
286.027 40.7749 10472.2 -5.55556
286.027 40.7776 10623.4 -5.55556
286.027 40.7803 8812.61 -5.55556
286.027 40.7831 9637.96 -5.55556
286.027 40.7858 8329.76 -5.55556
286.027 40.7885 10765.9 -5.55556
286.027 40.7912 10895.6 -5.55556
286.027 40.7939 10534.4 -5.55556
286.027 40.7966 9535.61 -5.55556
286.027 40.7993 8899.58 -5.55556
286.027 40.802 10555 -5.55556
286.027 40.8047 10079.9 -5.55556
286.027 40.8075 9010.45 -5.55556
286.027 40.8102 9967.98 -5.55556
286.027 40.8129 9356.61 -5.55556
286.027 40.8156 9413.84 -5.55556
286.027 40.8183 10618.4 -5.55556
286.027 40.821 8337.17 -5.55556
286.027 40.8237 9646.14 -5.55556
286.027 40.8264 9907.41 -5.55556
286.027 40.8292 11061.8 -5.55556
286.027 40.8319 9356.54 -5.55556
286.027 40.8346 10101.7 -5.55556
286.027 40.8373 12794.7 -5.55556
286.027 40.84 10977.3 -5.55556
286.031 40.68 10388.5 -5.55556
286.031 40.6827 9922.52 -5.55556
286.031 40.6854 8721.1 -5.55556
286.031 40.6881 11613 -5.55556
286.031 40.6908 10826.9 -5.55556
286.031 40.6936 9888.38 -5.55556
286.031 40.6963 9491.34 -5.55556
286.031 40.699 9014.1 -5.55556
286.031 40.7017 8856.43 -5.55556
286.031 40.7044 9332.31 -5.55556
286.031 40.7071 9814.72 -5.55556
286.031 40.7098 9138.52 -5.55556
286.031 40.7125 8857.08 -5.55556
286.031 40.7153 9181.62 -5.55556
286.031 40.718 9584.46 -5.55556
286.031 40.7207 9942.44 -5.55556
286.031 40.7234 9003.97 -5.55556
286.031 40.7261 12453.6 -5.55556
286.031 40.7288 9677.44 -5.55556
286.031 40.7315 10575.5 -5.55556
286.031 40.7342 9135.9 -5.55556
286.031 40.7369 9631.05 -5.55556
286.031 40.7397 11812.5 -5.55556
286.031 40.7424 10680.5 -5.55556
286.031 40.7451 10239.7 -5.55556
286.031 40.7478 10126.3 -5.55556
286.031 40.7505 9021.6 -5.55556
286.031 40.7532 8955.19 -5.55556
286.031 40.7559 9691.7 -5.55556
286.031 40.7586 10549.9 -5.55556
286.031 40.7614 8614.99 -5.55556
286.031 40.7641 11394.6 -5.55556
286.031 40.7668 9093.14 -5.55556
286.031 40.7695 9112.16 -5.55556
286.031 40.7722 10143 -5.55556
286.031 40.7749 9482.83 -5.55556
286.031 40.7776 9702.75 -5.55556
286.031 40.7803 10495.3 -5.55556
286.031 40.7831 9895.59 -5.55556
286.031 40.7858 8915.53 -5.55556
286.031 40.7885 9891.52 -5.55556
286.031 40.7912 10636.6 -5.55556
286.031 40.7939 8544.28 -5.55556
286.031 40.7966 10168.5 -5.55556
286.031 40.7993 8722.05 -5.55556
286.031 40.802 10428.6 -5.55556
286.031 40.8047 8969.98 -5.55556
286.031 40.8075 11045.2 -5.55556
286.031 40.8102 8943.98 -5.55556
286.031 40.8129 9968.03 -5.55556
286.031 40.8156 9313.22 -5.55556
286.031 40.8183 10846.7 -5.55556
286.031 40.821 11616.9 -5.55556
286.031 40.8237 10380.3 -5.55556
286.031 40.8264 10117.4 -5.55556
286.031 40.8292 10050.9 -5.55556
286.031 40.8319 9840.84 -5.55556
286.031 40.8346 9825.92 -5.55556
286.031 40.8373 9394.16 -5.55556
286.031 40.84 9817.37 -5.55556
286.034 40.68 9129.16 -5.55556
286.034 40.6827 9159.69 -5.55556
286.034 40.6854 9552.25 -5.55556
286.034 40.6881 8526.18 -5.55556
286.034 40.6908 9627.84 -5.55556
286.034 40.6936 10157 -5.55556
286.034 40.6963 11664.7 -5.55556
286.034 40.699 10681.7 -5.55556
286.034 40.7017 10864.4 -5.55556
286.034 40.7044 10052.9 -5.55556
286.034 40.7071 9724.49 -5.55556
286.034 40.7098 9802.56 -5.55556
286.034 40.7125 10650.6 -5.55556
286.034 40.7153 9481.41 -5.55556
286.034 40.718 11028.2 -5.55556
286.034 40.7207 10227 -5.55556
286.034 40.7234 9769.13 -5.55556
286.034 40.7261 11157.4 -5.55556
286.034 40.7288 11212.7 -5.55556
286.034 40.7315 10108.6 -5.55556
286.034 40.7342 11270.5 -5.55556
286.034 40.7369 10392.6 -5.55556
286.034 40.7397 9062.72 -5.55556
286.034 40.7424 10451.6 -5.55556
286.034 40.7451 9534.6 -5.55556
286.034 40.7478 10171.3 -5.55556
286.034 40.7505 11439.9 -5.55556
286.034 40.7532 10049.6 -5.55556
286.034 40.7559 10443.2 -5.55556
286.034 40.7586 8099.33 -5.55556
286.034 40.7614 10139.7 -5.55556
286.034 40.7641 9641.95 -5.55556
286.034 40.7668 9476.33 -5.55556
286.034 40.7695 9884.21 -5.55556
286.034 40.7722 12371.2 -5.55556
286.034 40.7749 10235.8 -5.55556
286.034 40.7776 8730.86 -5.55556
286.034 40.7803 12329.1 -5.55556
286.034 40.7831 10618.4 -5.55556
286.034 40.7858 10746 -5.55556
286.034 40.7885 11265.1 -5.55556
286.034 40.7912 9766.94 -5.55556
286.034 40.7939 9762.5 -5.55556
286.034 40.7966 10358.9 -5.55556
286.034 40.7993 11376.5 -5.55556
286.034 40.802 9880.58 -5.55556
286.034 40.8047 9267.35 -5.55556
286.034 40.8075 8549.04 -5.55556
286.034 40.8102 10468.2 -5.55556
286.034 40.8129 10390.4 -5.55556
286.034 40.8156 9482.83 -5.55556
286.034 40.8183 8614.55 -5.55556
286.034 40.821 8872.38 -5.55556
286.034 40.8237 9587.76 -5.55556
286.034 40.8264 11066.8 -5.55556
286.034 40.8292 9144.92 -5.55556
286.034 40.8319 9874.27 -5.55556
286.034 40.8346 11496.5 -5.55556
286.034 40.8373 9723.68 -5.55556
286.034 40.84 9722.76 -5.55556
286.038 40.68 10346.7 -5.55556
286.038 40.6827 9808.35 -5.55556
286.038 40.6854 11477.6 -5.55556
286.038 40.6881 9150.72 -5.55556
286.038 40.6908 9691.25 -5.55556
286.038 40.6936 9354.8 -5.55556
286.038 40.6963 8998.72 -5.55556
286.038 40.699 10280.1 -5.55556
286.038 40.7017 9822.96 -5.55556
286.038 40.7044 9800.3 -5.55556
286.038 40.7071 11034 -5.55556
286.038 40.7098 8981.18 -5.55556
286.038 40.7125 10437.4 -5.55556
286.038 40.7153 8651.65 -5.55556
286.038 40.718 8303.03 -5.55556
286.038 40.7207 10594.9 -5.55556
286.038 40.7234 8756.56 -5.55556
286.038 40.7261 9400.58 -5.55556
286.038 40.7288 9298.29 -5.55556
286.038 40.7315 8169.09 -5.55556
286.038 40.7342 8842.37 -5.55556
286.038 40.7369 8861.08 -5.55556
286.038 40.7397 10762.4 -5.55556
286.038 40.7424 8940.99 -5.55556
286.038 40.7451 10092.8 -5.55556
286.038 40.7478 9060.34 -5.55556
286.038 40.7505 8078.21 -5.55556
286.038 40.7532 9010.69 -5.55556
286.038 40.7559 10196.5 -5.55556
286.038 40.7586 10392.3 -5.55556
286.038 40.7614 10015.8 -5.55556
286.038 40.7641 10467.3 -5.55556
286.038 40.7668 10061.4 -5.55556
286.038 40.7695 11828 -5.55556
286.038 40.7722 8750.17 -5.55556
286.038 40.7749 10556.1 -5.55556
286.038 40.7776 11005.9 -5.55556
286.038 40.7803 9724.26 -5.55556
286.038 40.7831 9370.58 -5.55556
286.038 40.7858 10563.9 -5.55556
286.038 40.7885 11659.9 -5.55556
286.038 40.7912 9559.73 -5.55556
286.038 40.7939 11709.7 -5.55556
286.038 40.7966 10729.5 -5.55556
286.038 40.7993 10271.8 -5.55556
286.038 40.802 11292.8 -5.55556
286.038 40.8047 10530.8 -5.55556
286.038 40.8075 9846.84 -5.55556
286.038 40.8102 10117 -5.55556
286.038 40.8129 7264.15 -5.55556
286.038 40.8156 11387.4 -5.55556
286.038 40.8183 10463.3 -5.55556
286.038 40.821 10870.8 -5.55556
286.038 40.8237 9676.17 -5.55556
286.038 40.8264 10488.6 -5.55556
286.038 40.8292 8547.48 -5.55556
286.038 40.8319 10424.8 -5.55556
286.038 40.8346 10795 -5.55556
286.038 40.8373 10040.4 -5.55556
286.038 40.84 9741.32 -5.55556
286.041 40.68 10192.4 -5.55556
286.041 40.6827 9903.83 -5.55556
286.041 40.6854 8808.27 -5.55556
286.041 40.6881 10332.6 -5.55556
286.041 40.6908 10518.1 -5.55556
286.041 40.6936 8926.75 -5.55556
286.041 40.6963 10099.7 -5.55556
286.041 40.699 10125 -5.55556
286.041 40.7017 10551.7 -5.55556
286.041 40.7044 8260.85 -5.55556
286.041 40.7071 10041.7 -5.55556
286.041 40.7098 9813.37 -5.55556
286.041 40.7125 9990.73 -5.55556
286.041 40.7153 10784.7 -5.55556
286.041 40.718 9863.53 -5.55556
286.041 40.7207 7600.18 -5.55556
286.041 40.7234 9980.96 -5.55556
286.041 40.7261 10205.6 -5.55556
286.041 40.7288 9533.6 -5.55556
286.041 40.7315 10539.3 -5.55556
286.041 40.7342 10757.3 -5.55556
286.041 40.7369 11088.8 -5.55556
286.041 40.7397 9133.3 -5.55556
286.041 40.7424 11361.2 -5.55556
286.041 40.7451 11028.6 -5.55556
286.041 40.7478 10246.3 -5.55556
286.041 40.7505 10491.8 -5.55556
286.041 40.7532 9830.16 -5.55556
286.041 40.7559 10187.1 -5.55556
286.041 40.7586 10195.2 -5.55556
286.041 40.7614 10691.4 -5.55556
286.041 40.7641 11849.1 -5.55556
286.041 40.7668 8790.32 -5.55556
286.041 40.7695 9403.97 -5.55556
286.041 40.7722 9224.59 -5.55556
286.041 40.7749 8971.75 -5.55556
286.041 40.7776 9526.84 -5.55556
286.041 40.7803 9469.46 -5.55556
286.041 40.7831 12315.1 -5.55556
286.041 40.7858 10552.2 -5.55556
286.041 40.7885 10137.1 -5.55556
286.041 40.7912 9511.93 -5.55556
286.041 40.7939 9341.95 -5.55556
286.041 40.7966 11234.3 -5.55556
286.041 40.7993 8704.92 -5.55556
286.041 40.802 9674.86 -5.55556
286.041 40.8047 9232.18 -5.55556
286.041 40.8075 9520.57 -5.55556
286.041 40.8102 9860.35 -5.55556
286.041 40.8129 11616.9 -5.55556
286.041 40.8156 9544.74 -5.55556
286.041 40.8183 8963.68 -5.55556
286.041 40.821 8992.98 -5.55556
286.041 40.8237 10147.4 -5.55556
286.041 40.8264 11116.2 -5.55556
286.041 40.8292 10425.5 -5.55556
286.041 40.8319 9417.21 -5.55556
286.041 40.8346 11044.5 -5.55556
286.041 40.8373 10619.7 -5.55556
286.041 40.84 10296.9 -5.55556
286.045 40.68 12321.8 -5.55556
286.045 40.6827 10318.2 -5.55556
286.045 40.6854 9649.71 -5.55556
286.045 40.6881 10293.9 -5.55556
286.045 40.6908 10785.6 -5.55556
286.045 40.6936 10410.3 -5.55556
286.045 40.6963 9461.94 -5.55556
286.045 40.699 8539.8 -5.55556
286.045 40.7017 7486.8 -5.55556
286.045 40.7044 10426.3 -5.55556
286.045 40.7071 10521.8 -5.55556
286.045 40.7098 10060.3 -5.55556
286.045 40.7125 11476.7 -5.55556
286.045 40.7153 11770.3 -5.55556
286.045 40.718 9720.88 -5.55556
286.045 40.7207 9061.04 -5.55556
286.045 40.7234 9068.15 -5.55556
286.045 40.7261 10770.6 -5.55556
286.045 40.7288 11920.5 -5.55556
286.045 40.7315 9936.22 -5.55556
286.045 40.7342 10285.2 -5.55556
286.045 40.7369 9604.28 -5.55556
286.045 40.7397 10167.2 -5.55556
286.045 40.7424 8748.93 -5.55556
286.045 40.7451 8195.61 -5.55556
286.045 40.7478 8491.38 -5.55556
286.045 40.7505 9370.53 -5.55556
286.045 40.7532 9733.35 -5.55556
286.045 40.7559 10264.8 -5.55556
286.045 40.7586 10361.7 -5.55556
286.045 40.7614 10499.7 -5.55556
286.045 40.7641 10091.6 -5.55556
286.045 40.7668 10883.2 -5.55556
286.045 40.7695 9740.97 -5.55556
286.045 40.7722 10298.4 -5.55556
286.045 40.7749 9799.87 -5.55556
286.045 40.7776 10640.8 -5.55556
286.045 40.7803 11182.6 -5.55556
286.045 40.7831 11560.2 -5.55556
286.045 40.7858 8546.21 -5.55556
286.045 40.7885 9709.41 -5.55556
286.045 40.7912 8784.17 -5.55556
286.045 40.7939 9842.8 -5.55556
286.045 40.7966 11606.8 -5.55556
286.045 40.7993 10892.9 -5.55556
286.045 40.802 10581.4 -5.55556
286.045 40.8047 7640.11 -5.55556
286.045 40.8075 12130.4 -5.55556
286.045 40.8102 8981.05 -5.55556
286.045 40.8129 9070.06 -5.55556
286.045 40.8156 11002 -5.55556
286.045 40.8183 8218.26 -5.55556
286.045 40.821 11005.7 -5.55556
286.045 40.8237 10703.5 -5.55556
286.045 40.8264 11420.8 -5.55556
286.045 40.8292 9730.71 -5.55556
286.045 40.8319 9601.5 -5.55556
286.045 40.8346 10123.5 -5.55556
286.045 40.8373 10878.1 -5.55556
286.045 40.84 10642.9 -5.55556
286.048 40.68 9488.15 -5.55556
286.048 40.6827 10293.3 -5.55556
286.048 40.6854 11235 -5.55556
286.048 40.6881 8989.14 -5.55556
286.048 40.6908 9251.62 -5.55556
286.048 40.6936 12738.4 -5.55556
286.048 40.6963 10522.4 -5.55556
286.048 40.699 8495.25 -5.55556
286.048 40.7017 9617.78 -5.55556
286.048 40.7044 9456.16 -5.55556
286.048 40.7071 9148.09 -5.55556
286.048 40.7098 11285.2 -5.55556
286.048 40.7125 10292.9 -5.55556
286.048 40.7153 10662.5 -5.55556
286.048 40.718 9280.48 -5.55556
286.048 40.7207 9303.2 -5.55556
286.048 40.7234 9099.91 -5.55556
286.048 40.7261 9258.43 -5.55556
286.048 40.7288 9448.2 -5.55556
286.048 40.7315 8775.37 -5.55556
286.048 40.7342 11720.9 -5.55556
286.048 40.7369 10650.7 -5.55556
286.048 40.7397 10965.9 -5.55556
286.048 40.7424 9816.37 -5.55556
286.048 40.7451 10610.2 -5.55556
286.048 40.7478 10762.5 -5.55556
286.048 40.7505 11432 -5.55556
286.048 40.7532 9455.55 -5.55556
286.048 40.7559 10844.1 -5.55556
286.048 40.7586 10536.8 -5.55556
286.048 40.7614 10188.2 -5.55556
286.048 40.7641 9600.15 -5.55556
286.048 40.7668 9449.42 -5.55556
286.048 40.7695 8735.55 -5.55556
286.048 40.7722 9780.51 -5.55556
286.048 40.7749 9808.07 -5.55556
286.048 40.7776 11572 -5.55556
286.048 40.7803 9805.27 -5.55556
286.048 40.7831 8939.23 -5.55556
286.048 40.7858 9869.82 -5.55556
286.048 40.7885 8810.47 -5.55556
286.048 40.7912 9803.28 -5.55556
286.048 40.7939 8273.38 -5.55556
286.048 40.7966 11061.1 -5.55556
286.048 40.7993 9769.18 -5.55556
286.048 40.802 8385.71 -5.55556
286.048 40.8047 8988.35 -5.55556
286.048 40.8075 11743.5 -5.55556
286.048 40.8102 8764.4 -5.55556
286.048 40.8129 7968.61 -5.55556
286.048 40.8156 9585.15 -5.55556
286.048 40.8183 11004.2 -5.55556
286.048 40.821 12056.9 -5.55556
286.048 40.8237 11149.8 -5.55556
286.048 40.8264 9008.25 -5.55556
286.048 40.8292 10712.7 -5.55556
286.048 40.8319 8506.02 -5.55556
286.048 40.8346 9772 -5.55556
286.048 40.8373 9770.34 -5.55556
286.048 40.84 9749.46 -5.55556
286.052 40.68 9395.13 -5.55556
286.052 40.6827 10247.2 -5.55556
286.052 40.6854 9601.12 -5.55556
286.052 40.6881 9807.93 -5.55556
286.052 40.6908 10725.5 -5.55556
286.052 40.6936 11468.2 -5.55556
286.052 40.6963 11421 -5.55556
286.052 40.699 10269.5 -5.55556
286.052 40.7017 10982.4 -5.55556
286.052 40.7044 9577.49 -5.55556
286.052 40.7071 10527 -5.55556
286.052 40.7098 10299 -5.55556
286.052 40.7125 9000.17 -5.55556
286.052 40.7153 10173.5 -5.55556
286.052 40.718 9980.73 -5.55556
286.052 40.7207 9841.92 -5.55556
286.052 40.7234 11530.7 -5.55556
286.052 40.7261 9511.56 -5.55556
286.052 40.7288 9825.52 -5.55556
286.052 40.7315 8915.11 -5.55556
286.052 40.7342 10492.7 -5.55556
286.052 40.7369 10436.6 -5.55556
286.052 40.7397 9952.4 -5.55556
286.052 40.7424 10644 -5.55556
286.052 40.7451 11952 -5.55556
286.052 40.7478 8985.06 -5.55556
286.052 40.7505 11131.4 -5.55556
286.052 40.7532 10200.1 -5.55556
286.052 40.7559 9229.8 -5.55556
286.052 40.7586 10104.4 -5.55556
286.052 40.7614 8581.44 -5.55556
286.052 40.7641 9799.42 -5.55556
286.052 40.7668 8666.6 -5.55556
286.052 40.7695 12013.1 -5.55556
286.052 40.7722 10709.9 -5.55556
286.052 40.7749 9162.16 -5.55556
286.052 40.7776 10124.1 -5.55556
286.052 40.7803 10415.8 -5.55556
286.052 40.7831 8574.11 -5.55556
286.052 40.7858 11365.1 -5.55556
286.052 40.7885 9562.1 -5.55556
286.052 40.7912 12215.3 -5.55556
286.052 40.7939 9770.27 -5.55556
286.052 40.7966 9522.63 -5.55556
286.052 40.7993 10485.3 -5.55556
286.052 40.802 7842.01 -5.55556
286.052 40.8047 10223.5 -5.55556
286.052 40.8075 8699.19 -5.55556
286.052 40.8102 10421.4 -5.55556
286.052 40.8129 9669.01 -5.55556
286.052 40.8156 9442.12 -5.55556
286.052 40.8183 8981.65 -5.55556
286.052 40.821 10887.3 -5.55556
286.052 40.8237 8728.94 -5.55556
286.052 40.8264 9446.14 -5.55556
286.052 40.8292 10014.5 -5.55556
286.052 40.8319 7900.3 -5.55556
286.052 40.8346 9011.79 -5.55556
286.052 40.8373 10040.2 -5.55556
286.052 40.84 8961.76 -5.55556
286.055 40.68 12894.3 -5.55556
286.055 40.6827 9243.03 -5.55556
286.055 40.6854 9899.06 -5.55556
286.055 40.6881 8440.79 -5.55556
286.055 40.6908 8512.97 -5.55556
286.055 40.6936 10677.9 -5.55556
286.055 40.6963 8819.64 -5.55556
286.055 40.699 11246.4 -5.55556
286.055 40.7017 11195.9 -5.55556
286.055 40.7044 9273.82 -5.55556
286.055 40.7071 8883.08 -5.55556
286.055 40.7098 11132 -5.55556
286.055 40.7125 10024.4 -5.55556
286.055 40.7153 10061.1 -5.55556
286.055 40.718 8745.6 -5.55556
286.055 40.7207 11568.6 -5.55556
286.055 40.7234 10032.3 -5.55556
286.055 40.7261 8712.43 -5.55556
286.055 40.7288 11295.9 -5.55556
286.055 40.7315 10774.9 -5.55556
286.055 40.7342 7857 -5.55556
286.055 40.7369 9716.08 -5.55556
286.055 40.7397 11701 -5.55556
286.055 40.7424 7869.18 -5.55556
286.055 40.7451 10239.4 -5.55556
286.055 40.7478 10684.5 -5.55556
286.055 40.7505 10549.1 -5.55556
286.055 40.7532 10242.6 -5.55556
286.055 40.7559 10376.3 -5.55556
286.055 40.7586 9155.22 -5.55556
286.055 40.7614 9073.4 -5.55556
286.055 40.7641 9796.35 -5.55556
286.055 40.7668 10113.2 -5.55556
286.055 40.7695 11944 -5.55556
286.055 40.7722 9630.32 -5.55556
286.055 40.7749 11467.4 -5.55556
286.055 40.7776 10990.6 -5.55556
286.055 40.7803 9778.78 -5.55556
286.055 40.7831 11443 -5.55556
286.055 40.7858 10857.3 -5.55556
286.055 40.7885 8543.6 -5.55556
286.055 40.7912 10558.5 -5.55556
286.055 40.7939 11424.2 -5.55556
286.055 40.7966 10410.3 -5.55556
286.055 40.7993 12848.3 -5.55556
286.055 40.802 9966.67 -5.55556
286.055 40.8047 9986.68 -5.55556
286.055 40.8075 11561.7 -5.55556
286.055 40.8102 9579.01 -5.55556
286.055 40.8129 10042 -5.55556
286.055 40.8156 11413.5 -5.55556
286.055 40.8183 9649.34 -5.55556
286.055 40.821 9204.82 -5.55556
286.055 40.8237 8906.35 -5.55556
286.055 40.8264 10783.3 -5.55556
286.055 40.8292 10400.4 -5.55556
286.055 40.8319 9511.34 -5.55556
286.055 40.8346 11147.4 -5.55556
286.055 40.8373 8564.01 -5.55556
286.055 40.84 9769.99 -5.55556
286.059 40.68 9826.12 -5.55556
286.059 40.6827 8251.63 -5.55556
286.059 40.6854 10312.2 -5.55556
286.059 40.6881 9381.79 -5.55556
286.059 40.6908 10308.4 -5.55556
286.059 40.6936 9839.84 -5.55556
286.059 40.6963 8998.03 -5.55556
286.059 40.699 10293.7 -5.55556
286.059 40.7017 10047.4 -5.55556
286.059 40.7044 9607.36 -5.55556
286.059 40.7071 11108.6 -5.55556
286.059 40.7098 9834.64 -5.55556
286.059 40.7125 9387.73 -5.55556
286.059 40.7153 10884.5 -5.55556
286.059 40.718 8157.79 -5.55556
286.059 40.7207 12109.2 -5.55556
286.059 40.7234 8822.53 -5.55556
286.059 40.7261 8486.47 -5.55556
286.059 40.7288 8938.83 -5.55556
286.059 40.7315 11168.8 -5.55556
286.059 40.7342 10571.4 -5.55556
286.059 40.7369 10373.1 -5.55556
286.059 40.7397 8435.49 -5.55556
286.059 40.7424 10876 -5.55556
286.059 40.7451 10815.4 -5.55556
286.059 40.7478 9468.66 -5.55556
286.059 40.7505 8400.41 -5.55556
286.059 40.7532 10669.4 -5.55556
286.059 40.7559 9746.41 -5.55556
286.059 40.7586 11306.8 -5.55556
286.059 40.7614 8574.09 -5.55556
286.059 40.7641 10763.7 -5.55556
286.059 40.7668 10314.8 -5.55556
286.059 40.7695 9573.36 -5.55556
286.059 40.7722 10856.3 -5.55556
286.059 40.7749 11669.5 -5.55556
286.059 40.7776 9906.3 -5.55556
286.059 40.7803 10560.3 -5.55556
286.059 40.7831 10666.1 -5.55556
286.059 40.7858 10318.8 -5.55556
286.059 40.7885 9008.16 -5.55556
286.059 40.7912 10533.7 -5.55556
286.059 40.7939 11187.2 -5.55556
286.059 40.7966 9706.28 -5.55556
286.059 40.7993 9491.16 -5.55556
286.059 40.802 9538.5 -5.55556
286.059 40.8047 11895.8 -5.55556
286.059 40.8075 10587.6 -5.55556
286.059 40.8102 8280.76 -5.55556
286.059 40.8129 9819.25 -5.55556
286.059 40.8156 9128.18 -5.55556
286.059 40.8183 8436.03 -5.55556
286.059 40.821 9772.48 -5.55556
286.059 40.8237 10157.7 -5.55556
286.059 40.8264 9949.81 -5.55556
286.059 40.8292 9001.14 -5.55556
286.059 40.8319 10218.5 -5.55556
286.059 40.8346 9673.02 -5.55556
286.059 40.8373 9885.95 -5.55556
286.059 40.84 10135.2 -5.55556
286.062 40.68 8757.04 -5.55556
286.062 40.6827 10054 -5.55556
286.062 40.6854 11254.2 -5.55556
286.062 40.6881 9864.66 -5.55556
286.062 40.6908 10559.3 -5.55556
286.062 40.6936 9004.83 -5.55556
286.062 40.6963 9546.24 -5.55556
286.062 40.699 10931.9 -5.55556
286.062 40.7017 9387.1 -5.55556
286.062 40.7044 9365.62 -5.55556
286.062 40.7071 10603.9 -5.55556
286.062 40.7098 10327.1 -5.55556
286.062 40.7125 7971.1 -5.55556
286.062 40.7153 11342.7 -5.55556
286.062 40.718 9966.6 -5.55556
286.062 40.7207 10181.9 -5.55556
286.062 40.7234 11041.3 -5.55556
286.062 40.7261 10094.4 -5.55556
286.062 40.7288 9105.13 -5.55556
286.062 40.7315 9068.67 -5.55556
286.062 40.7342 10402.2 -5.55556
286.062 40.7369 10067.1 -5.55556
286.062 40.7397 9306.23 -5.55556
286.062 40.7424 11148 -5.55556
286.062 40.7451 8339.65 -5.55556
286.062 40.7478 10255.3 -5.55556
286.062 40.7505 7050.43 -5.55556
286.062 40.7532 9866.24 -5.55556
286.062 40.7559 10067.6 -5.55556
286.062 40.7586 9778.5 -5.55556
286.062 40.7614 10539.8 -5.55556
286.062 40.7641 10096.1 -5.55556
286.062 40.7668 10606.6 -5.55556
286.062 40.7695 10877.3 -5.55556
286.062 40.7722 9810.5 -5.55556
286.062 40.7749 11105.4 -5.55556
286.062 40.7776 10312.4 -5.55556
286.062 40.7803 10154.1 -5.55556
286.062 40.7831 10674.9 -5.55556
286.062 40.7858 11226.8 -5.55556
286.062 40.7885 9256.04 -5.55556
286.062 40.7912 10676.5 -5.55556
286.062 40.7939 9597.34 -5.55556
286.062 40.7966 8686.11 -5.55556
286.062 40.7993 9390.46 -5.55556
286.062 40.802 10690.3 -5.55556
286.062 40.8047 9608.21 -5.55556
286.062 40.8075 11291.9 -5.55556
286.062 40.8102 10833.1 -5.55556
286.062 40.8129 10071.9 -5.55556
286.062 40.8156 9933.06 -5.55556
286.062 40.8183 9842.11 -5.55556
286.062 40.821 11167.7 -5.55556
286.062 40.8237 9288.01 -5.55556
286.062 40.8264 8723.16 -5.55556
286.062 40.8292 10166.4 -5.55556
286.062 40.8319 10435.4 -5.55556
286.062 40.8346 8972.28 -5.55556
286.062 40.8373 11027.2 -5.55556
286.062 40.84 10155.8 -5.55556
286.066 40.68 10009 -5.55556
286.066 40.6827 9259.39 -5.55556
286.066 40.6854 10576.5 -5.55556
286.066 40.6881 10461 -5.55556
286.066 40.6908 10577.2 -5.55556
286.066 40.6936 9976.05 -5.55556
286.066 40.6963 8802.85 -5.55556
286.066 40.699 10455.4 -5.55556
286.066 40.7017 11169.2 -5.55556
286.066 40.7044 10544.4 -5.55556
286.066 40.7071 11369.3 -5.55556
286.066 40.7098 11040.3 -5.55556
286.066 40.7125 9666.47 -5.55556
286.066 40.7153 8911.15 -5.55556
286.066 40.718 9836.97 -5.55556
286.066 40.7207 11519.6 -5.55556
286.066 40.7234 10980.9 -5.55556
286.066 40.7261 10120.9 -5.55556
286.066 40.7288 10407.4 -5.55556
286.066 40.7315 8670.84 -5.55556
286.066 40.7342 10581.3 -5.55556
286.066 40.7369 10130 -5.55556
286.066 40.7397 10337 -5.55556
286.066 40.7424 9850.25 -5.55556
286.066 40.7451 10502.9 -5.55556
286.066 40.7478 8787.24 -5.55556
286.066 40.7505 11721.5 -5.55556
286.066 40.7532 10720.4 -5.55556
286.066 40.7559 10028 -5.55556
286.066 40.7586 9964.96 -5.55556
286.066 40.7614 10693.2 -5.55556
286.066 40.7641 11034.9 -5.55556
286.066 40.7668 10749.1 -5.55556
286.066 40.7695 10564.9 -5.55556
286.066 40.7722 9725.7 -5.55556
286.066 40.7749 10015.8 -5.55556
286.066 40.7776 10287.4 -5.55556
286.066 40.7803 9495.28 -5.55556
286.066 40.7831 9785.03 -5.55556
286.066 40.7858 11714.1 -5.55556
286.066 40.7885 9397.69 -5.55556
286.066 40.7912 12120.9 -5.55556
286.066 40.7939 12158.5 -5.55556
286.066 40.7966 10152 -5.55556
286.066 40.7993 10290.8 -5.55556
286.066 40.802 11260.5 -5.55556
286.066 40.8047 10134.8 -5.55556
286.066 40.8075 10548.3 -5.55556
286.066 40.8102 8250.65 -5.55556
286.066 40.8129 9843.53 -5.55556
286.066 40.8156 11630.4 -5.55556
286.066 40.8183 11689.5 -5.55556
286.066 40.821 10908.1 -5.55556
286.066 40.8237 9169.61 -5.55556
286.066 40.8264 10829.3 -5.55556
286.066 40.8292 10516.7 -5.55556
286.066 40.8319 10317.7 -5.55556
286.066 40.8346 6712.39 -5.55556
286.066 40.8373 10848.7 -5.55556
286.066 40.84 9667.8 -5.55556
286.069 40.68 8742.74 -5.55556
286.069 40.6827 9784.23 -5.55556
286.069 40.6854 8986.16 -5.55556
286.069 40.6881 9406.61 -5.55556
286.069 40.6908 9598.22 -5.55556
286.069 40.6936 10760.3 -5.55556
286.069 40.6963 10098.8 -5.55556
286.069 40.699 10313 -5.55556
286.069 40.7017 9589.17 -5.55556
286.069 40.7044 12544.6 -5.55556
286.069 40.7071 11378.4 -5.55556
286.069 40.7098 10241.6 -5.55556
286.069 40.7125 10433.5 -5.55556
286.069 40.7153 8053.79 -5.55556
286.069 40.718 10913.7 -5.55556
286.069 40.7207 10629 -5.55556
286.069 40.7234 10412.8 -5.55556
286.069 40.7261 8567.54 -5.55556
286.069 40.7288 7753.38 -5.55556
286.069 40.7315 10199 -5.55556
286.069 40.7342 10330.7 -5.55556
286.069 40.7369 9869.39 -5.55556
286.069 40.7397 8933.58 -5.55556
286.069 40.7424 9763.65 -5.55556
286.069 40.7451 9938 -5.55556
286.069 40.7478 9576.83 -5.55556
286.069 40.7505 10789.2 -5.55556
286.069 40.7532 10779.1 -5.55556
286.069 40.7559 12190.3 -5.55556
286.069 40.7586 11633.5 -5.55556
286.069 40.7614 9563.04 -5.55556
286.069 40.7641 9965.11 -5.55556
286.069 40.7668 11113.9 -5.55556
286.069 40.7695 12782.3 -5.55556
286.069 40.7722 9974.12 -5.55556
286.069 40.7749 8561.83 -5.55556
286.069 40.7776 8696.25 -5.55556
286.069 40.7803 9257.95 -5.55556
286.069 40.7831 9359.21 -5.55556
286.069 40.7858 10108.3 -5.55556
286.069 40.7885 11057.6 -5.55556
286.069 40.7912 9774.78 -5.55556
286.069 40.7939 8999.57 -5.55556
286.069 40.7966 8198.89 -5.55556
286.069 40.7993 10669.9 -5.55556
286.069 40.802 9998.61 -5.55556
286.069 40.8047 10693.9 -5.55556
286.069 40.8075 8614.19 -5.55556
286.069 40.8102 9230.09 -5.55556
286.069 40.8129 9667.07 -5.55556
286.069 40.8156 10548.9 -5.55556
286.069 40.8183 9879.63 -5.55556
286.069 40.821 10085.5 -5.55556
286.069 40.8237 10776.1 -5.55556
286.069 40.8264 8215.27 -5.55556
286.069 40.8292 9251.51 -5.55556
286.069 40.8319 10616.1 -5.55556
286.069 40.8346 9694.19 -5.55556
286.069 40.8373 11077 -5.55556
286.069 40.84 10462 -5.55556
286.073 40.68 10484.5 -5.55556
286.073 40.6827 9225.73 -5.55556
286.073 40.6854 9958.11 -5.55556
286.073 40.6881 9734.08 -5.55556
286.073 40.6908 10951 -5.55556
286.073 40.6936 11257 -5.55556
286.073 40.6963 11243.1 -5.55556
286.073 40.699 10790.6 -5.55556
286.073 40.7017 10427.5 -5.55556
286.073 40.7044 10094.6 -5.55556
286.073 40.7071 9207.37 -5.55556
286.073 40.7098 10094.1 -5.55556
286.073 40.7125 9249.44 -5.55556
286.073 40.7153 9572.13 -5.55556
286.073 40.718 10825.2 -5.55556
286.073 40.7207 10408 -5.55556
286.073 40.7234 7856.79 -5.55556
286.073 40.7261 8624.72 -5.55556
286.073 40.7288 7615.56 -5.55556
286.073 40.7315 9957.51 -5.55556
286.073 40.7342 9373.92 -5.55556
286.073 40.7369 8164.5 -5.55556
286.073 40.7397 9894.05 -5.55556
286.073 40.7424 9489.9 -5.55556
286.073 40.7451 11033.5 -5.55556
286.073 40.7478 12225.9 -5.55556
286.073 40.7505 11001.7 -5.55556
286.073 40.7532 10533.6 -5.55556
286.073 40.7559 11100.5 -5.55556
286.073 40.7586 9237.86 -5.55556
286.073 40.7614 10753.1 -5.55556
286.073 40.7641 9869.41 -5.55556
286.073 40.7668 9806.27 -5.55556
286.073 40.7695 9519.09 -5.55556
286.073 40.7722 12208.3 -5.55556
286.073 40.7749 9702.9 -5.55556
286.073 40.7776 8830.86 -5.55556
286.073 40.7803 10724.1 -5.55556
286.073 40.7831 10528.2 -5.55556
286.073 40.7858 10873.2 -5.55556
286.073 40.7885 9459.07 -5.55556
286.073 40.7912 10192.9 -5.55556
286.073 40.7939 11212.5 -5.55556
286.073 40.7966 9828.56 -5.55556
286.073 40.7993 9402.69 -5.55556
286.073 40.802 11355.6 -5.55556
286.073 40.8047 9745.93 -5.55556
286.073 40.8075 9076.6 -5.55556
286.073 40.8102 11725.3 -5.55556
286.073 40.8129 9050.1 -5.55556
286.073 40.8156 9664.56 -5.55556
286.073 40.8183 11097.9 -5.55556
286.073 40.821 9363.88 -5.55556
286.073 40.8237 8878.06 -5.55556
286.073 40.8264 9629.16 -5.55556
286.073 40.8292 10811.6 -5.55556
286.073 40.8319 11097.4 -5.55556
286.073 40.8346 8983.42 -5.55556
286.073 40.8373 10115.9 -5.55556
286.073 40.84 10886.3 -5.55556
286.076 40.68 10348.9 -5.55556
286.076 40.6827 10183.6 -5.55556
286.076 40.6854 10281 -5.55556
286.076 40.6881 9074.39 -5.55556
286.076 40.6908 10799.5 -5.55556
286.076 40.6936 9890.54 -5.55556
286.076 40.6963 11119.5 -5.55556
286.076 40.699 9643.5 -5.55556
286.076 40.7017 9717.73 -5.55556
286.076 40.7044 11027.8 -5.55556
286.076 40.7071 10521.2 -5.55556
286.076 40.7098 9676.12 -5.55556
286.076 40.7125 10551.2 -5.55556
286.076 40.7153 10196.2 -5.55556
286.076 40.718 9460.4 -5.55556
286.076 40.7207 10738.5 -5.55556
286.076 40.7234 8289.01 -5.55556
286.076 40.7261 9235.12 -5.55556
286.076 40.7288 11177.5 -5.55556
286.076 40.7315 9691.47 -5.55556
286.076 40.7342 8849.34 -5.55556
286.076 40.7369 10682.6 -5.55556
286.076 40.7397 9858.6 -5.55556
286.076 40.7424 9998.98 -5.55556
286.076 40.7451 9698.79 -5.55556
286.076 40.7478 9578.28 -5.55556
286.076 40.7505 8176.21 -5.55556
286.076 40.7532 8211.04 -5.55556
286.076 40.7559 10756 -5.55556
286.076 40.7586 9474.92 -5.55556
286.076 40.7614 10191.6 -5.55556
286.076 40.7641 9337.58 -5.55556
286.076 40.7668 9597.26 -5.55556
286.076 40.7695 10032.4 -5.55556
286.076 40.7722 9786.77 -5.55556
286.076 40.7749 9227.55 -5.55556
286.076 40.7776 10441.9 -5.55556
286.076 40.7803 10792.4 -5.55556
286.076 40.7831 9246.11 -5.55556
286.076 40.7858 9842.08 -5.55556
286.076 40.7885 11085.5 -5.55556
286.076 40.7912 8783.08 -5.55556
286.076 40.7939 10382.7 -5.55556
286.076 40.7966 10578.4 -5.55556
286.076 40.7993 9544.19 -5.55556
286.076 40.802 10224 -5.55556
286.076 40.8047 11038.3 -5.55556
286.076 40.8075 9280.07 -5.55556
286.076 40.8102 10271.6 -5.55556
286.076 40.8129 9798.17 -5.55556
286.076 40.8156 11202.7 -5.55556
286.076 40.8183 8470.48 -5.55556
286.076 40.821 12071.1 -5.55556
286.076 40.8237 9580.92 -5.55556
286.076 40.8264 9483.06 -5.55556
286.076 40.8292 9287.09 -5.55556
286.076 40.8319 9746.63 -5.55556
286.076 40.8346 10184 -5.55556
286.076 40.8373 10094.2 -5.55556
286.076 40.84 10112.2 -5.55556
286.08 40.68 8957.84 -5.55556
286.08 40.6827 9347.76 -5.55556
286.08 40.6854 9758.71 -5.55556
286.08 40.6881 9378.8 -5.55556
286.08 40.6908 11353.6 -5.55556
286.08 40.6936 10387.6 -5.55556
286.08 40.6963 10418.1 -5.55556
286.08 40.699 9726.32 -5.55556
286.08 40.7017 10810.9 -5.55556
286.08 40.7044 11818.7 -5.55556
286.08 40.7071 10542.6 -5.55556
286.08 40.7098 9822.48 -5.55556
286.08 40.7125 8563.48 -5.55556
286.08 40.7153 9486.77 -5.55556
286.08 40.718 8694.37 -5.55556
286.08 40.7207 9681.4 -5.55556
286.08 40.7234 9933.12 -5.55556
286.08 40.7261 10288.5 -5.55556
286.08 40.7288 9983.08 -5.55556
286.08 40.7315 10067.9 -5.55556
286.08 40.7342 10384.4 -5.55556
286.08 40.7369 10492.4 -5.55556
286.08 40.7397 10308.5 -5.55556
286.08 40.7424 11320.6 -5.55556
286.08 40.7451 11657.5 -5.55556
286.08 40.7478 9583.99 -5.55556
286.08 40.7505 11509.8 -5.55556
286.08 40.7532 10746.9 -5.55556
286.08 40.7559 10818.1 -5.55556
286.08 40.7586 8113.88 -5.55556
286.08 40.7614 9684.5 -5.55556
286.08 40.7641 10382.6 -5.55556
286.08 40.7668 9196.01 -5.55556
286.08 40.7695 10429 -5.55556
286.08 40.7722 8285.1 -5.55556
286.08 40.7749 11192.5 -5.55556
286.08 40.7776 11394.3 -5.55556
286.08 40.7803 10559.2 -5.55556
286.08 40.7831 9746.77 -5.55556
286.08 40.7858 9777.5 -5.55556
286.08 40.7885 10357.7 -5.55556
286.08 40.7912 9937.31 -5.55556
286.08 40.7939 8685.06 -5.55556
286.08 40.7966 8458.7 -5.55556
286.08 40.7993 9928.15 -5.55556
286.08 40.802 11144.5 -5.55556
286.08 40.8047 12125.9 -5.55556
286.08 40.8075 10215.9 -5.55556
286.08 40.8102 9445.64 -5.55556
286.08 40.8129 10054.1 -5.55556
286.08 40.8156 10177.1 -5.55556
286.08 40.8183 10499.6 -5.55556
286.08 40.821 8764.5 -5.55556
286.08 40.8237 9712.86 -5.55556
286.08 40.8264 9987.12 -5.55556
286.08 40.8292 10861.9 -5.55556
286.08 40.8319 10606.7 -5.55556
286.08 40.8346 9304.72 -5.55556
286.08 40.8373 10158.7 -5.55556
286.08 40.84 8483 -5.55556
