285.96 40.68 7921.83 -5.55556
285.96 40.6827 10795 -5.55556
285.96 40.6854 9514.01 -5.55556
285.96 40.6881 9788.71 -5.55556
285.96 40.6908 8591.65 -5.55556
285.96 40.6936 8769.14 -5.55556
285.96 40.6963 10611.8 -5.55556
285.96 40.699 11020.5 -5.55556
285.96 40.7017 11603.8 -5.55556
285.96 40.7044 11194.7 -5.55556
285.96 40.7071 10243 -5.55556
285.96 40.7098 9610.75 -5.55556
285.96 40.7125 10622.1 -5.55556
285.96 40.7153 11806.5 -5.55556
285.96 40.718 10957.9 -5.55556
285.96 40.7207 11190.4 -5.55556
285.96 40.7234 7265.95 -5.55556
285.96 40.7261 7970.52 -5.55556
285.96 40.7288 11244 -5.55556
285.96 40.7315 11453.2 -5.55556
285.96 40.7342 9294.64 -5.55556
285.96 40.7369 10090.9 -5.55556
285.96 40.7397 9546.09 -5.55556
285.96 40.7424 11281.3 -5.55556
285.96 40.7451 11370.7 -5.55556
285.96 40.7478 9574.85 -5.55556
285.96 40.7505 10457.9 -5.55556
285.96 40.7532 9245.46 -5.55556
285.96 40.7559 9290.8 -5.55556
285.96 40.7586 11306.8 -5.55556
285.96 40.7614 10484 -5.55556
285.96 40.7641 9088.48 -5.55556
285.96 40.7668 11160.3 -5.55556
285.96 40.7695 9462.24 -5.55556
285.96 40.7722 10333.1 -5.55556
285.96 40.7749 9280.69 -5.55556
285.96 40.7776 8770.99 -5.55556
285.96 40.7803 11407 -5.55556
285.96 40.7831 10175.2 -5.55556
285.96 40.7858 8618.23 -5.55556
285.96 40.7885 10920.5 -5.55556
285.96 40.7912 9418.22 -5.55556
285.96 40.7939 11010.7 -5.55556
285.96 40.7966 11137.7 -5.55556
285.96 40.7993 9337.88 -5.55556
285.96 40.802 10025.4 -5.55556
285.96 40.8047 9707.62 -5.55556
285.96 40.8075 9193.16 -5.55556
285.96 40.8102 9953.53 -5.55556
285.96 40.8129 10729.8 -5.55556
285.96 40.8156 8803.57 -5.55556
285.96 40.8183 8582.66 -5.55556
285.96 40.821 9769.32 -5.55556
285.96 40.8237 11020.6 -5.55556
285.96 40.8264 9103.77 -5.55556
285.96 40.8292 10096 -5.55556
285.96 40.8319 10851.5 -5.55556
285.96 40.8346 10432.4 -5.55556
285.96 40.8373 8524.22 -5.55556
285.96 40.84 13016.9 -5.55556
285.964 40.68 10837.1 -5.55556
285.964 40.6827 9746.66 -5.55556
285.964 40.6854 10464.3 -5.55556
285.964 40.6881 11289 -5.55556
285.964 40.6908 9149.4 -5.55556
285.964 40.6936 10380.5 -5.55556
285.964 40.6963 9600.79 -5.55556
285.964 40.699 9603.32 -5.55556
285.964 40.7017 9136.68 -5.55556
285.964 40.7044 9031.27 -5.55556
285.964 40.7071 8473.28 -5.55556
285.964 40.7098 8713.65 -5.55556
285.964 40.7125 9492.01 -5.55556
285.964 40.7153 10452.9 -5.55556
285.964 40.718 10594.9 -5.55556
285.964 40.7207 10085.9 -5.55556
285.964 40.7234 9412.66 -5.55556
285.964 40.7261 9807.08 -5.55556
285.964 40.7288 10010 -5.55556
285.964 40.7315 8729.56 -5.55556
285.964 40.7342 9279.47 -5.55556
285.964 40.7369 10893.8 -5.55556
285.964 40.7397 9711.89 -5.55556
285.964 40.7424 9657.57 -5.55556
285.964 40.7451 9183.1 -5.55556
285.964 40.7478 10088.7 -5.55556
285.964 40.7505 10126.7 -5.55556
285.964 40.7532 10605.4 -5.55556
285.964 40.7559 8030.86 -5.55556
285.964 40.7586 9317.47 -5.55556
285.964 40.7614 9337.35 -5.55556
285.964 40.7641 10796.9 -5.55556
285.964 40.7668 10114.2 -5.55556
285.964 40.7695 10365.5 -5.55556
285.964 40.7722 8756.64 -5.55556
285.964 40.7749 8512.16 -5.55556
285.964 40.7776 8648.12 -5.55556
285.964 40.7803 9372.58 -5.55556
285.964 40.7831 10294.7 -5.55556
285.964 40.7858 10380.9 -5.55556
285.964 40.7885 10741.5 -5.55556
285.964 40.7912 10369.9 -5.55556
285.964 40.7939 12621.8 -5.55556
285.964 40.7966 10297.3 -5.55556
285.964 40.7993 11382.4 -5.55556
285.964 40.802 8515.95 -5.55556
285.964 40.8047 10613.8 -5.55556
285.964 40.8075 11446.8 -5.55556
285.964 40.8102 9977.93 -5.55556
285.964 40.8129 13164.8 -5.55556
285.964 40.8156 8973.91 -5.55556
285.964 40.8183 11014.7 -5.55556
285.964 40.821 11986.9 -5.55556
285.964 40.8237 8961.91 -5.55556
285.964 40.8264 10070.3 -5.55556
285.964 40.8292 10625.2 -5.55556
285.964 40.8319 11956.3 -5.55556
285.964 40.8346 9211.76 -5.55556
285.964 40.8373 9774.28 -5.55556
285.964 40.84 10951.1 -5.55556
285.967 40.68 10776.8 -5.55556
285.967 40.6827 7400.2 -5.55556
285.967 40.6854 11204.6 -5.55556
285.967 40.6881 9494.7 -5.55556
285.967 40.6908 9726.46 -5.55556
285.967 40.6936 10055.1 -5.55556
285.967 40.6963 10741.5 -5.55556
285.967 40.699 9566.71 -5.55556
285.967 40.7017 11010.3 -5.55556
285.967 40.7044 9470.2 -5.55556
285.967 40.7071 9246.98 -5.55556
285.967 40.7098 9874.91 -5.55556
285.967 40.7125 11271.8 -5.55556
285.967 40.7153 8420.12 -5.55556
285.967 40.718 10276.2 -5.55556
285.967 40.7207 10288.4 -5.55556
285.967 40.7234 11253.8 -5.55556
285.967 40.7261 9517.96 -5.55556
285.967 40.7288 9594.26 -5.55556
285.967 40.7315 9904.61 -5.55556
285.967 40.7342 10632.9 -5.55556
285.967 40.7369 10338.6 -5.55556
285.967 40.7397 10430.4 -5.55556
285.967 40.7424 11812.7 -5.55556
285.967 40.7451 10392.7 -5.55556
285.967 40.7478 12031.2 -5.55556
285.967 40.7505 9302.22 -5.55556
285.967 40.7532 10351.2 -5.55556
285.967 40.7559 11155.5 -5.55556
285.967 40.7586 9383.29 -5.55556
285.967 40.7614 9651.26 -5.55556
285.967 40.7641 10005.6 -5.55556
285.967 40.7668 9730.06 -5.55556
285.967 40.7695 11881.2 -5.55556
285.967 40.7722 9096.05 -5.55556
285.967 40.7749 10341 -5.55556
285.967 40.7776 10436.1 -5.55556
285.967 40.7803 9555.71 -5.55556
285.967 40.7831 11087.4 -5.55556
285.967 40.7858 9257.02 -5.55556
285.967 40.7885 9424.76 -5.55556
285.967 40.7912 11259.2 -5.55556
285.967 40.7939 10004.8 -5.55556
285.967 40.7966 9189.29 -5.55556
285.967 40.7993 7734.19 -5.55556
285.967 40.802 11673.1 -5.55556
285.967 40.8047 10472.4 -5.55556
285.967 40.8075 9606.95 -5.55556
285.967 40.8102 9334.49 -5.55556
285.967 40.8129 9798.76 -5.55556
285.967 40.8156 10633.4 -5.55556
285.967 40.8183 7920.58 -5.55556
285.967 40.821 9238.73 -5.55556
285.967 40.8237 9785.22 -5.55556
285.967 40.8264 10383.9 -5.55556
285.967 40.8292 10339.9 -5.55556
285.967 40.8319 10335.1 -5.55556
285.967 40.8346 9131.36 -5.55556
285.967 40.8373 11165.5 -5.55556
285.967 40.84 10471.4 -5.55556
285.971 40.68 9913.43 -5.55556
285.971 40.6827 9635.3 -5.55556
285.971 40.6854 9846.44 -5.55556
285.971 40.6881 11025.2 -5.55556
285.971 40.6908 10118 -5.55556
285.971 40.6936 10976 -5.55556
285.971 40.6963 10573.5 -5.55556
285.971 40.699 10632.6 -5.55556
285.971 40.7017 8026.59 -5.55556
285.971 40.7044 11504.3 -5.55556
285.971 40.7071 10740.9 -5.55556
285.971 40.7098 10580.3 -5.55556
285.971 40.7125 9176.1 -5.55556
285.971 40.7153 8944.24 -5.55556
285.971 40.718 12008.1 -5.55556
285.971 40.7207 11378.8 -5.55556
285.971 40.7234 11200.4 -5.55556
285.971 40.7261 9493.65 -5.55556
285.971 40.7288 10294.2 -5.55556
285.971 40.7315 10641.9 -5.55556
285.971 40.7342 10197.9 -5.55556
285.971 40.7369 10208.7 -5.55556
285.971 40.7397 9232.79 -5.55556
285.971 40.7424 9238.5 -5.55556
285.971 40.7451 10181.9 -5.55556
285.971 40.7478 9375.21 -5.55556
285.971 40.7505 9843.46 -5.55556
285.971 40.7532 10509.9 -5.55556
285.971 40.7559 10851.1 -5.55556
285.971 40.7586 10589.6 -5.55556
285.971 40.7614 11261.2 -5.55556
285.971 40.7641 9974.6 -5.55556
285.971 40.7668 9889.45 -5.55556
285.971 40.7695 11650.1 -5.55556
285.971 40.7722 11571 -5.55556
285.971 40.7749 12293.7 -5.55556
285.971 40.7776 10209.6 -5.55556
285.971 40.7803 8646.59 -5.55556
285.971 40.7831 10486.5 -5.55556
285.971 40.7858 9743.13 -5.55556
285.971 40.7885 10712.4 -5.55556
285.971 40.7912 9367.1 -5.55556
285.971 40.7939 10096.1 -5.55556
285.971 40.7966 10361.8 -5.55556
285.971 40.7993 8230.37 -5.55556
285.971 40.802 8802.95 -5.55556
285.971 40.8047 9711.44 -5.55556
285.971 40.8075 10814.7 -5.55556
285.971 40.8102 9456.36 -5.55556
285.971 40.8129 10033.2 -5.55556
285.971 40.8156 9509.57 -5.55556
285.971 40.8183 8995.33 -5.55556
285.971 40.821 8233.1 -5.55556
285.971 40.8237 8350.85 -5.55556
285.971 40.8264 8562.16 -5.55556
285.971 40.8292 8462.45 -5.55556
285.971 40.8319 11530.1 -5.55556
285.971 40.8346 8144.59 -5.55556
285.971 40.8373 9164.15 -5.55556
285.971 40.84 10657 -5.55556
285.974 40.68 9631.28 -5.55556
285.974 40.6827 11289.3 -5.55556
285.974 40.6854 11424.4 -5.55556
285.974 40.6881 10510.3 -5.55556
285.974 40.6908 8665.44 -5.55556
285.974 40.6936 11644.7 -5.55556
285.974 40.6963 11167.2 -5.55556
285.974 40.699 9940.58 -5.55556
285.974 40.7017 10381.3 -5.55556
285.974 40.7044 8048.69 -5.55556
285.974 40.7071 8723.87 -5.55556
285.974 40.7098 8168.64 -5.55556
285.974 40.7125 10839.2 -5.55556
285.974 40.7153 10987.3 -5.55556
285.974 40.718 10600.4 -5.55556
285.974 40.7207 9385.13 -5.55556
285.974 40.7234 10880.5 -5.55556
285.974 40.7261 11056.4 -5.55556
285.974 40.7288 9212.78 -5.55556
285.974 40.7315 10672.3 -5.55556
285.974 40.7342 9637.12 -5.55556
285.974 40.7369 8884.08 -5.55556
285.974 40.7397 10551 -5.55556
285.974 40.7424 10132.4 -5.55556
285.974 40.7451 9609.72 -5.55556
285.974 40.7478 8965.54 -5.55556
285.974 40.7505 9782.87 -5.55556
285.974 40.7532 8402.23 -5.55556
285.974 40.7559 10718.6 -5.55556
285.974 40.7586 10648.4 -5.55556
285.974 40.7614 10634.6 -5.55556
285.974 40.7641 11672.2 -5.55556
285.974 40.7668 8598.14 -5.55556
285.974 40.7695 10313.5 -5.55556
285.974 40.7722 8794.46 -5.55556
285.974 40.7749 10516.5 -5.55556
285.974 40.7776 9549.03 -5.55556
285.974 40.7803 11363.9 -5.55556
285.974 40.7831 9494.06 -5.55556
285.974 40.7858 11789.6 -5.55556
285.974 40.7885 8424.12 -5.55556
285.974 40.7912 11185.8 -5.55556
285.974 40.7939 11208.2 -5.55556
285.974 40.7966 10550.8 -5.55556
285.974 40.7993 10420.4 -5.55556
285.974 40.802 8712.77 -5.55556
285.974 40.8047 10086.2 -5.55556
285.974 40.8075 10543.8 -5.55556
285.974 40.8102 10636.8 -5.55556
285.974 40.8129 10270.7 -5.55556
285.974 40.8156 9912.91 -5.55556
285.974 40.8183 11263 -5.55556
285.974 40.821 10775.5 -5.55556
285.974 40.8237 9138.68 -5.55556
285.974 40.8264 11954.3 -5.55556
285.974 40.8292 9716.69 -5.55556
285.974 40.8319 9608.06 -5.55556
285.974 40.8346 11035.9 -5.55556
285.974 40.8373 9480.07 -5.55556
285.974 40.84 9366.23 -5.55556
285.978 40.68 10277.1 -5.55556
285.978 40.6827 11094.6 -5.55556
285.978 40.6854 9262.37 -5.55556
285.978 40.6881 10939.3 -5.55556
285.978 40.6908 8848.37 -5.55556
285.978 40.6936 10937.2 -5.55556
285.978 40.6963 9531.96 -5.55556
285.978 40.699 9721.77 -5.55556
285.978 40.7017 10505 -5.55556
285.978 40.7044 10291.4 -5.55556
285.978 40.7071 10269.1 -5.55556
285.978 40.7098 10272.3 -5.55556
285.978 40.7125 9357.88 -5.55556
285.978 40.7153 10858.5 -5.55556
285.978 40.718 9446.07 -5.55556
285.978 40.7207 9631.58 -5.55556
285.978 40.7234 9346.94 -5.55556
285.978 40.7261 9255.96 -5.55556
285.978 40.7288 11071.8 -5.55556
285.978 40.7315 10619.3 -5.55556
285.978 40.7342 9402.58 -5.55556
285.978 40.7369 9929.99 -5.55556
285.978 40.7397 9900.57 -5.55556
285.978 40.7424 9281.43 -5.55556
285.978 40.7451 11054.1 -5.55556
285.978 40.7478 11473.7 -5.55556
285.978 40.7505 9447.64 -5.55556
285.978 40.7532 8976.34 -5.55556
285.978 40.7559 9808.15 -5.55556
285.978 40.7586 9742.02 -5.55556
285.978 40.7614 9189.35 -5.55556
285.978 40.7641 9903.32 -5.55556
285.978 40.7668 9948.62 -5.55556
285.978 40.7695 11117.3 -5.55556
285.978 40.7722 10374.3 -5.55556
285.978 40.7749 9011.1 -5.55556
285.978 40.7776 11455.7 -5.55556
285.978 40.7803 11012.3 -5.55556
285.978 40.7831 11253.2 -5.55556
285.978 40.7858 8810.46 -5.55556
285.978 40.7885 9911.44 -5.55556
285.978 40.7912 9749.59 -5.55556
285.978 40.7939 9109.13 -5.55556
285.978 40.7966 10439 -5.55556
285.978 40.7993 10390.2 -5.55556
285.978 40.802 11327.7 -5.55556
285.978 40.8047 10377.3 -5.55556
285.978 40.8075 11976.8 -5.55556
285.978 40.8102 9736.05 -5.55556
285.978 40.8129 10933.6 -5.55556
285.978 40.8156 8999.02 -5.55556
285.978 40.8183 11200.9 -5.55556
285.978 40.821 10405.1 -5.55556
285.978 40.8237 10644.5 -5.55556
285.978 40.8264 8535.28 -5.55556
285.978 40.8292 8056.82 -5.55556
285.978 40.8319 9643.57 -5.55556
285.978 40.8346 7176.7 -5.55556
285.978 40.8373 10343.7 -5.55556
285.978 40.84 10001.2 -5.55556
285.981 40.68 11492.7 -5.55556
285.981 40.6827 9233.59 -5.55556
285.981 40.6854 12261.6 -5.55556
285.981 40.6881 11092.7 -5.55556
285.981 40.6908 9332.73 -5.55556
285.981 40.6936 9685.33 -5.55556
285.981 40.6963 8946.85 -5.55556
285.981 40.699 10813.7 -5.55556
285.981 40.7017 9516.66 -5.55556
285.981 40.7044 9255.46 -5.55556
285.981 40.7071 10132.5 -5.55556
285.981 40.7098 11015.8 -5.55556
285.981 40.7125 10181.4 -5.55556
285.981 40.7153 10393.4 -5.55556
285.981 40.718 9451.23 -5.55556
285.981 40.7207 11304.1 -5.55556
285.981 40.7234 11131.2 -5.55556
285.981 40.7261 7612.89 -5.55556
285.981 40.7288 9821.42 -5.55556
285.981 40.7315 9923.73 -5.55556
285.981 40.7342 10650.3 -5.55556
285.981 40.7369 11386.1 -5.55556
285.981 40.7397 8893.45 -5.55556
285.981 40.7424 10480.9 -5.55556
285.981 40.7451 11151.2 -5.55556
285.981 40.7478 14638.7 -5.55556
285.981 40.7505 9387.27 -5.55556
285.981 40.7532 8955.83 -5.55556
285.981 40.7559 10719.9 -5.55556
285.981 40.7586 9407.6 -5.55556
285.981 40.7614 9925.97 -5.55556
285.981 40.7641 9068.43 -5.55556
285.981 40.7668 8884.51 -5.55556
285.981 40.7695 9580.65 -5.55556
285.981 40.7722 9497.41 -5.55556
285.981 40.7749 11168.3 -5.55556
285.981 40.7776 9252.24 -5.55556
285.981 40.7803 9326.87 -5.55556
285.981 40.7831 10265.4 -5.55556
285.981 40.7858 8451.86 -5.55556
285.981 40.7885 10997.9 -5.55556
285.981 40.7912 10561.2 -5.55556
285.981 40.7939 9683.87 -5.55556
285.981 40.7966 11321.3 -5.55556
285.981 40.7993 10300.4 -5.55556
285.981 40.802 10890.9 -5.55556
285.981 40.8047 10053.2 -5.55556
285.981 40.8075 9676.25 -5.55556
285.981 40.8102 10140.9 -5.55556
285.981 40.8129 9446.48 -5.55556
285.981 40.8156 8830.57 -5.55556
285.981 40.8183 9432.32 -5.55556
285.981 40.821 7038.57 -5.55556
285.981 40.8237 10909.4 -5.55556
285.981 40.8264 10196.3 -5.55556
285.981 40.8292 8523.54 -5.55556
285.981 40.8319 8220.74 -5.55556
285.981 40.8346 11485.4 -5.55556
285.981 40.8373 9301.55 -5.55556
285.981 40.84 9928.42 -5.55556
285.985 40.68 10220.6 -5.55556
285.985 40.6827 9333.34 -5.55556
285.985 40.6854 9996.63 -5.55556
285.985 40.6881 9274.77 -5.55556
285.985 40.6908 10896 -5.55556
285.985 40.6936 9228.5 -5.55556
285.985 40.6963 10871 -5.55556
285.985 40.699 8930.74 -5.55556
285.985 40.7017 7933.13 -5.55556
285.985 40.7044 9352.95 -5.55556
285.985 40.7071 9802.53 -5.55556
285.985 40.7098 9462.47 -5.55556
285.985 40.7125 9469.98 -5.55556
285.985 40.7153 10409.5 -5.55556
285.985 40.718 11362.9 -5.55556
285.985 40.7207 9467.08 -5.55556
285.985 40.7234 8678.93 -5.55556
285.985 40.7261 10473.8 -5.55556
285.985 40.7288 9636.55 -5.55556
285.985 40.7315 9720.62 -5.55556
285.985 40.7342 9363.88 -5.55556
285.985 40.7369 9171.23 -5.55556
285.985 40.7397 9925.29 -5.55556
285.985 40.7424 11633.8 -5.55556
285.985 40.7451 11584.5 -5.55556
285.985 40.7478 8994.64 -5.55556
285.985 40.7505 8852.26 -5.55556
285.985 40.7532 11309 -5.55556
285.985 40.7559 9213.25 -5.55556
285.985 40.7586 10017 -5.55556
285.985 40.7614 10087.8 -5.55556
285.985 40.7641 9835.4 -5.55556
285.985 40.7668 8158.39 -5.55556
285.985 40.7695 10885.1 -5.55556
285.985 40.7722 10677.6 -5.55556
285.985 40.7749 9716.72 -5.55556
285.985 40.7776 8870.46 -5.55556
285.985 40.7803 11001.6 -5.55556
285.985 40.7831 10197.3 -5.55556
285.985 40.7858 9624.57 -5.55556
285.985 40.7885 9554.42 -5.55556
285.985 40.7912 10471.3 -5.55556
285.985 40.7939 8921.8 -5.55556
285.985 40.7966 8902.54 -5.55556
285.985 40.7993 7761.59 -5.55556
285.985 40.802 11210.6 -5.55556
285.985 40.8047 9474.22 -5.55556
285.985 40.8075 8793.45 -5.55556
285.985 40.8102 11164.4 -5.55556
285.985 40.8129 9426.84 -5.55556
285.985 40.8156 10316.3 -5.55556
285.985 40.8183 10554.1 -5.55556
285.985 40.821 8948.06 -5.55556
285.985 40.8237 9920.52 -5.55556
285.985 40.8264 9781.42 -5.55556
285.985 40.8292 9580.9 -5.55556
285.985 40.8319 12050.1 -5.55556
285.985 40.8346 10279.4 -5.55556
285.985 40.8373 10276.1 -5.55556
285.985 40.84 10186.7 -5.55556
285.988 40.68 11193.2 -5.55556
285.988 40.6827 8530.71 -5.55556
285.988 40.6854 9306.68 -5.55556
285.988 40.6881 10653 -5.55556
285.988 40.6908 11073 -5.55556
285.988 40.6936 10267.1 -5.55556
285.988 40.6963 10453.6 -5.55556
285.988 40.699 9968.46 -5.55556
285.988 40.7017 8090.86 -5.55556
285.988 40.7044 8577.26 -5.55556
285.988 40.7071 11099.6 -5.55556
285.988 40.7098 9072.73 -5.55556
285.988 40.7125 8469.39 -5.55556
285.988 40.7153 9537.29 -5.55556
285.988 40.718 11106.2 -5.55556
285.988 40.7207 11766.5 -5.55556
285.988 40.7234 10135.1 -5.55556
285.988 40.7261 9346.71 -5.55556
285.988 40.7288 10899.7 -5.55556
285.988 40.7315 9656.43 -5.55556
285.988 40.7342 8236.58 -5.55556
285.988 40.7369 9115.23 -5.55556
285.988 40.7397 8500.82 -5.55556
285.988 40.7424 8890 -5.55556
285.988 40.7451 9071.65 -5.55556
285.988 40.7478 11069.3 -5.55556
285.988 40.7505 8021.87 -5.55556
285.988 40.7532 10003 -5.55556
285.988 40.7559 9262.09 -5.55556
285.988 40.7586 9876.67 -5.55556
285.988 40.7614 9051.38 -5.55556
285.988 40.7641 9292.36 -5.55556
285.988 40.7668 10466 -5.55556
285.988 40.7695 12520.4 -5.55556
285.988 40.7722 9906.56 -5.55556
285.988 40.7749 10086.6 -5.55556
285.988 40.7776 8600.44 -5.55556
285.988 40.7803 10191.5 -5.55556
285.988 40.7831 9467.38 -5.55556
285.988 40.7858 11098.8 -5.55556
285.988 40.7885 11000.1 -5.55556
285.988 40.7912 10748.9 -5.55556
285.988 40.7939 9006.7 -5.55556
285.988 40.7966 11021.6 -5.55556
285.988 40.7993 11056.4 -5.55556
285.988 40.802 9064.03 -5.55556
285.988 40.8047 10345.6 -5.55556
285.988 40.8075 9479.92 -5.55556
285.988 40.8102 10532.8 -5.55556
285.988 40.8129 10575.6 -5.55556
285.988 40.8156 10693.7 -5.55556
285.988 40.8183 10796.1 -5.55556
285.988 40.821 9358.05 -5.55556
285.988 40.8237 10975.6 -5.55556
285.988 40.8264 9721.08 -5.55556
285.988 40.8292 10840 -5.55556
285.988 40.8319 9592.77 -5.55556
285.988 40.8346 11047.4 -5.55556
285.988 40.8373 9945.56 -5.55556
285.988 40.84 11897.6 -5.55556
285.992 40.68 11536.9 -5.55556
285.992 40.6827 10736.7 -5.55556
285.992 40.6854 9630.53 -5.55556
285.992 40.6881 8683.23 -5.55556
285.992 40.6908 9655.98 -5.55556
285.992 40.6936 8880.94 -5.55556
285.992 40.6963 11454.2 -5.55556
285.992 40.699 10441.4 -5.55556
285.992 40.7017 8902.29 -5.55556
285.992 40.7044 10075.4 -5.55556
285.992 40.7071 10622.8 -5.55556
285.992 40.7098 9336.94 -5.55556
285.992 40.7125 11358 -5.55556
285.992 40.7153 10037 -5.55556
285.992 40.718 10179.1 -5.55556
285.992 40.7207 7692.23 -5.55556
285.992 40.7234 9696.04 -5.55556
285.992 40.7261 11224.3 -5.55556
285.992 40.7288 10843.9 -5.55556
285.992 40.7315 9309.76 -5.55556
285.992 40.7342 10285.5 -5.55556
285.992 40.7369 9661.29 -5.55556
285.992 40.7397 10136.8 -5.55556
285.992 40.7424 9935.24 -5.55556
285.992 40.7451 10239 -5.55556
285.992 40.7478 7909.04 -5.55556
285.992 40.7505 10147.6 -5.55556
285.992 40.7532 11400.6 -5.55556
285.992 40.7559 10319.4 -5.55556
285.992 40.7586 10538.7 -5.55556
285.992 40.7614 11860.8 -5.55556
285.992 40.7641 9651.27 -5.55556
285.992 40.7668 9534.21 -5.55556
285.992 40.7695 10534 -5.55556
285.992 40.7722 10109.5 -5.55556
285.992 40.7749 9279.88 -5.55556
285.992 40.7776 9320.64 -5.55556
285.992 40.7803 10023.7 -5.55556
285.992 40.7831 8981.37 -5.55556
285.992 40.7858 10104.8 -5.55556
285.992 40.7885 9645.28 -5.55556
285.992 40.7912 11327.5 -5.55556
285.992 40.7939 11257.6 -5.55556
285.992 40.7966 9426.86 -5.55556
285.992 40.7993 10502.7 -5.55556
285.992 40.802 9112.05 -5.55556
285.992 40.8047 12403 -5.55556
285.992 40.8075 9688.54 -5.55556
285.992 40.8102 10814.9 -5.55556
285.992 40.8129 10952.3 -5.55556
285.992 40.8156 8925 -5.55556
285.992 40.8183 12037 -5.55556
285.992 40.821 10669.3 -5.55556
285.992 40.8237 9703.42 -5.55556
285.992 40.8264 10005.2 -5.55556
285.992 40.8292 9010.26 -5.55556
285.992 40.8319 9634.68 -5.55556
285.992 40.8346 10218.7 -5.55556
285.992 40.8373 9848.29 -5.55556
285.992 40.84 9676.9 -5.55556
285.995 40.68 9216.13 -5.55556
285.995 40.6827 10997.2 -5.55556
285.995 40.6854 9762.43 -5.55556
285.995 40.6881 9243.97 -5.55556
285.995 40.6908 8940.24 -5.55556
285.995 40.6936 9322.25 -5.55556
285.995 40.6963 10346.6 -5.55556
285.995 40.699 10000.6 -5.55556
285.995 40.7017 8753.06 -5.55556
285.995 40.7044 8854.28 -5.55556
285.995 40.7071 10042.8 -5.55556
285.995 40.7098 9250.03 -5.55556
285.995 40.7125 9152.43 -5.55556
285.995 40.7153 10694.3 -5.55556
285.995 40.718 10053.3 -5.55556
285.995 40.7207 8223.99 -5.55556
285.995 40.7234 9449.19 -5.55556
285.995 40.7261 11357.7 -5.55556
285.995 40.7288 12655.2 -5.55556
285.995 40.7315 8396.29 -5.55556
285.995 40.7342 12220.2 -5.55556
285.995 40.7369 8128.37 -5.55556
285.995 40.7397 12917 -5.55556
285.995 40.7424 10972.6 -5.55556
285.995 40.7451 9566.04 -5.55556
285.995 40.7478 9943.43 -5.55556
285.995 40.7505 9015.31 -5.55556
285.995 40.7532 10328.2 -5.55556
285.995 40.7559 10566.2 -5.55556
285.995 40.7586 9908.6 -5.55556
285.995 40.7614 9365.95 -5.55556
285.995 40.7641 11368.4 -5.55556
285.995 40.7668 9723.35 -5.55556
285.995 40.7695 11399.1 -5.55556
285.995 40.7722 11368.8 -5.55556
285.995 40.7749 10149.6 -5.55556
285.995 40.7776 9644.43 -5.55556
285.995 40.7803 10292.4 -5.55556
285.995 40.7831 9414.44 -5.55556
285.995 40.7858 9465.84 -5.55556
285.995 40.7885 8356.19 -5.55556
285.995 40.7912 8078.48 -5.55556
285.995 40.7939 9986.49 -5.55556
285.995 40.7966 9576.17 -5.55556
285.995 40.7993 8701.65 -5.55556
285.995 40.802 10386 -5.55556
285.995 40.8047 11150 -5.55556
285.995 40.8075 10816.1 -5.55556
285.995 40.8102 10749 -5.55556
285.995 40.8129 9353.14 -5.55556
285.995 40.8156 9824.93 -5.55556
285.995 40.8183 10500.4 -5.55556
285.995 40.821 9946.51 -5.55556
285.995 40.8237 8577.25 -5.55556
285.995 40.8264 8886.08 -5.55556
285.995 40.8292 9180.58 -5.55556
285.995 40.8319 10215.9 -5.55556
285.995 40.8346 10100.3 -5.55556
285.995 40.8373 8931.86 -5.55556
285.995 40.84 10644.7 -5.55556
285.999 40.68 10029.1 -5.55556
285.999 40.6827 8076.1 -5.55556
285.999 40.6854 8985.48 -5.55556
285.999 40.6881 10509 -5.55556
285.999 40.6908 11223.4 -5.55556
285.999 40.6936 10199.8 -5.55556
285.999 40.6963 9962.3 -5.55556
285.999 40.699 11174 -5.55556
285.999 40.7017 11831.9 -5.55556
285.999 40.7044 9680.21 -5.55556
285.999 40.7071 10412.1 -5.55556
285.999 40.7098 10654 -5.55556
285.999 40.7125 10595.5 -5.55556
285.999 40.7153 10685.6 -5.55556
285.999 40.718 9403.55 -5.55556
285.999 40.7207 10269.1 -5.55556
285.999 40.7234 10649 -5.55556
285.999 40.7261 9790.88 -5.55556
285.999 40.7288 11654.4 -5.55556
285.999 40.7315 8710.88 -5.55556
285.999 40.7342 10861.1 -5.55556
285.999 40.7369 10402 -5.55556
285.999 40.7397 10737.3 -5.55556
285.999 40.7424 9063.64 -5.55556
285.999 40.7451 8872.37 -5.55556
285.999 40.7478 9969.67 -5.55556
285.999 40.7505 10024.8 -5.55556
285.999 40.7532 9681.36 -5.55556
285.999 40.7559 10606 -5.55556
285.999 40.7586 10201.5 -5.55556
285.999 40.7614 10396.3 -5.55556
285.999 40.7641 10689.5 -5.55556
285.999 40.7668 9417.15 -5.55556
285.999 40.7695 10074.2 -5.55556
285.999 40.7722 11896.1 -5.55556
285.999 40.7749 11567.8 -5.55556
285.999 40.7776 8634.17 -5.55556
285.999 40.7803 7492.31 -5.55556
285.999 40.7831 10145.7 -5.55556
285.999 40.7858 9715.59 -5.55556
285.999 40.7885 10695.9 -5.55556
285.999 40.7912 9310.52 -5.55556
285.999 40.7939 10340.6 -5.55556
285.999 40.7966 10829.6 -5.55556
285.999 40.7993 9039.46 -5.55556
285.999 40.802 11498.8 -5.55556
285.999 40.8047 10960.9 -5.55556
285.999 40.8075 9639.65 -5.55556
285.999 40.8102 11477.2 -5.55556
285.999 40.8129 9736.78 -5.55556
285.999 40.8156 10384.5 -5.55556
285.999 40.8183 10643.2 -5.55556
285.999 40.821 11917.3 -5.55556
285.999 40.8237 9644.05 -5.55556
285.999 40.8264 9588.02 -5.55556
285.999 40.8292 10140.3 -5.55556
285.999 40.8319 10211.3 -5.55556
285.999 40.8346 10199 -5.55556
285.999 40.8373 10008.8 -5.55556
285.999 40.84 12000.8 -5.55556
286.002 40.68 8312.94 -5.55556
286.002 40.6827 10284.7 -5.55556
286.002 40.6854 6999.56 -5.55556
286.002 40.6881 10132.7 -5.55556
286.002 40.6908 10097.1 -5.55556
286.002 40.6936 9033.98 -5.55556
286.002 40.6963 9463.62 -5.55556
286.002 40.699 9674.34 -5.55556
286.002 40.7017 10840.8 -5.55556
286.002 40.7044 11166.6 -5.55556
286.002 40.7071 8474.45 -5.55556
286.002 40.7098 9706.54 -5.55556
286.002 40.7125 8529.63 -5.55556
286.002 40.7153 10310 -5.55556
286.002 40.718 9179.67 -5.55556
286.002 40.7207 10698 -5.55556
286.002 40.7234 10873.7 -5.55556
286.002 40.7261 10194.6 -5.55556
286.002 40.7288 10544.8 -5.55556
286.002 40.7315 9552.08 -5.55556
286.002 40.7342 9992.15 -5.55556
286.002 40.7369 11543.8 -5.55556
286.002 40.7397 9373.9 -5.55556
286.002 40.7424 10438.9 -5.55556
286.002 40.7451 9707.43 -5.55556
286.002 40.7478 10851.8 -5.55556
286.002 40.7505 9531.6 -5.55556
286.002 40.7532 10402.5 -5.55556
286.002 40.7559 10569.8 -5.55556
286.002 40.7586 9922.12 -5.55556
286.002 40.7614 9604.91 -5.55556
286.002 40.7641 11432 -5.55556
286.002 40.7668 9547.32 -5.55556
286.002 40.7695 9017.36 -5.55556
286.002 40.7722 10845 -5.55556
286.002 40.7749 9801.13 -5.55556
286.002 40.7776 9411.12 -5.55556
286.002 40.7803 11832 -5.55556
286.002 40.7831 10605.1 -5.55556
286.002 40.7858 10073.9 -5.55556
286.002 40.7885 8138.07 -5.55556
286.002 40.7912 11207.8 -5.55556
286.002 40.7939 9721.35 -5.55556
286.002 40.7966 12353.2 -5.55556
286.002 40.7993 9836.78 -5.55556
286.002 40.802 10099.6 -5.55556
286.002 40.8047 13150.7 -5.55556
286.002 40.8075 10469.8 -5.55556
286.002 40.8102 7638.54 -5.55556
286.002 40.8129 9679.64 -5.55556
286.002 40.8156 9946.49 -5.55556
286.002 40.8183 9970.21 -5.55556
286.002 40.821 8814.16 -5.55556
286.002 40.8237 11352.8 -5.55556
286.002 40.8264 9338.41 -5.55556
286.002 40.8292 10409 -5.55556
286.002 40.8319 9953.88 -5.55556
286.002 40.8346 10918.3 -5.55556
286.002 40.8373 9563.35 -5.55556
286.002 40.84 9798.49 -5.55556
286.006 40.68 9958.38 -5.55556
286.006 40.6827 11241.7 -5.55556
286.006 40.6854 11769.5 -5.55556
286.006 40.6881 9605.65 -5.55556
286.006 40.6908 9761.48 -5.55556
286.006 40.6936 9761.68 -5.55556
286.006 40.6963 9053.15 -5.55556
286.006 40.699 10053.8 -5.55556
286.006 40.7017 9142.17 -5.55556
286.006 40.7044 8414.08 -5.55556
286.006 40.7071 10550 -5.55556
286.006 40.7098 10984.5 -5.55556
286.006 40.7125 10026.5 -5.55556
286.006 40.7153 10963 -5.55556
286.006 40.718 10102.5 -5.55556
286.006 40.7207 11414.6 -5.55556
286.006 40.7234 10329 -5.55556
286.006 40.7261 10229.3 -5.55556
286.006 40.7288 10848 -5.55556
286.006 40.7315 10179.4 -5.55556
286.006 40.7342 10114.4 -5.55556
286.006 40.7369 8565.33 -5.55556
286.006 40.7397 11256.1 -5.55556
286.006 40.7424 11805.6 -5.55556
286.006 40.7451 9271.69 -5.55556
286.006 40.7478 9659.15 -5.55556
286.006 40.7505 8407.69 -5.55556
286.006 40.7532 9060.13 -5.55556
286.006 40.7559 10352.4 -5.55556
286.006 40.7586 10493.3 -5.55556
286.006 40.7614 10101.9 -5.55556
286.006 40.7641 9876.52 -5.55556
286.006 40.7668 8061.75 -5.55556
286.006 40.7695 11321.9 -5.55556
286.006 40.7722 9847.06 -5.55556
286.006 40.7749 9664.39 -5.55556
286.006 40.7776 9567.69 -5.55556
286.006 40.7803 8942.58 -5.55556
286.006 40.7831 8637.5 -5.55556
286.006 40.7858 11260.2 -5.55556
286.006 40.7885 9929.57 -5.55556
286.006 40.7912 11452.2 -5.55556
286.006 40.7939 8890.21 -5.55556
286.006 40.7966 10059.4 -5.55556
286.006 40.7993 10134.1 -5.55556
286.006 40.802 8758.28 -5.55556
286.006 40.8047 8845.65 -5.55556
286.006 40.8075 9514.79 -5.55556
286.006 40.8102 9307.91 -5.55556
286.006 40.8129 10947.7 -5.55556
286.006 40.8156 9908.09 -5.55556
286.006 40.8183 8065.02 -5.55556
286.006 40.821 12389.6 -5.55556
286.006 40.8237 9327.19 -5.55556
286.006 40.8264 11166.5 -5.55556
286.006 40.8292 8291.03 -5.55556
286.006 40.8319 9086.95 -5.55556
286.006 40.8346 8415.7 -5.55556
286.006 40.8373 11137.1 -5.55556
286.006 40.84 12148.7 -5.55556
286.009 40.68 12027.8 -5.55556
286.009 40.6827 10234.2 -5.55556
286.009 40.6854 11444.3 -5.55556
286.009 40.6881 12537.3 -5.55556
286.009 40.6908 10054.4 -5.55556
286.009 40.6936 9318.87 -5.55556
286.009 40.6963 10868.6 -5.55556
286.009 40.699 12206.5 -5.55556
286.009 40.7017 9816.07 -5.55556
286.009 40.7044 10420.2 -5.55556
286.009 40.7071 10469.3 -5.55556
286.009 40.7098 8660.84 -5.55556
286.009 40.7125 11413.3 -5.55556
286.009 40.7153 9633.96 -5.55556
286.009 40.718 8682.65 -5.55556
286.009 40.7207 8671.31 -5.55556
286.009 40.7234 11649.6 -5.55556
286.009 40.7261 11830.5 -5.55556
286.009 40.7288 11355.9 -5.55556
286.009 40.7315 8630.56 -5.55556
286.009 40.7342 9916.67 -5.55556
286.009 40.7369 10285.9 -5.55556
286.009 40.7397 8552.87 -5.55556
286.009 40.7424 9620.1 -5.55556
286.009 40.7451 10102.2 -5.55556
286.009 40.7478 11028.6 -5.55556
286.009 40.7505 9800.44 -5.55556
286.009 40.7532 12198.9 -5.55556
286.009 40.7559 10277.6 -5.55556
286.009 40.7586 8889.99 -5.55556
286.009 40.7614 9905.75 -5.55556
286.009 40.7641 8781.62 -5.55556
286.009 40.7668 9042.97 -5.55556
286.009 40.7695 8631.96 -5.55556
286.009 40.7722 10027.3 -5.55556
286.009 40.7749 8682.83 -5.55556
286.009 40.7776 12158.5 -5.55556
286.009 40.7803 10086.8 -5.55556
286.009 40.7831 9484.76 -5.55556
286.009 40.7858 9768.92 -5.55556
286.009 40.7885 8499.79 -5.55556
286.009 40.7912 8640.3 -5.55556
286.009 40.7939 9743.82 -5.55556
286.009 40.7966 9273.26 -5.55556
286.009 40.7993 9989.02 -5.55556
286.009 40.802 11745.3 -5.55556
286.009 40.8047 9977.91 -5.55556
286.009 40.8075 11339.4 -5.55556
286.009 40.8102 9370.28 -5.55556
286.009 40.8129 10808.1 -5.55556
286.009 40.8156 11586.2 -5.55556
286.009 40.8183 9402.91 -5.55556
286.009 40.821 7738.67 -5.55556
286.009 40.8237 9339.83 -5.55556
286.009 40.8264 9919.98 -5.55556
286.009 40.8292 10513.6 -5.55556
286.009 40.8319 10595.4 -5.55556
286.009 40.8346 9856.69 -5.55556
286.009 40.8373 8773.56 -5.55556
286.009 40.84 9818.59 -5.55556
286.013 40.68 10439.9 -5.55556
286.013 40.6827 11631.7 -5.55556
286.013 40.6854 9462.84 -5.55556
286.013 40.6881 12267.1 -5.55556
286.013 40.6908 9220.74 -5.55556
286.013 40.6936 10657.8 -5.55556
286.013 40.6963 11063.4 -5.55556
286.013 40.699 9219.21 -5.55556
286.013 40.7017 9009.13 -5.55556
286.013 40.7044 9557.84 -5.55556
286.013 40.7071 9140.79 -5.55556
286.013 40.7098 9596.17 -5.55556
286.013 40.7125 10846.4 -5.55556
286.013 40.7153 9986.8 -5.55556
286.013 40.718 9982.83 -5.55556
286.013 40.7207 10333.2 -5.55556
286.013 40.7234 9404.61 -5.55556
286.013 40.7261 8807.47 -5.55556
286.013 40.7288 9985.1 -5.55556
286.013 40.7315 10343.6 -5.55556
286.013 40.7342 12473.8 -5.55556
286.013 40.7369 10864.6 -5.55556
286.013 40.7397 9369.15 -5.55556
286.013 40.7424 10210.9 -5.55556
286.013 40.7451 10462.1 -5.55556
286.013 40.7478 8636.32 -5.55556
286.013 40.7505 9366.81 -5.55556
286.013 40.7532 12278.7 -5.55556
286.013 40.7559 10809.6 -5.55556
286.013 40.7586 10828.1 -5.55556
286.013 40.7614 8416.61 -5.55556
286.013 40.7641 10963.8 -5.55556
286.013 40.7668 10073.3 -5.55556
286.013 40.7695 9681.74 -5.55556
286.013 40.7722 9917.36 -5.55556
286.013 40.7749 10029.4 -5.55556
286.013 40.7776 10576.6 -5.55556
286.013 40.7803 9981.61 -5.55556
286.013 40.7831 10444.1 -5.55556
286.013 40.7858 9031.83 -5.55556
286.013 40.7885 9195.13 -5.55556
286.013 40.7912 8664.48 -5.55556
286.013 40.7939 8161.54 -5.55556
286.013 40.7966 10990.7 -5.55556
286.013 40.7993 10245.9 -5.55556
286.013 40.802 10441.7 -5.55556
286.013 40.8047 10563.1 -5.55556
286.013 40.8075 9952.76 -5.55556
286.013 40.8102 9948.72 -5.55556
286.013 40.8129 9533.12 -5.55556
286.013 40.8156 10532.9 -5.55556
286.013 40.8183 8385.48 -5.55556
286.013 40.821 9686.39 -5.55556
286.013 40.8237 8619.46 -5.55556
286.013 40.8264 11422.3 -5.55556
286.013 40.8292 10556.2 -5.55556
286.013 40.8319 10095.4 -5.55556
286.013 40.8346 9495.18 -5.55556
286.013 40.8373 9453.73 -5.55556
286.013 40.84 9452.28 -5.55556
286.016 40.68 7584.62 -5.55556
286.016 40.6827 11167.1 -5.55556
286.016 40.6854 8693.9 -5.55556
286.016 40.6881 10329.1 -5.55556
286.016 40.6908 10980.9 -5.55556
286.016 40.6936 10801.7 -5.55556
286.016 40.6963 10746 -5.55556
286.016 40.699 10555.9 -5.55556
286.016 40.7017 8949.41 -5.55556
286.016 40.7044 11045 -5.55556
286.016 40.7071 10622 -5.55556
286.016 40.7098 8084.31 -5.55556
286.016 40.7125 9641.66 -5.55556
286.016 40.7153 10209.4 -5.55556
286.016 40.718 11188.7 -5.55556
286.016 40.7207 11794.4 -5.55556
286.016 40.7234 9159.94 -5.55556
286.016 40.7261 10011.5 -5.55556
286.016 40.7288 10119.3 -5.55556
286.016 40.7315 9315.29 -5.55556
286.016 40.7342 10841.7 -5.55556
286.016 40.7369 9048.53 -5.55556
286.016 40.7397 8760.23 -5.55556
286.016 40.7424 9753.93 -5.55556
286.016 40.7451 9819.52 -5.55556
286.016 40.7478 10779.6 -5.55556
286.016 40.7505 11783.8 -5.55556
286.016 40.7532 10229.3 -5.55556
286.016 40.7559 8832.51 -5.55556
286.016 40.7586 9719.89 -5.55556
286.016 40.7614 8329.52 -5.55556
286.016 40.7641 10105.8 -5.55556
286.016 40.7668 11071.2 -5.55556
286.016 40.7695 10256.2 -5.55556
286.016 40.7722 10025.9 -5.55556
286.016 40.7749 7959.89 -5.55556
286.016 40.7776 10352.6 -5.55556
286.016 40.7803 8883.07 -5.55556
286.016 40.7831 9163.13 -5.55556
286.016 40.7858 12481.9 -5.55556
286.016 40.7885 11120.4 -5.55556
286.016 40.7912 8649.07 -5.55556
286.016 40.7939 9562.62 -5.55556
286.016 40.7966 9566.74 -5.55556
286.016 40.7993 9475.93 -5.55556
286.016 40.802 11680.6 -5.55556
286.016 40.8047 8720.37 -5.55556
286.016 40.8075 11020.1 -5.55556
286.016 40.8102 10873.4 -5.55556
286.016 40.8129 8632.38 -5.55556
286.016 40.8156 9656.42 -5.55556
286.016 40.8183 8820.76 -5.55556
286.016 40.821 8666.17 -5.55556
286.016 40.8237 9475.45 -5.55556
286.016 40.8264 9611.55 -5.55556
286.016 40.8292 11003.6 -5.55556
286.016 40.8319 10943.3 -5.55556
286.016 40.8346 11450.4 -5.55556
286.016 40.8373 10850.2 -5.55556
286.016 40.84 8923.08 -5.55556
286.02 40.68 10404.3 -5.55556
286.02 40.6827 10807.9 -5.55556
286.02 40.6854 10067.9 -5.55556
286.02 40.6881 10440.4 -5.55556
286.02 40.6908 11657.7 -5.55556
286.02 40.6936 10694.6 -5.55556
286.02 40.6963 10617.2 -5.55556
286.02 40.699 8797.36 -5.55556
286.02 40.7017 11062.3 -5.55556
286.02 40.7044 8452.17 -5.55556
286.02 40.7071 10554.7 -5.55556
286.02 40.7098 10529.3 -5.55556
286.02 40.7125 9279.16 -5.55556
286.02 40.7153 9645.15 -5.55556
286.02 40.718 11220.9 -5.55556
286.02 40.7207 10824.2 -5.55556
286.02 40.7234 10130.1 -5.55556
286.02 40.7261 9975.75 -5.55556
286.02 40.7288 10108.4 -5.55556
286.02 40.7315 10794.5 -5.55556
286.02 40.7342 10789 -5.55556
286.02 40.7369 10159.2 -5.55556
286.02 40.7397 10335.9 -5.55556
286.02 40.7424 10738.1 -5.55556
286.02 40.7451 11100.5 -5.55556
286.02 40.7478 9746.03 -5.55556
286.02 40.7505 10162.4 -5.55556
286.02 40.7532 10218.1 -5.55556
286.02 40.7559 10517.7 -5.55556
286.02 40.7586 10275.4 -5.55556
286.02 40.7614 8067.02 -5.55556
286.02 40.7641 10861.9 -5.55556
286.02 40.7668 9917.27 -5.55556
286.02 40.7695 10979.1 -5.55556
286.02 40.7722 10919.5 -5.55556
286.02 40.7749 11545.2 -5.55556
286.02 40.7776 10904.8 -5.55556
286.02 40.7803 12101.6 -5.55556
286.02 40.7831 9344.83 -5.55556
286.02 40.7858 9161.54 -5.55556
286.02 40.7885 10292.8 -5.55556
286.02 40.7912 10748.4 -5.55556
286.02 40.7939 10856.3 -5.55556
286.02 40.7966 10608.2 -5.55556
286.02 40.7993 10728 -5.55556
286.02 40.802 8848.17 -5.55556
286.02 40.8047 8969.27 -5.55556
286.02 40.8075 9164.89 -5.55556
286.02 40.8102 9589.62 -5.55556
286.02 40.8129 9525.56 -5.55556
286.02 40.8156 10524 -5.55556
286.02 40.8183 9293.48 -5.55556
286.02 40.821 9896.72 -5.55556
286.02 40.8237 10631.2 -5.55556
286.02 40.8264 9451.38 -5.55556
286.02 40.8292 10009.8 -5.55556
286.02 40.8319 11839.6 -5.55556
286.02 40.8346 10463.6 -5.55556
286.02 40.8373 9943.38 -5.55556
286.02 40.84 9989.72 -5.55556
286.024 40.68 9810.03 -5.55556
286.024 40.6827 10587.6 -5.55556
286.024 40.6854 8013.31 -5.55556
286.024 40.6881 9103.21 -5.55556
286.024 40.6908 10727.7 -5.55556
286.024 40.6936 9208.11 -5.55556
286.024 40.6963 11059.1 -5.55556
286.024 40.699 10054.1 -5.55556
286.024 40.7017 10308.7 -5.55556
286.024 40.7044 10145.1 -5.55556
286.024 40.7071 11346.9 -5.55556
286.024 40.7098 10572.4 -5.55556
286.024 40.7125 9970.85 -5.55556
286.024 40.7153 9813.51 -5.55556
286.024 40.718 11069.2 -5.55556
286.024 40.7207 9392.39 -5.55556
286.024 40.7234 11448.7 -5.55556
286.024 40.7261 8552.81 -5.55556
286.024 40.7288 8003.51 -5.55556
286.024 40.7315 11618.5 -5.55556
286.024 40.7342 8111.08 -5.55556
286.024 40.7369 12030 -5.55556
286.024 40.7397 10192.1 -5.55556
286.024 40.7424 9666.14 -5.55556
286.024 40.7451 10210.9 -5.55556
286.024 40.7478 11926.3 -5.55556
286.024 40.7505 9473.79 -5.55556
286.024 40.7532 9413.64 -5.55556
286.024 40.7559 11857.7 -5.55556
286.024 40.7586 10149.1 -5.55556
286.024 40.7614 10651.6 -5.55556
286.024 40.7641 11694.4 -5.55556
286.024 40.7668 10273.7 -5.55556
286.024 40.7695 10893.1 -5.55556
286.024 40.7722 9593.29 -5.55556
286.024 40.7749 8686.94 -5.55556
286.024 40.7776 10353.4 -5.55556
286.024 40.7803 9713.3 -5.55556
286.024 40.7831 9926.05 -5.55556
286.024 40.7858 10400.7 -5.55556
286.024 40.7885 10910.7 -5.55556
286.024 40.7912 10004.3 -5.55556
286.024 40.7939 11268.7 -5.55556
286.024 40.7966 8573.65 -5.55556
286.024 40.7993 9020.17 -5.55556
286.024 40.802 8436 -5.55556
286.024 40.8047 10468.4 -5.55556
286.024 40.8075 10029.5 -5.55556
286.024 40.8102 9729.63 -5.55556
286.024 40.8129 8660.92 -5.55556
286.024 40.8156 11725 -5.55556
286.024 40.8183 9444.24 -5.55556
286.024 40.821 8598.7 -5.55556
286.024 40.8237 10049.3 -5.55556
286.024 40.8264 10369 -5.55556
286.024 40.8292 9816.01 -5.55556
286.024 40.8319 10173.7 -5.55556
286.024 40.8346 9074.05 -5.55556
286.024 40.8373 10725.8 -5.55556
286.024 40.84 9548.53 -5.55556
286.027 40.68 9676.4 -5.55556
286.027 40.6827 10397.9 -5.55556
286.027 40.6854 9295.64 -5.55556
286.027 40.6881 10826.2 -5.55556
286.027 40.6908 12216.1 -5.55556
286.027 40.6936 10032.6 -5.55556
286.027 40.6963 11199.6 -5.55556
286.027 40.699 9448.33 -5.55556
286.027 40.7017 10563.4 -5.55556
286.027 40.7044 8176.57 -5.55556
286.027 40.7071 11304.5 -5.55556
286.027 40.7098 10189.7 -5.55556
286.027 40.7125 11401.3 -5.55556
286.027 40.7153 8677.43 -5.55556
286.027 40.718 10157.8 -5.55556
286.027 40.7207 9757.46 -5.55556
286.027 40.7234 9258.65 -5.55556
286.027 40.7261 11166.1 -5.55556
286.027 40.7288 9341.87 -5.55556
286.027 40.7315 7918.49 -5.55556
286.027 40.7342 9948.78 -5.55556
286.027 40.7369 10939.2 -5.55556
286.027 40.7397 9070.2 -5.55556
286.027 40.7424 10703.6 -5.55556
286.027 40.7451 8793.68 -5.55556
286.027 40.7478 9859.08 -5.55556
286.027 40.7505 8354.11 -5.55556
286.027 40.7532 9687.45 -5.55556
286.027 40.7559 11853 -5.55556
286.027 40.7586 10167.4 -5.55556
286.027 40.7614 9981.13 -5.55556
286.027 40.7641 9955.35 -5.55556
286.027 40.7668 9420.6 -5.55556
286.027 40.7695 7754.48 -5.55556
286.027 40.7722 10542.3 -5.55556
286.027 40.7749 8671.48 -5.55556
286.027 40.7776 11494 -5.55556
286.027 40.7803 9878.1 -5.55556
286.027 40.7831 9372.41 -5.55556
286.027 40.7858 10273.4 -5.55556
286.027 40.7885 9135.32 -5.55556
286.027 40.7912 9063.45 -5.55556
286.027 40.7939 10077.2 -5.55556
286.027 40.7966 10150.1 -5.55556
286.027 40.7993 11122.1 -5.55556
286.027 40.802 9379.21 -5.55556
286.027 40.8047 10062.4 -5.55556
286.027 40.8075 10411.9 -5.55556
286.027 40.8102 9726.93 -5.55556
286.027 40.8129 9649.24 -5.55556
286.027 40.8156 9908.5 -5.55556
286.027 40.8183 10243.9 -5.55556
286.027 40.821 10133.8 -5.55556
286.027 40.8237 10751.9 -5.55556
286.027 40.8264 8628.13 -5.55556
286.027 40.8292 10386.9 -5.55556
286.027 40.8319 8990.94 -5.55556
286.027 40.8346 10877.8 -5.55556
286.027 40.8373 11513.7 -5.55556
286.027 40.84 9529.09 -5.55556
286.031 40.68 11017.7 -5.55556
286.031 40.6827 9815.1 -5.55556
286.031 40.6854 9448.66 -5.55556
286.031 40.6881 10612.6 -5.55556
286.031 40.6908 9763.63 -5.55556
286.031 40.6936 11730.1 -5.55556
286.031 40.6963 10806.7 -5.55556
286.031 40.699 8133.97 -5.55556
286.031 40.7017 9462.28 -5.55556
286.031 40.7044 8884.4 -5.55556
286.031 40.7071 9551.92 -5.55556
286.031 40.7098 11377 -5.55556
286.031 40.7125 9992.36 -5.55556
286.031 40.7153 9761.01 -5.55556
286.031 40.718 9135.32 -5.55556
286.031 40.7207 9539.97 -5.55556
286.031 40.7234 11449.2 -5.55556
286.031 40.7261 10353.3 -5.55556
286.031 40.7288 11836.4 -5.55556
286.031 40.7315 10273.7 -5.55556
286.031 40.7342 9677.55 -5.55556
286.031 40.7369 9629.28 -5.55556
286.031 40.7397 7635.39 -5.55556
286.031 40.7424 11811.8 -5.55556
286.031 40.7451 9702.43 -5.55556
286.031 40.7478 10741.3 -5.55556
286.031 40.7505 8682.48 -5.55556
286.031 40.7532 9591.28 -5.55556
286.031 40.7559 10258.4 -5.55556
286.031 40.7586 11433.1 -5.55556
286.031 40.7614 9529.47 -5.55556
286.031 40.7641 9295.71 -5.55556
286.031 40.7668 11106.8 -5.55556
286.031 40.7695 10836.3 -5.55556
286.031 40.7722 10159.5 -5.55556
286.031 40.7749 9728.74 -5.55556
286.031 40.7776 9943.25 -5.55556
286.031 40.7803 9450.51 -5.55556
286.031 40.7831 8772.86 -5.55556
286.031 40.7858 11068.4 -5.55556
286.031 40.7885 11333.8 -5.55556
286.031 40.7912 10563.5 -5.55556
286.031 40.7939 10148.9 -5.55556
286.031 40.7966 10838.5 -5.55556
286.031 40.7993 10250.6 -5.55556
286.031 40.802 7361.55 -5.55556
286.031 40.8047 9577.55 -5.55556
286.031 40.8075 10246.1 -5.55556
286.031 40.8102 8207.93 -5.55556
286.031 40.8129 8881.22 -5.55556
286.031 40.8156 10452 -5.55556
286.031 40.8183 10671.8 -5.55556
286.031 40.821 11485.7 -5.55556
286.031 40.8237 10159.2 -5.55556
286.031 40.8264 9641.07 -5.55556
286.031 40.8292 8414.71 -5.55556
286.031 40.8319 10602.7 -5.55556
286.031 40.8346 9589.67 -5.55556
286.031 40.8373 9051.24 -5.55556
286.031 40.84 9868.63 -5.55556
286.034 40.68 11829.4 -5.55556
286.034 40.6827 9516.87 -5.55556
286.034 40.6854 11044.8 -5.55556
286.034 40.6881 9849.2 -5.55556
286.034 40.6908 11504.1 -5.55556
286.034 40.6936 10926.9 -5.55556
286.034 40.6963 10418.8 -5.55556
286.034 40.699 11460.8 -5.55556
286.034 40.7017 9470.25 -5.55556
286.034 40.7044 11278 -5.55556
286.034 40.7071 11271.7 -5.55556
286.034 40.7098 8628.37 -5.55556
286.034 40.7125 10672.7 -5.55556
286.034 40.7153 9098.35 -5.55556
286.034 40.718 9442.31 -5.55556
286.034 40.7207 10387.3 -5.55556
286.034 40.7234 8804.99 -5.55556
286.034 40.7261 10438.8 -5.55556
286.034 40.7288 10245.3 -5.55556
286.034 40.7315 9391.81 -5.55556
286.034 40.7342 9294.11 -5.55556
286.034 40.7369 10604.6 -5.55556
286.034 40.7397 12378.8 -5.55556
286.034 40.7424 11896.4 -5.55556
286.034 40.7451 8878.8 -5.55556
286.034 40.7478 8064.17 -5.55556
286.034 40.7505 10529 -5.55556
286.034 40.7532 9472.91 -5.55556
286.034 40.7559 8614.94 -5.55556
286.034 40.7586 11139.9 -5.55556
286.034 40.7614 9578.79 -5.55556
286.034 40.7641 10448.3 -5.55556
286.034 40.7668 10426.4 -5.55556
286.034 40.7695 10790.9 -5.55556
286.034 40.7722 12218.2 -5.55556
286.034 40.7749 10800.2 -5.55556
286.034 40.7776 10005.6 -5.55556
286.034 40.7803 8011.15 -5.55556
286.034 40.7831 8941.01 -5.55556
286.034 40.7858 9249.24 -5.55556
286.034 40.7885 9697.6 -5.55556
286.034 40.7912 10343.8 -5.55556
286.034 40.7939 9584.53 -5.55556
286.034 40.7966 10243.7 -5.55556
286.034 40.7993 9979 -5.55556
286.034 40.802 11849.7 -5.55556
286.034 40.8047 9842.59 -5.55556
286.034 40.8075 9726.15 -5.55556
286.034 40.8102 10186.6 -5.55556
286.034 40.8129 10623.9 -5.55556
286.034 40.8156 9647.54 -5.55556
286.034 40.8183 11592.6 -5.55556
286.034 40.821 9557.49 -5.55556
286.034 40.8237 10359.7 -5.55556
286.034 40.8264 9218.49 -5.55556
286.034 40.8292 10377.1 -5.55556
286.034 40.8319 9977.83 -5.55556
286.034 40.8346 11101.4 -5.55556
286.034 40.8373 11108.1 -5.55556
286.034 40.84 10518.3 -5.55556
286.038 40.68 11649.2 -5.55556
286.038 40.6827 10178.8 -5.55556
286.038 40.6854 10196.6 -5.55556
286.038 40.6881 12029.6 -5.55556
286.038 40.6908 10839.9 -5.55556
286.038 40.6936 10245 -5.55556
286.038 40.6963 11027.6 -5.55556
286.038 40.699 10217.3 -5.55556
286.038 40.7017 8739.61 -5.55556
286.038 40.7044 10695.1 -5.55556
286.038 40.7071 11027.2 -5.55556
286.038 40.7098 10575.8 -5.55556
286.038 40.7125 9365.1 -5.55556
286.038 40.7153 9580.47 -5.55556
286.038 40.718 9370.3 -5.55556
286.038 40.7207 9769.51 -5.55556
286.038 40.7234 9752.64 -5.55556
286.038 40.7261 9213.29 -5.55556
286.038 40.7288 9478.04 -5.55556
286.038 40.7315 9660.67 -5.55556
286.038 40.7342 9451.29 -5.55556
286.038 40.7369 10192.6 -5.55556
286.038 40.7397 9922.29 -5.55556
286.038 40.7424 9875.39 -5.55556
286.038 40.7451 10586.4 -5.55556
286.038 40.7478 10290.7 -5.55556
286.038 40.7505 10038.8 -5.55556
286.038 40.7532 10801.7 -5.55556
286.038 40.7559 11035.8 -5.55556
286.038 40.7586 9069.8 -5.55556
286.038 40.7614 9533.28 -5.55556
286.038 40.7641 11136.6 -5.55556
286.038 40.7668 9606.18 -5.55556
286.038 40.7695 10521 -5.55556
286.038 40.7722 9175.99 -5.55556
286.038 40.7749 10472.8 -5.55556
286.038 40.7776 9555.85 -5.55556
286.038 40.7803 9692.56 -5.55556
286.038 40.7831 9823.39 -5.55556
286.038 40.7858 11585.9 -5.55556
286.038 40.7885 8856 -5.55556
286.038 40.7912 9644.17 -5.55556
286.038 40.7939 8586.25 -5.55556
286.038 40.7966 11534 -5.55556
286.038 40.7993 9425.31 -5.55556
286.038 40.802 11253 -5.55556
286.038 40.8047 9679.25 -5.55556
286.038 40.8075 8930.6 -5.55556
286.038 40.8102 8616.77 -5.55556
286.038 40.8129 11315.5 -5.55556
286.038 40.8156 10718.5 -5.55556
286.038 40.8183 10469.8 -5.55556
286.038 40.821 11202.5 -5.55556
286.038 40.8237 9577.56 -5.55556
286.038 40.8264 10663.9 -5.55556
286.038 40.8292 11367.6 -5.55556
286.038 40.8319 12621.4 -5.55556
286.038 40.8346 8533.03 -5.55556
286.038 40.8373 10418.2 -5.55556
286.038 40.84 9807.35 -5.55556
286.041 40.68 10067 -5.55556
286.041 40.6827 9868.27 -5.55556
286.041 40.6854 10330 -5.55556
286.041 40.6881 12116 -5.55556
286.041 40.6908 9594.48 -5.55556
286.041 40.6936 10747.5 -5.55556
286.041 40.6963 11337.8 -5.55556
286.041 40.699 9874.53 -5.55556
286.041 40.7017 10062.1 -5.55556
286.041 40.7044 8771.65 -5.55556
286.041 40.7071 10360.8 -5.55556
286.041 40.7098 8154.77 -5.55556
286.041 40.7125 10132.9 -5.55556
286.041 40.7153 10596.6 -5.55556
286.041 40.718 9339.97 -5.55556
286.041 40.7207 10314.8 -5.55556
286.041 40.7234 11474.1 -5.55556
286.041 40.7261 9879.98 -5.55556
286.041 40.7288 10435.4 -5.55556
286.041 40.7315 8642.04 -5.55556
286.041 40.7342 9331.77 -5.55556
286.041 40.7369 10695.7 -5.55556
286.041 40.7397 8990.88 -5.55556
286.041 40.7424 9936.71 -5.55556
286.041 40.7451 10743.1 -5.55556
286.041 40.7478 9175.43 -5.55556
286.041 40.7505 10341.1 -5.55556
286.041 40.7532 11224.8 -5.55556
286.041 40.7559 8976.54 -5.55556
286.041 40.7586 10415.6 -5.55556
286.041 40.7614 10779.6 -5.55556
286.041 40.7641 11907.8 -5.55556
286.041 40.7668 10461.5 -5.55556
286.041 40.7695 10565.8 -5.55556
286.041 40.7722 10540.5 -5.55556
286.041 40.7749 9810.23 -5.55556
286.041 40.7776 10118.5 -5.55556
286.041 40.7803 10305 -5.55556
286.041 40.7831 11308.2 -5.55556
286.041 40.7858 8723.67 -5.55556
286.041 40.7885 9972.5 -5.55556
286.041 40.7912 10564.2 -5.55556
286.041 40.7939 8903.17 -5.55556
286.041 40.7966 11115.5 -5.55556
286.041 40.7993 9364.04 -5.55556
286.041 40.802 8093.13 -5.55556
286.041 40.8047 9285.17 -5.55556
286.041 40.8075 9607.95 -5.55556
286.041 40.8102 11178 -5.55556
286.041 40.8129 9896.26 -5.55556
286.041 40.8156 10113.6 -5.55556
286.041 40.8183 11847.4 -5.55556
286.041 40.821 8328.82 -5.55556
286.041 40.8237 12008.8 -5.55556
286.041 40.8264 10730.5 -5.55556
286.041 40.8292 10012.4 -5.55556
286.041 40.8319 10442 -5.55556
286.041 40.8346 9254.94 -5.55556
286.041 40.8373 10413.4 -5.55556
286.041 40.84 10457.6 -5.55556
286.045 40.68 10401.6 -5.55556
286.045 40.6827 11237.6 -5.55556
286.045 40.6854 9788.78 -5.55556
286.045 40.6881 8608.4 -5.55556
286.045 40.6908 8454.12 -5.55556
286.045 40.6936 10834.8 -5.55556
286.045 40.6963 8692.28 -5.55556
286.045 40.699 10591.3 -5.55556
286.045 40.7017 10756.1 -5.55556
286.045 40.7044 8897.28 -5.55556
286.045 40.7071 9357.46 -5.55556
286.045 40.7098 8731.08 -5.55556
286.045 40.7125 8260.72 -5.55556
286.045 40.7153 9351.03 -5.55556
286.045 40.718 9753.57 -5.55556
286.045 40.7207 10749.3 -5.55556
286.045 40.7234 9634.4 -5.55556
286.045 40.7261 9901.79 -5.55556
286.045 40.7288 10627.6 -5.55556
286.045 40.7315 7831.18 -5.55556
286.045 40.7342 9768.92 -5.55556
286.045 40.7369 12302.6 -5.55556
286.045 40.7397 9136.66 -5.55556
286.045 40.7424 10040.2 -5.55556
286.045 40.7451 9644.39 -5.55556
286.045 40.7478 10732.8 -5.55556
286.045 40.7505 9485.29 -5.55556
286.045 40.7532 9834.16 -5.55556
286.045 40.7559 10219.7 -5.55556
286.045 40.7586 10173.7 -5.55556
286.045 40.7614 10544.3 -5.55556
286.045 40.7641 11825.4 -5.55556
286.045 40.7668 11214.1 -5.55556
286.045 40.7695 10938 -5.55556
286.045 40.7722 10939.6 -5.55556
286.045 40.7749 9089.94 -5.55556
286.045 40.7776 11205 -5.55556
286.045 40.7803 7806.07 -5.55556
286.045 40.7831 9229.49 -5.55556
286.045 40.7858 9245.4 -5.55556
286.045 40.7885 12069.9 -5.55556
286.045 40.7912 10654.9 -5.55556
286.045 40.7939 9191.6 -5.55556
286.045 40.7966 9851.25 -5.55556
286.045 40.7993 13193.7 -5.55556
286.045 40.802 9341.08 -5.55556
286.045 40.8047 9957.17 -5.55556
286.045 40.8075 9024.53 -5.55556
286.045 40.8102 10004.3 -5.55556
286.045 40.8129 11209.9 -5.55556
286.045 40.8156 10081.6 -5.55556
286.045 40.8183 9574.82 -5.55556
286.045 40.821 8940.24 -5.55556
286.045 40.8237 11111.2 -5.55556
286.045 40.8264 10561.9 -5.55556
286.045 40.8292 11226.1 -5.55556
286.045 40.8319 8577.36 -5.55556
286.045 40.8346 8961.9 -5.55556
286.045 40.8373 9234 -5.55556
286.045 40.84 8410.07 -5.55556
286.048 40.68 9049.44 -5.55556
286.048 40.6827 8449.2 -5.55556
286.048 40.6854 9807.23 -5.55556
286.048 40.6881 9581.48 -5.55556
286.048 40.6908 11319.4 -5.55556
286.048 40.6936 11126.3 -5.55556
286.048 40.6963 11311.9 -5.55556
286.048 40.699 10166.2 -5.55556
286.048 40.7017 9868.07 -5.55556
286.048 40.7044 9410.8 -5.55556
286.048 40.7071 9063.07 -5.55556
286.048 40.7098 8975.83 -5.55556
286.048 40.7125 11112.8 -5.55556
286.048 40.7153 10206.8 -5.55556
286.048 40.718 9250.96 -5.55556
286.048 40.7207 8364.82 -5.55556
286.048 40.7234 11192.8 -5.55556
286.048 40.7261 10408.1 -5.55556
286.048 40.7288 7937.18 -5.55556
286.048 40.7315 9899.22 -5.55556
286.048 40.7342 9830.97 -5.55556
286.048 40.7369 10783 -5.55556
286.048 40.7397 10628 -5.55556
286.048 40.7424 10129.2 -5.55556
286.048 40.7451 9759.12 -5.55556
286.048 40.7478 11587.2 -5.55556
286.048 40.7505 7828.33 -5.55556
286.048 40.7532 12265.9 -5.55556
286.048 40.7559 9467.46 -5.55556
286.048 40.7586 11130.1 -5.55556
286.048 40.7614 8502 -5.55556
286.048 40.7641 10984.2 -5.55556
286.048 40.7668 9550.25 -5.55556
286.048 40.7695 11626.6 -5.55556
286.048 40.7722 11580.1 -5.55556
286.048 40.7749 9546.92 -5.55556
286.048 40.7776 8696.43 -5.55556
286.048 40.7803 9416.29 -5.55556
286.048 40.7831 8973.27 -5.55556
286.048 40.7858 7496.05 -5.55556
286.048 40.7885 10455.1 -5.55556
286.048 40.7912 10072.1 -5.55556
286.048 40.7939 8849.48 -5.55556
286.048 40.7966 8502.37 -5.55556
286.048 40.7993 11170.3 -5.55556
286.048 40.802 10429 -5.55556
286.048 40.8047 10002.3 -5.55556
286.048 40.8075 11053.9 -5.55556
286.048 40.8102 10130.2 -5.55556
286.048 40.8129 9911.26 -5.55556
286.048 40.8156 9632.22 -5.55556
286.048 40.8183 8864.85 -5.55556
286.048 40.821 10132.5 -5.55556
286.048 40.8237 8947.45 -5.55556
286.048 40.8264 11180.9 -5.55556
286.048 40.8292 10818.7 -5.55556
286.048 40.8319 10817.3 -5.55556
286.048 40.8346 8195.48 -5.55556
286.048 40.8373 9443.81 -5.55556
286.048 40.84 8051.89 -5.55556
286.052 40.68 10799.2 -5.55556
286.052 40.6827 10377.5 -5.55556
286.052 40.6854 9500.36 -5.55556
286.052 40.6881 11093.8 -5.55556
286.052 40.6908 10097.4 -5.55556
286.052 40.6936 9080.65 -5.55556
286.052 40.6963 9331.99 -5.55556
286.052 40.699 11363.4 -5.55556
286.052 40.7017 8838.13 -5.55556
286.052 40.7044 9829.29 -5.55556
286.052 40.7071 9558 -5.55556
286.052 40.7098 10455.4 -5.55556
286.052 40.7125 8498.96 -5.55556
286.052 40.7153 9233.04 -5.55556
286.052 40.718 8786.79 -5.55556
286.052 40.7207 10639.6 -5.55556
286.052 40.7234 11701.6 -5.55556
286.052 40.7261 9124.97 -5.55556
286.052 40.7288 10201.8 -5.55556
286.052 40.7315 10177 -5.55556
286.052 40.7342 9199.06 -5.55556
286.052 40.7369 9537.46 -5.55556
286.052 40.7397 8632.9 -5.55556
286.052 40.7424 9767.46 -5.55556
286.052 40.7451 11338.8 -5.55556
286.052 40.7478 10574.1 -5.55556
286.052 40.7505 9607.49 -5.55556
286.052 40.7532 8787.94 -5.55556
286.052 40.7559 9767.15 -5.55556
286.052 40.7586 10692.8 -5.55556
286.052 40.7614 9621.86 -5.55556
286.052 40.7641 11685.2 -5.55556
286.052 40.7668 8743.91 -5.55556
286.052 40.7695 10573.8 -5.55556
286.052 40.7722 11380.6 -5.55556
286.052 40.7749 9127.2 -5.55556
286.052 40.7776 9210.42 -5.55556
286.052 40.7803 9378.43 -5.55556
286.052 40.7831 10562.7 -5.55556
286.052 40.7858 10181.4 -5.55556
286.052 40.7885 8871.04 -5.55556
286.052 40.7912 8007.25 -5.55556
286.052 40.7939 9465.8 -5.55556
286.052 40.7966 9870.6 -5.55556
286.052 40.7993 10608.2 -5.55556
286.052 40.802 9767.01 -5.55556
286.052 40.8047 10782.8 -5.55556
286.052 40.8075 8679.03 -5.55556
286.052 40.8102 11547 -5.55556
286.052 40.8129 11083.3 -5.55556
286.052 40.8156 10915.9 -5.55556
286.052 40.8183 10047.7 -5.55556
286.052 40.821 10181.8 -5.55556
286.052 40.8237 9642.56 -5.55556
286.052 40.8264 9158.23 -5.55556
286.052 40.8292 10812.3 -5.55556
286.052 40.8319 7748.45 -5.55556
286.052 40.8346 10733.9 -5.55556
286.052 40.8373 10216 -5.55556
286.052 40.84 8672.18 -5.55556
286.055 40.68 8641.94 -5.55556
286.055 40.6827 11667.1 -5.55556
286.055 40.6854 9313.78 -5.55556
286.055 40.6881 10569.4 -5.55556
286.055 40.6908 10026.5 -5.55556
286.055 40.6936 9514.24 -5.55556
286.055 40.6963 11136.2 -5.55556
286.055 40.699 10182.7 -5.55556
286.055 40.7017 10005.5 -5.55556
286.055 40.7044 11054.2 -5.55556
286.055 40.7071 10165 -5.55556
286.055 40.7098 10909.6 -5.55556
286.055 40.7125 9213.32 -5.55556
286.055 40.7153 10501.7 -5.55556
286.055 40.718 9548.18 -5.55556
286.055 40.7207 10749.9 -5.55556
286.055 40.7234 10049.4 -5.55556
286.055 40.7261 8899.44 -5.55556
286.055 40.7288 10815.6 -5.55556
286.055 40.7315 10737.8 -5.55556
286.055 40.7342 9270.13 -5.55556
286.055 40.7369 8854.24 -5.55556
286.055 40.7397 10213.1 -5.55556
286.055 40.7424 8554.4 -5.55556
286.055 40.7451 10176.6 -5.55556
286.055 40.7478 9086.79 -5.55556
286.055 40.7505 10846.4 -5.55556
286.055 40.7532 11022.3 -5.55556
286.055 40.7559 12750.9 -5.55556
286.055 40.7586 11401.3 -5.55556
286.055 40.7614 10731.7 -5.55556
286.055 40.7641 10198.1 -5.55556
286.055 40.7668 8458.56 -5.55556
286.055 40.7695 9326.01 -5.55556
286.055 40.7722 9697.43 -5.55556
286.055 40.7749 10277.5 -5.55556
286.055 40.7776 9455.36 -5.55556
286.055 40.7803 10896.5 -5.55556
286.055 40.7831 10015.4 -5.55556
286.055 40.7858 9479.35 -5.55556
286.055 40.7885 9198.06 -5.55556
286.055 40.7912 9364.12 -5.55556
286.055 40.7939 10572.4 -5.55556
286.055 40.7966 10629 -5.55556
286.055 40.7993 9453.59 -5.55556
286.055 40.802 11390.3 -5.55556
286.055 40.8047 7458.15 -5.55556
286.055 40.8075 9536.47 -5.55556
286.055 40.8102 10753.2 -5.55556
286.055 40.8129 10223.6 -5.55556
286.055 40.8156 8812.55 -5.55556
286.055 40.8183 11878.2 -5.55556
286.055 40.821 10303.2 -5.55556
286.055 40.8237 11533.6 -5.55556
286.055 40.8264 10251.4 -5.55556
286.055 40.8292 8912.7 -5.55556
286.055 40.8319 10715 -5.55556
286.055 40.8346 8894.56 -5.55556
286.055 40.8373 10404.1 -5.55556
286.055 40.84 10519.2 -5.55556
286.059 40.68 8870.54 -5.55556
286.059 40.6827 8898.63 -5.55556
286.059 40.6854 10417 -5.55556
286.059 40.6881 9204.6 -5.55556
286.059 40.6908 8976.24 -5.55556
286.059 40.6936 10474 -5.55556
286.059 40.6963 9769.31 -5.55556
286.059 40.699 9772.54 -5.55556
286.059 40.7017 11967 -5.55556
286.059 40.7044 10976.4 -5.55556
286.059 40.7071 8975.9 -5.55556
286.059 40.7098 9376.68 -5.55556
286.059 40.7125 10122.3 -5.55556
286.059 40.7153 10221.1 -5.55556
286.059 40.718 8583.84 -5.55556
286.059 40.7207 8581.44 -5.55556
286.059 40.7234 10089.6 -5.55556
286.059 40.7261 9385.83 -5.55556
286.059 40.7288 11256.7 -5.55556
286.059 40.7315 9998.96 -5.55556
286.059 40.7342 9577.14 -5.55556
286.059 40.7369 11477.3 -5.55556
286.059 40.7397 9533.96 -5.55556
286.059 40.7424 8877.7 -5.55556
286.059 40.7451 9476.21 -5.55556
286.059 40.7478 12336.8 -5.55556
286.059 40.7505 9603.94 -5.55556
286.059 40.7532 9813.51 -5.55556
286.059 40.7559 8809.95 -5.55556
286.059 40.7586 9052.27 -5.55556
286.059 40.7614 10477.6 -5.55556
286.059 40.7641 10367 -5.55556
286.059 40.7668 10403.9 -5.55556
286.059 40.7695 8961.83 -5.55556
286.059 40.7722 8431.13 -5.55556
286.059 40.7749 10982.8 -5.55556
286.059 40.7776 9639.56 -5.55556
286.059 40.7803 9742.65 -5.55556
286.059 40.7831 9041.56 -5.55556
286.059 40.7858 10215.4 -5.55556
286.059 40.7885 10032.6 -5.55556
286.059 40.7912 8703.21 -5.55556
286.059 40.7939 11042.4 -5.55556
286.059 40.7966 8669.65 -5.55556
286.059 40.7993 10828 -5.55556
286.059 40.802 9340.87 -5.55556
286.059 40.8047 11711 -5.55556
286.059 40.8075 9825.17 -5.55556
286.059 40.8102 9429.7 -5.55556
286.059 40.8129 9819.87 -5.55556
286.059 40.8156 11298.9 -5.55556
286.059 40.8183 11128.4 -5.55556
286.059 40.821 9737.13 -5.55556
286.059 40.8237 10710.6 -5.55556
286.059 40.8264 8523.58 -5.55556
286.059 40.8292 11294.9 -5.55556
286.059 40.8319 11753.3 -5.55556
286.059 40.8346 10082.7 -5.55556
286.059 40.8373 10162.5 -5.55556
286.059 40.84 9264.27 -5.55556
286.062 40.68 8371.19 -5.55556
286.062 40.6827 9401.52 -5.55556
286.062 40.6854 10608 -5.55556
286.062 40.6881 9631.33 -5.55556
286.062 40.6908 10142.5 -5.55556
286.062 40.6936 9643.68 -5.55556
286.062 40.6963 10335.5 -5.55556
286.062 40.699 12080.3 -5.55556
286.062 40.7017 8324.34 -5.55556
286.062 40.7044 7882.96 -5.55556
286.062 40.7071 9442.56 -5.55556
286.062 40.7098 10001.9 -5.55556
286.062 40.7125 9570.49 -5.55556
286.062 40.7153 9512.64 -5.55556
286.062 40.718 8541.56 -5.55556
286.062 40.7207 10469.8 -5.55556
286.062 40.7234 11531.8 -5.55556
286.062 40.7261 8691.99 -5.55556
286.062 40.7288 9656.13 -5.55556
286.062 40.7315 10712.7 -5.55556
286.062 40.7342 9338.16 -5.55556
286.062 40.7369 9459.58 -5.55556
286.062 40.7397 9349.26 -5.55556
286.062 40.7424 9632.27 -5.55556
286.062 40.7451 10085 -5.55556
286.062 40.7478 9567.69 -5.55556
286.062 40.7505 12093 -5.55556
286.062 40.7532 10488.8 -5.55556
286.062 40.7559 10194.4 -5.55556
286.062 40.7586 10266.4 -5.55556
286.062 40.7614 10442.2 -5.55556
286.062 40.7641 9626.39 -5.55556
286.062 40.7668 9602.82 -5.55556
286.062 40.7695 10156.8 -5.55556
286.062 40.7722 9883.55 -5.55556
286.062 40.7749 9748.6 -5.55556
286.062 40.7776 7966.83 -5.55556
286.062 40.7803 9862.92 -5.55556
286.062 40.7831 10944.8 -5.55556
286.062 40.7858 9908.8 -5.55556
286.062 40.7885 10739.6 -5.55556
286.062 40.7912 9660.38 -5.55556
286.062 40.7939 11385.4 -5.55556
286.062 40.7966 10774.4 -5.55556
286.062 40.7993 10287.7 -5.55556
286.062 40.802 8524.17 -5.55556
286.062 40.8047 10379.2 -5.55556
286.062 40.8075 8617.4 -5.55556
286.062 40.8102 10596.9 -5.55556
286.062 40.8129 10638 -5.55556
286.062 40.8156 9088.17 -5.55556
286.062 40.8183 9788.63 -5.55556
286.062 40.821 10538.6 -5.55556
286.062 40.8237 9821.55 -5.55556
286.062 40.8264 10714.4 -5.55556
286.062 40.8292 10393.2 -5.55556
286.062 40.8319 10094.2 -5.55556
286.062 40.8346 9251.87 -5.55556
286.062 40.8373 10244.2 -5.55556
286.062 40.84 11005.3 -5.55556
286.066 40.68 10178.4 -5.55556
286.066 40.6827 9930.85 -5.55556
286.066 40.6854 11476.7 -5.55556
286.066 40.6881 12208 -5.55556
286.066 40.6908 9699.42 -5.55556
286.066 40.6936 10897.8 -5.55556
286.066 40.6963 10643.3 -5.55556
286.066 40.699 9522.34 -5.55556
286.066 40.7017 10163.6 -5.55556
286.066 40.7044 9452.82 -5.55556
286.066 40.7071 9377.94 -5.55556
286.066 40.7098 9532.32 -5.55556
286.066 40.7125 10755.5 -5.55556
286.066 40.7153 9848.8 -5.55556
286.066 40.718 8875.93 -5.55556
286.066 40.7207 9891.62 -5.55556
286.066 40.7234 9784.07 -5.55556
286.066 40.7261 9901.34 -5.55556
286.066 40.7288 9950.22 -5.55556
286.066 40.7315 10445.1 -5.55556
286.066 40.7342 10781.3 -5.55556
286.066 40.7369 9344.48 -5.55556
286.066 40.7397 10417.8 -5.55556
286.066 40.7424 11895 -5.55556
286.066 40.7451 10607.5 -5.55556
286.066 40.7478 9548.97 -5.55556
286.066 40.7505 9878.77 -5.55556
286.066 40.7532 10903.3 -5.55556
286.066 40.7559 11117.6 -5.55556
286.066 40.7586 9164.2 -5.55556
286.066 40.7614 10829.2 -5.55556
286.066 40.7641 9133.31 -5.55556
286.066 40.7668 9563.2 -5.55556
286.066 40.7695 11011.8 -5.55556
286.066 40.7722 10007.3 -5.55556
286.066 40.7749 10075.1 -5.55556
286.066 40.7776 10834.8 -5.55556
286.066 40.7803 10457.6 -5.55556
286.066 40.7831 11274.1 -5.55556
286.066 40.7858 10885.5 -5.55556
286.066 40.7885 8144.14 -5.55556
286.066 40.7912 10277.2 -5.55556
286.066 40.7939 9393.79 -5.55556
286.066 40.7966 10548.5 -5.55556
286.066 40.7993 10262.8 -5.55556
286.066 40.802 9678.92 -5.55556
286.066 40.8047 10323.5 -5.55556
286.066 40.8075 10729.8 -5.55556
286.066 40.8102 9792.69 -5.55556
286.066 40.8129 9338.47 -5.55556
286.066 40.8156 9915.42 -5.55556
286.066 40.8183 9475.5 -5.55556
286.066 40.821 9744.55 -5.55556
286.066 40.8237 11442.8 -5.55556
286.066 40.8264 8183.06 -5.55556
286.066 40.8292 10491.4 -5.55556
286.066 40.8319 10539.8 -5.55556
286.066 40.8346 11095.8 -5.55556
286.066 40.8373 9575.62 -5.55556
286.066 40.84 10162.9 -5.55556
286.069 40.68 8172.67 -5.55556
286.069 40.6827 9245.5 -5.55556
286.069 40.6854 10301.1 -5.55556
286.069 40.6881 11194.8 -5.55556
286.069 40.6908 9684.61 -5.55556
286.069 40.6936 10037.5 -5.55556
286.069 40.6963 8768.43 -5.55556
286.069 40.699 12149.6 -5.55556
286.069 40.7017 10251.8 -5.55556
286.069 40.7044 10367.7 -5.55556
286.069 40.7071 9335.97 -5.55556
286.069 40.7098 10754.8 -5.55556
286.069 40.7125 9005.37 -5.55556
286.069 40.7153 9011.68 -5.55556
286.069 40.718 9893.57 -5.55556
286.069 40.7207 8966.76 -5.55556
286.069 40.7234 10047.3 -5.55556
286.069 40.7261 9745.9 -5.55556
286.069 40.7288 10891.5 -5.55556
286.069 40.7315 7634.24 -5.55556
286.069 40.7342 10043.1 -5.55556
286.069 40.7369 9641.48 -5.55556
286.069 40.7397 8152.66 -5.55556
286.069 40.7424 9921.27 -5.55556
286.069 40.7451 10108.5 -5.55556
286.069 40.7478 11062.7 -5.55556
286.069 40.7505 9773.86 -5.55556
286.069 40.7532 11000.9 -5.55556
286.069 40.7559 10104.9 -5.55556
286.069 40.7586 9356.07 -5.55556
286.069 40.7614 10700.6 -5.55556
286.069 40.7641 10180.4 -5.55556
286.069 40.7668 8265.36 -5.55556
286.069 40.7695 12309.2 -5.55556
286.069 40.7722 10464.1 -5.55556
286.069 40.7749 8313.96 -5.55556
286.069 40.7776 10265.5 -5.55556
286.069 40.7803 11075.2 -5.55556
286.069 40.7831 10235.1 -5.55556
286.069 40.7858 9433.47 -5.55556
286.069 40.7885 9321.76 -5.55556
286.069 40.7912 12790.5 -5.55556
286.069 40.7939 10067.4 -5.55556
286.069 40.7966 10430.1 -5.55556
286.069 40.7993 9279.34 -5.55556
286.069 40.802 9106.38 -5.55556
286.069 40.8047 8854.4 -5.55556
286.069 40.8075 9739.97 -5.55556
286.069 40.8102 9788.89 -5.55556
286.069 40.8129 10054.1 -5.55556
286.069 40.8156 11567.5 -5.55556
286.069 40.8183 11388 -5.55556
286.069 40.821 10770.7 -5.55556
286.069 40.8237 8341.17 -5.55556
286.069 40.8264 11291.5 -5.55556
286.069 40.8292 10345.9 -5.55556
286.069 40.8319 10479.7 -5.55556
286.069 40.8346 9919.28 -5.55556
286.069 40.8373 12283 -5.55556
286.069 40.84 10527 -5.55556
286.073 40.68 9857.83 -5.55556
286.073 40.6827 10883.3 -5.55556
286.073 40.6854 8742.15 -5.55556
286.073 40.6881 8625.86 -5.55556
286.073 40.6908 11162.5 -5.55556
286.073 40.6936 10654.6 -5.55556
286.073 40.6963 10131.4 -5.55556
286.073 40.699 9278.76 -5.55556
286.073 40.7017 9374.29 -5.55556
286.073 40.7044 12373.4 -5.55556
286.073 40.7071 8833.93 -5.55556
286.073 40.7098 9806.66 -5.55556
286.073 40.7125 9505.75 -5.55556
286.073 40.7153 9431.41 -5.55556
286.073 40.718 10649.2 -5.55556
286.073 40.7207 11447.5 -5.55556
286.073 40.7234 12312.4 -5.55556
286.073 40.7261 9097.11 -5.55556
286.073 40.7288 10866.2 -5.55556
286.073 40.7315 11080.8 -5.55556
286.073 40.7342 10237.4 -5.55556
286.073 40.7369 10371.8 -5.55556
286.073 40.7397 11080 -5.55556
286.073 40.7424 10053.5 -5.55556
286.073 40.7451 11192.3 -5.55556
286.073 40.7478 8769.28 -5.55556
286.073 40.7505 9971.61 -5.55556
286.073 40.7532 10926.8 -5.55556
286.073 40.7559 11418.7 -5.55556
286.073 40.7586 10679.9 -5.55556
286.073 40.7614 11972.7 -5.55556
286.073 40.7641 9196.23 -5.55556
286.073 40.7668 12743.2 -5.55556
286.073 40.7695 9198.16 -5.55556
286.073 40.7722 10129.7 -5.55556
286.073 40.7749 8755.18 -5.55556
286.073 40.7776 10828.1 -5.55556
286.073 40.7803 9021.9 -5.55556
286.073 40.7831 9533.05 -5.55556
286.073 40.7858 10985 -5.55556
286.073 40.7885 8869.25 -5.55556
286.073 40.7912 8525.7 -5.55556
286.073 40.7939 10156.4 -5.55556
286.073 40.7966 10855.2 -5.55556
286.073 40.7993 11869.9 -5.55556
286.073 40.802 10295.9 -5.55556
286.073 40.8047 11290.6 -5.55556
286.073 40.8075 11024.9 -5.55556
286.073 40.8102 9413.7 -5.55556
286.073 40.8129 9895.9 -5.55556
286.073 40.8156 11046.9 -5.55556
286.073 40.8183 9177.81 -5.55556
286.073 40.821 9469.13 -5.55556
286.073 40.8237 12035.1 -5.55556
286.073 40.8264 8365.35 -5.55556
286.073 40.8292 12634.2 -5.55556
286.073 40.8319 10872.2 -5.55556
286.073 40.8346 12012 -5.55556
286.073 40.8373 9450.62 -5.55556
286.073 40.84 9228.18 -5.55556
286.076 40.68 9350.28 -5.55556
286.076 40.6827 10637.2 -5.55556
286.076 40.6854 9587.08 -5.55556
286.076 40.6881 10966.6 -5.55556
286.076 40.6908 9743.18 -5.55556
286.076 40.6936 10614.3 -5.55556
286.076 40.6963 8626.95 -5.55556
286.076 40.699 8639.3 -5.55556
286.076 40.7017 10418.6 -5.55556
286.076 40.7044 9761.9 -5.55556
286.076 40.7071 11129.1 -5.55556
286.076 40.7098 10427.1 -5.55556
286.076 40.7125 10911.4 -5.55556
286.076 40.7153 10952.7 -5.55556
286.076 40.718 10688.4 -5.55556
286.076 40.7207 9300.97 -5.55556
286.076 40.7234 8920.78 -5.55556
286.076 40.7261 11923.6 -5.55556
286.076 40.7288 8192.81 -5.55556
286.076 40.7315 10358.5 -5.55556
286.076 40.7342 7921.94 -5.55556
286.076 40.7369 9055.65 -5.55556
286.076 40.7397 10519.2 -5.55556
286.076 40.7424 10004.1 -5.55556
286.076 40.7451 10070.2 -5.55556
286.076 40.7478 10188.8 -5.55556
286.076 40.7505 10900.7 -5.55556
286.076 40.7532 10581.1 -5.55556
286.076 40.7559 8342.7 -5.55556
286.076 40.7586 8990.69 -5.55556
286.076 40.7614 11571.8 -5.55556
286.076 40.7641 11281.4 -5.55556
286.076 40.7668 10329.3 -5.55556
286.076 40.7695 9875.36 -5.55556
286.076 40.7722 10176.1 -5.55556
286.076 40.7749 9063.63 -5.55556
286.076 40.7776 10184.5 -5.55556
286.076 40.7803 9821.1 -5.55556
286.076 40.7831 10450.5 -5.55556
286.076 40.7858 9227.61 -5.55556
286.076 40.7885 8997.1 -5.55556
286.076 40.7912 7984.96 -5.55556
286.076 40.7939 8986.66 -5.55556
286.076 40.7966 9474.15 -5.55556
286.076 40.7993 9782.37 -5.55556
286.076 40.802 7831.04 -5.55556
286.076 40.8047 9126.51 -5.55556
286.076 40.8075 10839.7 -5.55556
286.076 40.8102 8610.33 -5.55556
286.076 40.8129 10567.5 -5.55556
286.076 40.8156 9247.67 -5.55556
286.076 40.8183 8638.15 -5.55556
286.076 40.821 11239.5 -5.55556
286.076 40.8237 8796.7 -5.55556
286.076 40.8264 9070.66 -5.55556
286.076 40.8292 9955.68 -5.55556
286.076 40.8319 9980.86 -5.55556
286.076 40.8346 10559.8 -5.55556
286.076 40.8373 9987.54 -5.55556
286.076 40.84 10600.6 -5.55556
286.08 40.68 9298.67 -5.55556
286.08 40.6827 8973.86 -5.55556
286.08 40.6854 9606.25 -5.55556
286.08 40.6881 10427.7 -5.55556
286.08 40.6908 10384.8 -5.55556
286.08 40.6936 9286.52 -5.55556
286.08 40.6963 8945.4 -5.55556
286.08 40.699 8965.76 -5.55556
286.08 40.7017 10201.5 -5.55556
286.08 40.7044 9798.99 -5.55556
286.08 40.7071 10018.2 -5.55556
286.08 40.7098 10956.7 -5.55556
286.08 40.7125 9925.62 -5.55556
286.08 40.7153 9476.38 -5.55556
286.08 40.718 11800.7 -5.55556
286.08 40.7207 10463.9 -5.55556
286.08 40.7234 9830.11 -5.55556
286.08 40.7261 11236.5 -5.55556
286.08 40.7288 9680.05 -5.55556
286.08 40.7315 9633.43 -5.55556
286.08 40.7342 10537.5 -5.55556
286.08 40.7369 9035.4 -5.55556
286.08 40.7397 10655.6 -5.55556
286.08 40.7424 9436.32 -5.55556
286.08 40.7451 8658.53 -5.55556
286.08 40.7478 8016.49 -5.55556
286.08 40.7505 10677.7 -5.55556
286.08 40.7532 10619.9 -5.55556
286.08 40.7559 9308.81 -5.55556
286.08 40.7586 9585.45 -5.55556
286.08 40.7614 10108.9 -5.55556
286.08 40.7641 9372.29 -5.55556
286.08 40.7668 9271.28 -5.55556
286.08 40.7695 8896.65 -5.55556
286.08 40.7722 8856.23 -5.55556
286.08 40.7749 9217.13 -5.55556
286.08 40.7776 8911.18 -5.55556
286.08 40.7803 11744.4 -5.55556
286.08 40.7831 7765.75 -5.55556
286.08 40.7858 9585.98 -5.55556
286.08 40.7885 9647.5 -5.55556
286.08 40.7912 10442.6 -5.55556
286.08 40.7939 8459.62 -5.55556
286.08 40.7966 11321.5 -5.55556
286.08 40.7993 9981.28 -5.55556
286.08 40.802 9539.34 -5.55556
286.08 40.8047 9756.09 -5.55556
286.08 40.8075 10592.4 -5.55556
286.08 40.8102 10733.7 -5.55556
286.08 40.8129 8427.76 -5.55556
286.08 40.8156 10452.5 -5.55556
286.08 40.8183 10526.4 -5.55556
286.08 40.821 10512 -5.55556
286.08 40.8237 11322.4 -5.55556
286.08 40.8264 9712.46 -5.55556
286.08 40.8292 11347.8 -5.55556
286.08 40.8319 10007.5 -5.55556
286.08 40.8346 9606.61 -5.55556
286.08 40.8373 10652.7 -5.55556
286.08 40.84 13519 -5.55556
