285.96 40.68 10067.1 -5.55556
285.96 40.6827 11318 -5.55556
285.96 40.6854 11558.2 -5.55556
285.96 40.6881 8601.41 -5.55556
285.96 40.6908 7530.66 -5.55556
285.96 40.6936 10257.8 -5.55556
285.96 40.6963 7979.63 -5.55556
285.96 40.699 10309.5 -5.55556
285.96 40.7017 9413.42 -5.55556
285.96 40.7044 9941.82 -5.55556
285.96 40.7071 9321.73 -5.55556
285.96 40.7098 10733.7 -5.55556
285.96 40.7125 9648.64 -5.55556
285.96 40.7153 9132.02 -5.55556
285.96 40.718 9280.1 -5.55556
285.96 40.7207 9101.51 -5.55556
285.96 40.7234 11591.8 -5.55556
285.96 40.7261 10982.1 -5.55556
285.96 40.7288 11364.6 -5.55556
285.96 40.7315 9091.17 -5.55556
285.96 40.7342 10886.6 -5.55556
285.96 40.7369 9232.63 -5.55556
285.96 40.7397 10927 -5.55556
285.96 40.7424 9141.74 -5.55556
285.96 40.7451 10765.1 -5.55556
285.96 40.7478 10650.1 -5.55556
285.96 40.7505 10316 -5.55556
285.96 40.7532 10890.2 -5.55556
285.96 40.7559 7893.46 -5.55556
285.96 40.7586 9196.98 -5.55556
285.96 40.7614 11196 -5.55556
285.96 40.7641 10583.4 -5.55556
285.96 40.7668 9699.56 -5.55556
285.96 40.7695 11466.4 -5.55556
285.96 40.7722 9860.27 -5.55556
285.96 40.7749 8933.05 -5.55556
285.96 40.7776 10556.1 -5.55556
285.96 40.7803 10037.7 -5.55556
285.96 40.7831 9120.05 -5.55556
285.96 40.7858 10839.5 -5.55556
285.96 40.7885 9753.57 -5.55556
285.96 40.7912 11037.2 -5.55556
285.96 40.7939 10546.4 -5.55556
285.96 40.7966 7993.72 -5.55556
285.96 40.7993 11067.5 -5.55556
285.96 40.802 11066.7 -5.55556
285.96 40.8047 9230.06 -5.55556
285.96 40.8075 9053.84 -5.55556
285.96 40.8102 10174.4 -5.55556
285.96 40.8129 9745.98 -5.55556
285.96 40.8156 9779.29 -5.55556
285.96 40.8183 11082.1 -5.55556
285.96 40.821 10447.2 -5.55556
285.96 40.8237 9999.63 -5.55556
285.96 40.8264 10143.9 -5.55556
285.96 40.8292 8872.17 -5.55556
285.96 40.8319 9626.71 -5.55556
285.96 40.8346 9720.29 -5.55556
285.96 40.8373 12084 -5.55556
285.96 40.84 10475.1 -5.55556
285.964 40.68 10510.3 -5.55556
285.964 40.6827 9527.98 -5.55556
285.964 40.6854 10987.2 -5.55556
285.964 40.6881 10828.4 -5.55556
285.964 40.6908 11389.3 -5.55556
285.964 40.6936 9800 -5.55556
285.964 40.6963 10800.6 -5.55556
285.964 40.699 8786.71 -5.55556
285.964 40.7017 10877.3 -5.55556
285.964 40.7044 7303.81 -5.55556
285.964 40.7071 11102.3 -5.55556
285.964 40.7098 10111 -5.55556
285.964 40.7125 9392.3 -5.55556
285.964 40.7153 9617.61 -5.55556
285.964 40.718 10623.1 -5.55556
285.964 40.7207 10754.8 -5.55556
285.964 40.7234 9793.95 -5.55556
285.964 40.7261 10389.7 -5.55556
285.964 40.7288 9762.99 -5.55556
285.964 40.7315 9523.16 -5.55556
285.964 40.7342 10222 -5.55556
285.964 40.7369 9079.1 -5.55556
285.964 40.7397 10541.6 -5.55556
285.964 40.7424 10753.5 -5.55556
285.964 40.7451 11005.3 -5.55556
285.964 40.7478 8388.31 -5.55556
285.964 40.7505 10050.4 -5.55556
285.964 40.7532 9819.04 -5.55556
285.964 40.7559 10973.3 -5.55556
285.964 40.7586 9368.16 -5.55556
285.964 40.7614 10725.5 -5.55556
285.964 40.7641 8249.98 -5.55556
285.964 40.7668 9139.44 -5.55556
285.964 40.7695 10065.5 -5.55556
285.964 40.7722 10223.8 -5.55556
285.964 40.7749 10612.6 -5.55556
285.964 40.7776 10425.5 -5.55556
285.964 40.7803 11010.7 -5.55556
285.964 40.7831 7768.12 -5.55556
285.964 40.7858 9585.48 -5.55556
285.964 40.7885 10753.5 -5.55556
285.964 40.7912 9378.1 -5.55556
285.964 40.7939 10532.8 -5.55556
285.964 40.7966 10238.6 -5.55556
285.964 40.7993 7657.56 -5.55556
285.964 40.802 9263.87 -5.55556
285.964 40.8047 11983.1 -5.55556
285.964 40.8075 10899.9 -5.55556
285.964 40.8102 9796.27 -5.55556
285.964 40.8129 10138.8 -5.55556
285.964 40.8156 10297.8 -5.55556
285.964 40.8183 10628.3 -5.55556
285.964 40.821 9902.46 -5.55556
285.964 40.8237 9573.34 -5.55556
285.964 40.8264 9176.43 -5.55556
285.964 40.8292 8466.98 -5.55556
285.964 40.8319 10636.5 -5.55556
285.964 40.8346 9356.33 -5.55556
285.964 40.8373 11089.1 -5.55556
285.964 40.84 11584.6 -5.55556
285.967 40.68 9301.01 -5.55556
285.967 40.6827 9757.23 -5.55556
285.967 40.6854 10594.4 -5.55556
285.967 40.6881 11846.3 -5.55556
285.967 40.6908 10202 -5.55556
285.967 40.6936 10770.6 -5.55556
285.967 40.6963 10057.8 -5.55556
285.967 40.699 9810.01 -5.55556
285.967 40.7017 10139 -5.55556
285.967 40.7044 8487.87 -5.55556
285.967 40.7071 11746.6 -5.55556
285.967 40.7098 10990.8 -5.55556
285.967 40.7125 10729.5 -5.55556
285.967 40.7153 9921.94 -5.55556
285.967 40.718 9477.89 -5.55556
285.967 40.7207 9789.02 -5.55556
285.967 40.7234 10227.1 -5.55556
285.967 40.7261 10761 -5.55556
285.967 40.7288 9232.01 -5.55556
285.967 40.7315 10590.1 -5.55556
285.967 40.7342 8829.68 -5.55556
285.967 40.7369 11450.9 -5.55556
285.967 40.7397 10323.6 -5.55556
285.967 40.7424 9860.65 -5.55556
285.967 40.7451 10427.5 -5.55556
285.967 40.7478 11227.1 -5.55556
285.967 40.7505 9547.7 -5.55556
285.967 40.7532 8998.61 -5.55556
285.967 40.7559 8984.39 -5.55556
285.967 40.7586 10361.5 -5.55556
285.967 40.7614 10497.3 -5.55556
285.967 40.7641 10566.6 -5.55556
285.967 40.7668 7295.12 -5.55556
285.967 40.7695 10748.9 -5.55556
285.967 40.7722 9343.37 -5.55556
285.967 40.7749 9626.97 -5.55556
285.967 40.7776 9097.16 -5.55556
285.967 40.7803 11560.3 -5.55556
285.967 40.7831 9312.76 -5.55556
285.967 40.7858 10617.3 -5.55556
285.967 40.7885 9677.31 -5.55556
285.967 40.7912 10320 -5.55556
285.967 40.7939 11775.9 -5.55556
285.967 40.7966 9225.02 -5.55556
285.967 40.7993 8146.91 -5.55556
285.967 40.802 8478.81 -5.55556
285.967 40.8047 9848.65 -5.55556
285.967 40.8075 10350 -5.55556
285.967 40.8102 9827.09 -5.55556
285.967 40.8129 10666.6 -5.55556
285.967 40.8156 11649.1 -5.55556
285.967 40.8183 8957.76 -5.55556
285.967 40.821 10365.1 -5.55556
285.967 40.8237 10485.7 -5.55556
285.967 40.8264 9525.27 -5.55556
285.967 40.8292 8071.23 -5.55556
285.967 40.8319 7824.12 -5.55556
285.967 40.8346 10298.4 -5.55556
285.967 40.8373 11948.6 -5.55556
285.967 40.84 10979.1 -5.55556
285.971 40.68 8600.49 -5.55556
285.971 40.6827 8632.52 -5.55556
285.971 40.6854 10453.6 -5.55556
285.971 40.6881 10037.3 -5.55556
285.971 40.6908 9998.2 -5.55556
285.971 40.6936 9331.84 -5.55556
285.971 40.6963 7104.3 -5.55556
285.971 40.699 11335.6 -5.55556
285.971 40.7017 8658.8 -5.55556
285.971 40.7044 10526.2 -5.55556
285.971 40.7071 10054.3 -5.55556
285.971 40.7098 10013 -5.55556
285.971 40.7125 10244.6 -5.55556
285.971 40.7153 11107.2 -5.55556
285.971 40.718 9644.75 -5.55556
285.971 40.7207 10140.3 -5.55556
285.971 40.7234 9771.63 -5.55556
285.971 40.7261 9586.85 -5.55556
285.971 40.7288 9329.58 -5.55556
285.971 40.7315 10078.4 -5.55556
285.971 40.7342 11464.1 -5.55556
285.971 40.7369 9073.08 -5.55556
285.971 40.7397 10785 -5.55556
285.971 40.7424 10873 -5.55556
285.971 40.7451 8432.32 -5.55556
285.971 40.7478 12363 -5.55556
285.971 40.7505 10405.7 -5.55556
285.971 40.7532 9705.24 -5.55556
285.971 40.7559 10141.1 -5.55556
285.971 40.7586 11785.4 -5.55556
285.971 40.7614 11976.3 -5.55556
285.971 40.7641 9442.73 -5.55556
285.971 40.7668 8969.81 -5.55556
285.971 40.7695 9292.63 -5.55556
285.971 40.7722 9861.87 -5.55556
285.971 40.7749 9684.84 -5.55556
285.971 40.7776 12509.4 -5.55556
285.971 40.7803 10358 -5.55556
285.971 40.7831 7254 -5.55556
285.971 40.7858 9861.24 -5.55556
285.971 40.7885 8734.69 -5.55556
285.971 40.7912 10057.1 -5.55556
285.971 40.7939 9511.07 -5.55556
285.971 40.7966 8874.25 -5.55556
285.971 40.7993 10114.3 -5.55556
285.971 40.802 9955.43 -5.55556
285.971 40.8047 11656.5 -5.55556
285.971 40.8075 8546.5 -5.55556
285.971 40.8102 10090.3 -5.55556
285.971 40.8129 8285.43 -5.55556
285.971 40.8156 10107.1 -5.55556
285.971 40.8183 10946.3 -5.55556
285.971 40.821 9609.21 -5.55556
285.971 40.8237 9350.36 -5.55556
285.971 40.8264 9061.72 -5.55556
285.971 40.8292 10015.1 -5.55556
285.971 40.8319 11712.8 -5.55556
285.971 40.8346 9197.28 -5.55556
285.971 40.8373 10285.7 -5.55556
285.971 40.84 8763.82 -5.55556
285.974 40.68 10133 -5.55556
285.974 40.6827 9654.59 -5.55556
285.974 40.6854 8661.42 -5.55556
285.974 40.6881 8971.5 -5.55556
285.974 40.6908 9401.84 -5.55556
285.974 40.6936 8860.07 -5.55556
285.974 40.6963 9145.79 -5.55556
285.974 40.699 9392.59 -5.55556
285.974 40.7017 9512.82 -5.55556
285.974 40.7044 11745.6 -5.55556
285.974 40.7071 9718.97 -5.55556
285.974 40.7098 10112.8 -5.55556
285.974 40.7125 8306.25 -5.55556
285.974 40.7153 9584.89 -5.55556
285.974 40.718 8965.54 -5.55556
285.974 40.7207 9980.79 -5.55556
285.974 40.7234 9180.15 -5.55556
285.974 40.7261 9402.28 -5.55556
285.974 40.7288 10050 -5.55556
285.974 40.7315 9713.15 -5.55556
285.974 40.7342 10063.9 -5.55556
285.974 40.7369 9707.8 -5.55556
285.974 40.7397 10281.3 -5.55556
285.974 40.7424 8877.02 -5.55556
285.974 40.7451 9802.18 -5.55556
285.974 40.7478 10456.3 -5.55556
285.974 40.7505 10702.6 -5.55556
285.974 40.7532 8848.54 -5.55556
285.974 40.7559 10224.5 -5.55556
285.974 40.7586 10260.8 -5.55556
285.974 40.7614 10660.9 -5.55556
285.974 40.7641 11063.5 -5.55556
285.974 40.7668 10848.7 -5.55556
285.974 40.7695 10418.4 -5.55556
285.974 40.7722 10489.7 -5.55556
285.974 40.7749 9140.33 -5.55556
285.974 40.7776 9623.31 -5.55556
285.974 40.7803 9099.38 -5.55556
285.974 40.7831 10150.6 -5.55556
285.974 40.7858 9929.72 -5.55556
285.974 40.7885 11162 -5.55556
285.974 40.7912 10084 -5.55556
285.974 40.7939 11126.3 -5.55556
285.974 40.7966 8865.13 -5.55556
285.974 40.7993 10958.9 -5.55556
285.974 40.802 10292.2 -5.55556
285.974 40.8047 8613.8 -5.55556
285.974 40.8075 9605.91 -5.55556
285.974 40.8102 9797.05 -5.55556
285.974 40.8129 9099.91 -5.55556
285.974 40.8156 10508.1 -5.55556
285.974 40.8183 9930.69 -5.55556
285.974 40.821 10415.2 -5.55556
285.974 40.8237 9105.12 -5.55556
285.974 40.8264 11187.9 -5.55556
285.974 40.8292 8888.66 -5.55556
285.974 40.8319 8803.91 -5.55556
285.974 40.8346 9203.72 -5.55556
285.974 40.8373 10003.4 -5.55556
285.974 40.84 11384 -5.55556
285.978 40.68 9595.89 -5.55556
285.978 40.6827 9910.53 -5.55556
285.978 40.6854 11032.9 -5.55556
285.978 40.6881 11451.9 -5.55556
285.978 40.6908 9233.86 -5.55556
285.978 40.6936 9303.78 -5.55556
285.978 40.6963 10021.4 -5.55556
285.978 40.699 9456.82 -5.55556
285.978 40.7017 11422.3 -5.55556
285.978 40.7044 8926.58 -5.55556
285.978 40.7071 10207.4 -5.55556
285.978 40.7098 10850 -5.55556
285.978 40.7125 11185.9 -5.55556
285.978 40.7153 10480.7 -5.55556
285.978 40.718 11753.2 -5.55556
285.978 40.7207 10336.6 -5.55556
285.978 40.7234 10609.2 -5.55556
285.978 40.7261 10300.6 -5.55556
285.978 40.7288 9907.74 -5.55556
285.978 40.7315 9485.93 -5.55556
285.978 40.7342 9825.11 -5.55556
285.978 40.7369 8783.24 -5.55556
285.978 40.7397 9807.61 -5.55556
285.978 40.7424 9667.96 -5.55556
285.978 40.7451 9406.12 -5.55556
285.978 40.7478 11954.1 -5.55556
285.978 40.7505 10733.2 -5.55556
285.978 40.7532 8930.67 -5.55556
285.978 40.7559 10010 -5.55556
285.978 40.7586 10230.1 -5.55556
285.978 40.7614 8695.62 -5.55556
285.978 40.7641 7988.73 -5.55556
285.978 40.7668 11831.2 -5.55556
285.978 40.7695 10102.8 -5.55556
285.978 40.7722 10639.5 -5.55556
285.978 40.7749 10858.6 -5.55556
285.978 40.7776 8516.21 -5.55556
285.978 40.7803 10219.2 -5.55556
285.978 40.7831 10946.7 -5.55556
285.978 40.7858 9592.47 -5.55556
285.978 40.7885 10390 -5.55556
285.978 40.7912 10423.6 -5.55556
285.978 40.7939 10127.9 -5.55556
285.978 40.7966 11271.1 -5.55556
285.978 40.7993 10275.2 -5.55556
285.978 40.802 11168.5 -5.55556
285.978 40.8047 11863.6 -5.55556
285.978 40.8075 9679.99 -5.55556
285.978 40.8102 10756.5 -5.55556
285.978 40.8129 10204.1 -5.55556
285.978 40.8156 8780.71 -5.55556
285.978 40.8183 11994.5 -5.55556
285.978 40.821 11754.7 -5.55556
285.978 40.8237 9065.03 -5.55556
285.978 40.8264 9848.04 -5.55556
285.978 40.8292 10810.7 -5.55556
285.978 40.8319 11035.8 -5.55556
285.978 40.8346 8932.88 -5.55556
285.978 40.8373 10941.3 -5.55556
285.978 40.84 10207.7 -5.55556
285.981 40.68 8466.93 -5.55556
285.981 40.6827 11329 -5.55556
285.981 40.6854 12150.2 -5.55556
285.981 40.6881 11534.3 -5.55556
285.981 40.6908 10006.1 -5.55556
285.981 40.6936 10285.5 -5.55556
285.981 40.6963 11274 -5.55556
285.981 40.699 11952.8 -5.55556
285.981 40.7017 9888.55 -5.55556
285.981 40.7044 9378.61 -5.55556
285.981 40.7071 9573.71 -5.55556
285.981 40.7098 10102.2 -5.55556
285.981 40.7125 11003.9 -5.55556
285.981 40.7153 11515.9 -5.55556
285.981 40.718 10139.7 -5.55556
285.981 40.7207 9302.62 -5.55556
285.981 40.7234 9415 -5.55556
285.981 40.7261 8413.23 -5.55556
285.981 40.7288 10882 -5.55556
285.981 40.7315 9974.29 -5.55556
285.981 40.7342 9324.77 -5.55556
285.981 40.7369 10431.4 -5.55556
285.981 40.7397 9226.28 -5.55556
285.981 40.7424 8744.29 -5.55556
285.981 40.7451 11115 -5.55556
285.981 40.7478 9903.16 -5.55556
285.981 40.7505 10897.5 -5.55556
285.981 40.7532 10357.1 -5.55556
285.981 40.7559 10115.6 -5.55556
285.981 40.7586 9941.72 -5.55556
285.981 40.7614 9292.94 -5.55556
285.981 40.7641 9634.09 -5.55556
285.981 40.7668 9614.05 -5.55556
285.981 40.7695 10596.3 -5.55556
285.981 40.7722 11591.2 -5.55556
285.981 40.7749 10644 -5.55556
285.981 40.7776 9160.75 -5.55556
285.981 40.7803 10163.3 -5.55556
285.981 40.7831 8690.1 -5.55556
285.981 40.7858 9029.5 -5.55556
285.981 40.7885 10099.3 -5.55556
285.981 40.7912 9517.13 -5.55556
285.981 40.7939 10059.4 -5.55556
285.981 40.7966 9667.48 -5.55556
285.981 40.7993 8860.28 -5.55556
285.981 40.802 10582.3 -5.55556
285.981 40.8047 10084.9 -5.55556
285.981 40.8075 11420 -5.55556
285.981 40.8102 10352.8 -5.55556
285.981 40.8129 11462.2 -5.55556
285.981 40.8156 10442.2 -5.55556
285.981 40.8183 10397.6 -5.55556
285.981 40.821 13171 -5.55556
285.981 40.8237 11667.2 -5.55556
285.981 40.8264 10091.4 -5.55556
285.981 40.8292 9459.3 -5.55556
285.981 40.8319 11091.1 -5.55556
285.981 40.8346 9976.98 -5.55556
285.981 40.8373 11611.5 -5.55556
285.981 40.84 10113.4 -5.55556
285.985 40.68 10102.1 -5.55556
285.985 40.6827 9269.38 -5.55556
285.985 40.6854 11443.8 -5.55556
285.985 40.6881 9876.19 -5.55556
285.985 40.6908 11664.8 -5.55556
285.985 40.6936 7585.92 -5.55556
285.985 40.6963 11125.1 -5.55556
285.985 40.699 9082.13 -5.55556
285.985 40.7017 11093 -5.55556
285.985 40.7044 7956.32 -5.55556
285.985 40.7071 10984.2 -5.55556
285.985 40.7098 9374.71 -5.55556
285.985 40.7125 8127.1 -5.55556
285.985 40.7153 10541.8 -5.55556
285.985 40.718 8057.14 -5.55556
285.985 40.7207 10200.8 -5.55556
285.985 40.7234 9950.91 -5.55556
285.985 40.7261 11249.2 -5.55556
285.985 40.7288 10711.8 -5.55556
285.985 40.7315 8549.94 -5.55556
285.985 40.7342 9519.06 -5.55556
285.985 40.7369 8991.21 -5.55556
285.985 40.7397 10042.3 -5.55556
285.985 40.7424 10176.7 -5.55556
285.985 40.7451 9582.33 -5.55556
285.985 40.7478 9586.1 -5.55556
285.985 40.7505 10494 -5.55556
285.985 40.7532 9526.51 -5.55556
285.985 40.7559 9614.42 -5.55556
285.985 40.7586 10931.8 -5.55556
285.985 40.7614 11694.9 -5.55556
285.985 40.7641 10482.3 -5.55556
285.985 40.7668 10183.2 -5.55556
285.985 40.7695 8587.65 -5.55556
285.985 40.7722 11204.6 -5.55556
285.985 40.7749 10812.7 -5.55556
285.985 40.7776 10269.6 -5.55556
285.985 40.7803 10042.7 -5.55556
285.985 40.7831 11780.6 -5.55556
285.985 40.7858 10477.2 -5.55556
285.985 40.7885 11107.3 -5.55556
285.985 40.7912 8499.1 -5.55556
285.985 40.7939 9317.72 -5.55556
285.985 40.7966 9058.68 -5.55556
285.985 40.7993 10477.2 -5.55556
285.985 40.802 10954.5 -5.55556
285.985 40.8047 8241.02 -5.55556
285.985 40.8075 11890.1 -5.55556
285.985 40.8102 9431.09 -5.55556
285.985 40.8129 9058.84 -5.55556
285.985 40.8156 9707.25 -5.55556
285.985 40.8183 12484.4 -5.55556
285.985 40.821 9375.67 -5.55556
285.985 40.8237 11362.2 -5.55556
285.985 40.8264 10120.9 -5.55556
285.985 40.8292 10257.7 -5.55556
285.985 40.8319 11826.9 -5.55556
285.985 40.8346 8385.19 -5.55556
285.985 40.8373 9780.38 -5.55556
285.985 40.84 11475 -5.55556
285.988 40.68 10491.5 -5.55556
285.988 40.6827 10296.6 -5.55556
285.988 40.6854 8198.05 -5.55556
285.988 40.6881 11822.2 -5.55556
285.988 40.6908 8198.98 -5.55556
285.988 40.6936 9121.39 -5.55556
285.988 40.6963 9946.13 -5.55556
285.988 40.699 11179 -5.55556
285.988 40.7017 10898.6 -5.55556
285.988 40.7044 10902.9 -5.55556
285.988 40.7071 10580.1 -5.55556
285.988 40.7098 11697.1 -5.55556
285.988 40.7125 8210.71 -5.55556
285.988 40.7153 10929.2 -5.55556
285.988 40.718 10652.1 -5.55556
285.988 40.7207 9068.17 -5.55556
285.988 40.7234 9106.22 -5.55556
285.988 40.7261 9624.13 -5.55556
285.988 40.7288 8689.92 -5.55556
285.988 40.7315 10625.5 -5.55556
285.988 40.7342 9337.78 -5.55556
285.988 40.7369 11054.5 -5.55556
285.988 40.7397 10818 -5.55556
285.988 40.7424 8388.03 -5.55556
285.988 40.7451 7628.21 -5.55556
285.988 40.7478 10568.8 -5.55556
285.988 40.7505 10856.3 -5.55556
285.988 40.7532 10423.3 -5.55556
285.988 40.7559 7011.8 -5.55556
285.988 40.7586 8883.65 -5.55556
285.988 40.7614 9904.05 -5.55556
285.988 40.7641 10898.9 -5.55556
285.988 40.7668 11421.2 -5.55556
285.988 40.7695 8736.49 -5.55556
285.988 40.7722 7348.42 -5.55556
285.988 40.7749 10897.9 -5.55556
285.988 40.7776 8220.98 -5.55556
285.988 40.7803 10262.6 -5.55556
285.988 40.7831 11451.5 -5.55556
285.988 40.7858 10273.6 -5.55556
285.988 40.7885 10538.9 -5.55556
285.988 40.7912 10533.1 -5.55556
285.988 40.7939 10875.4 -5.55556
285.988 40.7966 11470 -5.55556
285.988 40.7993 10211.6 -5.55556
285.988 40.802 10234.1 -5.55556
285.988 40.8047 8528.48 -5.55556
285.988 40.8075 10559.3 -5.55556
285.988 40.8102 10385.8 -5.55556
285.988 40.8129 11380.3 -5.55556
285.988 40.8156 10765.9 -5.55556
285.988 40.8183 10894.4 -5.55556
285.988 40.821 8718.5 -5.55556
285.988 40.8237 8970.87 -5.55556
285.988 40.8264 10457.1 -5.55556
285.988 40.8292 10040 -5.55556
285.988 40.8319 8728.12 -5.55556
285.988 40.8346 11424.5 -5.55556
285.988 40.8373 10489.5 -5.55556
285.988 40.84 10026.6 -5.55556
285.992 40.68 9182.62 -5.55556
285.992 40.6827 9763.71 -5.55556
285.992 40.6854 10159.9 -5.55556
285.992 40.6881 9417.27 -5.55556
285.992 40.6908 9081.53 -5.55556
285.992 40.6936 9607.69 -5.55556
285.992 40.6963 9848.73 -5.55556
285.992 40.699 9052.42 -5.55556
285.992 40.7017 9698.47 -5.55556
285.992 40.7044 8767.84 -5.55556
285.992 40.7071 9711.22 -5.55556
285.992 40.7098 10033.2 -5.55556
285.992 40.7125 9827.57 -5.55556
285.992 40.7153 9947.01 -5.55556
285.992 40.718 10237.5 -5.55556
285.992 40.7207 11361.9 -5.55556
285.992 40.7234 11241 -5.55556
285.992 40.7261 10634.3 -5.55556
285.992 40.7288 9706.25 -5.55556
285.992 40.7315 9721.03 -5.55556
285.992 40.7342 10360.1 -5.55556
285.992 40.7369 10221.4 -5.55556
285.992 40.7397 11647.5 -5.55556
285.992 40.7424 9202.26 -5.55556
285.992 40.7451 11774.8 -5.55556
285.992 40.7478 8481.97 -5.55556
285.992 40.7505 11006.6 -5.55556
285.992 40.7532 11269.5 -5.55556
285.992 40.7559 10864.5 -5.55556
285.992 40.7586 8750.85 -5.55556
285.992 40.7614 10986.3 -5.55556
285.992 40.7641 8809.97 -5.55556
285.992 40.7668 8321.85 -5.55556
285.992 40.7695 11208.5 -5.55556
285.992 40.7722 12699.3 -5.55556
285.992 40.7749 11137.6 -5.55556
285.992 40.7776 10182.9 -5.55556
285.992 40.7803 9492.25 -5.55556
285.992 40.7831 9338.14 -5.55556
285.992 40.7858 11474.6 -5.55556
285.992 40.7885 11000.2 -5.55556
285.992 40.7912 11869.2 -5.55556
285.992 40.7939 8114.76 -5.55556
285.992 40.7966 11562.4 -5.55556
285.992 40.7993 12177.1 -5.55556
285.992 40.802 10483.2 -5.55556
285.992 40.8047 11632.9 -5.55556
285.992 40.8075 11695.1 -5.55556
285.992 40.8102 9929.17 -5.55556
285.992 40.8129 9706 -5.55556
285.992 40.8156 9542.06 -5.55556
285.992 40.8183 10328.1 -5.55556
285.992 40.821 10896.4 -5.55556
285.992 40.8237 9971.21 -5.55556
285.992 40.8264 9739.84 -5.55556
285.992 40.8292 12242.4 -5.55556
285.992 40.8319 10783.7 -5.55556
285.992 40.8346 10183.9 -5.55556
285.992 40.8373 10954.4 -5.55556
285.992 40.84 10726 -5.55556
285.995 40.68 9866.57 -5.55556
285.995 40.6827 9780.13 -5.55556
285.995 40.6854 10520.9 -5.55556
285.995 40.6881 9556.85 -5.55556
285.995 40.6908 11339.5 -5.55556
285.995 40.6936 11324.6 -5.55556
285.995 40.6963 9640.28 -5.55556
285.995 40.699 9490.3 -5.55556
285.995 40.7017 10294.4 -5.55556
285.995 40.7044 8694.2 -5.55556
285.995 40.7071 10479.6 -5.55556
285.995 40.7098 9649.81 -5.55556
285.995 40.7125 6991.64 -5.55556
285.995 40.7153 10501 -5.55556
285.995 40.718 9646.7 -5.55556
285.995 40.7207 8716.79 -5.55556
285.995 40.7234 10140 -5.55556
285.995 40.7261 11054.7 -5.55556
285.995 40.7288 11513.5 -5.55556
285.995 40.7315 9355.47 -5.55556
285.995 40.7342 9108.37 -5.55556
285.995 40.7369 9824.05 -5.55556
285.995 40.7397 9562.83 -5.55556
285.995 40.7424 9202.19 -5.55556
285.995 40.7451 10605 -5.55556
285.995 40.7478 10429.8 -5.55556
285.995 40.7505 11282.8 -5.55556
285.995 40.7532 9170.82 -5.55556
285.995 40.7559 9759.7 -5.55556
285.995 40.7586 10861.7 -5.55556
285.995 40.7614 11822.8 -5.55556
285.995 40.7641 8271.52 -5.55556
285.995 40.7668 9382.02 -5.55556
285.995 40.7695 10105.6 -5.55556
285.995 40.7722 9516.19 -5.55556
285.995 40.7749 9930.89 -5.55556
285.995 40.7776 10602.3 -5.55556
285.995 40.7803 10215.6 -5.55556
285.995 40.7831 11239.4 -5.55556
285.995 40.7858 10845.1 -5.55556
285.995 40.7885 10283 -5.55556
285.995 40.7912 10010.1 -5.55556
285.995 40.7939 9934.82 -5.55556
285.995 40.7966 10125.9 -5.55556
285.995 40.7993 10968.3 -5.55556
285.995 40.802 8769.6 -5.55556
285.995 40.8047 9237.3 -5.55556
285.995 40.8075 9083.39 -5.55556
285.995 40.8102 8720.53 -5.55556
285.995 40.8129 9759.73 -5.55556
285.995 40.8156 9428.74 -5.55556
285.995 40.8183 10113.2 -5.55556
285.995 40.821 9650.49 -5.55556
285.995 40.8237 9904.65 -5.55556
285.995 40.8264 9602.35 -5.55556
285.995 40.8292 9910 -5.55556
285.995 40.8319 9556.77 -5.55556
285.995 40.8346 10949.5 -5.55556
285.995 40.8373 9708.33 -5.55556
285.995 40.84 9548.35 -5.55556
285.999 40.68 9598.43 -5.55556
285.999 40.6827 9920.95 -5.55556
285.999 40.6854 10133.8 -5.55556
285.999 40.6881 7639.41 -5.55556
285.999 40.6908 10045.8 -5.55556
285.999 40.6936 9582.52 -5.55556
285.999 40.6963 11687.3 -5.55556
285.999 40.699 9536.81 -5.55556
285.999 40.7017 10724.2 -5.55556
285.999 40.7044 10135.7 -5.55556
285.999 40.7071 11547.6 -5.55556
285.999 40.7098 9760.66 -5.55556
285.999 40.7125 9879.58 -5.55556
285.999 40.7153 9621.77 -5.55556
285.999 40.718 8084.87 -5.55556
285.999 40.7207 9851.54 -5.55556
285.999 40.7234 10898.5 -5.55556
285.999 40.7261 10585.1 -5.55556
285.999 40.7288 10977 -5.55556
285.999 40.7315 9892.54 -5.55556
285.999 40.7342 9977.05 -5.55556
285.999 40.7369 7574.34 -5.55556
285.999 40.7397 11112.4 -5.55556
285.999 40.7424 10238.8 -5.55556
285.999 40.7451 8062.63 -5.55556
285.999 40.7478 8437.3 -5.55556
285.999 40.7505 11394.2 -5.55556
285.999 40.7532 10749.8 -5.55556
285.999 40.7559 9694.45 -5.55556
285.999 40.7586 9729.67 -5.55556
285.999 40.7614 9761.1 -5.55556
285.999 40.7641 8900.85 -5.55556
285.999 40.7668 8967.69 -5.55556
285.999 40.7695 10445.5 -5.55556
285.999 40.7722 11189.9 -5.55556
285.999 40.7749 10678.6 -5.55556
285.999 40.7776 9565.83 -5.55556
285.999 40.7803 10555.2 -5.55556
285.999 40.7831 11440.3 -5.55556
285.999 40.7858 11435.2 -5.55556
285.999 40.7885 10002.8 -5.55556
285.999 40.7912 8629.37 -5.55556
285.999 40.7939 10533.9 -5.55556
285.999 40.7966 9729.6 -5.55556
285.999 40.7993 9461.98 -5.55556
285.999 40.802 9629 -5.55556
285.999 40.8047 9875.98 -5.55556
285.999 40.8075 10379.8 -5.55556
285.999 40.8102 10462.3 -5.55556
285.999 40.8129 10464.4 -5.55556
285.999 40.8156 9059.08 -5.55556
285.999 40.8183 10450.5 -5.55556
285.999 40.821 8996.55 -5.55556
285.999 40.8237 10022.8 -5.55556
285.999 40.8264 10885.3 -5.55556
285.999 40.8292 10525.9 -5.55556
285.999 40.8319 10309.5 -5.55556
285.999 40.8346 9233.76 -5.55556
285.999 40.8373 8509.41 -5.55556
285.999 40.84 11119.3 -5.55556
286.002 40.68 9077.56 -5.55556
286.002 40.6827 10116.3 -5.55556
286.002 40.6854 10739.6 -5.55556
286.002 40.6881 8095.84 -5.55556
286.002 40.6908 11293.2 -5.55556
286.002 40.6936 9714.18 -5.55556
286.002 40.6963 10941.8 -5.55556
286.002 40.699 9551.94 -5.55556
286.002 40.7017 9575.07 -5.55556
286.002 40.7044 8688.59 -5.55556
286.002 40.7071 9459.96 -5.55556
286.002 40.7098 11624.4 -5.55556
286.002 40.7125 10801.1 -5.55556
286.002 40.7153 8754.42 -5.55556
286.002 40.718 12146.6 -5.55556
286.002 40.7207 10780.3 -5.55556
286.002 40.7234 9789.72 -5.55556
286.002 40.7261 10737.2 -5.55556
286.002 40.7288 7023.36 -5.55556
286.002 40.7315 9531.25 -5.55556
286.002 40.7342 10021.1 -5.55556
286.002 40.7369 10887.7 -5.55556
286.002 40.7397 9048.02 -5.55556
286.002 40.7424 9538.67 -5.55556
286.002 40.7451 10356 -5.55556
286.002 40.7478 10187.8 -5.55556
286.002 40.7505 9934.76 -5.55556
286.002 40.7532 9796.98 -5.55556
286.002 40.7559 9608.54 -5.55556
286.002 40.7586 11885.8 -5.55556
286.002 40.7614 9631.05 -5.55556
286.002 40.7641 10352.8 -5.55556
286.002 40.7668 10148.2 -5.55556
286.002 40.7695 8306.85 -5.55556
286.002 40.7722 11134.8 -5.55556
286.002 40.7749 9614.99 -5.55556
286.002 40.7776 9379 -5.55556
286.002 40.7803 8983.99 -5.55556
286.002 40.7831 10678.4 -5.55556
286.002 40.7858 10397.9 -5.55556
286.002 40.7885 11551.7 -5.55556
286.002 40.7912 10138.2 -5.55556
286.002 40.7939 11549.1 -5.55556
286.002 40.7966 9435.71 -5.55556
286.002 40.7993 12629 -5.55556
286.002 40.802 8813.73 -5.55556
286.002 40.8047 9580.02 -5.55556
286.002 40.8075 11748.8 -5.55556
286.002 40.8102 8863.04 -5.55556
286.002 40.8129 9346.52 -5.55556
286.002 40.8156 10217 -5.55556
286.002 40.8183 10088.6 -5.55556
286.002 40.821 10361.1 -5.55556
286.002 40.8237 10400 -5.55556
286.002 40.8264 9576.88 -5.55556
286.002 40.8292 9863.76 -5.55556
286.002 40.8319 10384.2 -5.55556
286.002 40.8346 9419.08 -5.55556
286.002 40.8373 9188.5 -5.55556
286.002 40.84 11239.3 -5.55556
286.006 40.68 9757.19 -5.55556
286.006 40.6827 9707.66 -5.55556
286.006 40.6854 10163.2 -5.55556
286.006 40.6881 10060.2 -5.55556
286.006 40.6908 8627.83 -5.55556
286.006 40.6936 10951.2 -5.55556
286.006 40.6963 9152.52 -5.55556
286.006 40.699 8725.64 -5.55556
286.006 40.7017 8766.38 -5.55556
286.006 40.7044 9840.85 -5.55556
286.006 40.7071 8367.66 -5.55556
286.006 40.7098 9779.76 -5.55556
286.006 40.7125 9916.87 -5.55556
286.006 40.7153 10268.7 -5.55556
286.006 40.718 11340.1 -5.55556
286.006 40.7207 9448.51 -5.55556
286.006 40.7234 11084.9 -5.55556
286.006 40.7261 9853.27 -5.55556
286.006 40.7288 9888.72 -5.55556
286.006 40.7315 10861.3 -5.55556
286.006 40.7342 10605.7 -5.55556
286.006 40.7369 10766.8 -5.55556
286.006 40.7397 10058.3 -5.55556
286.006 40.7424 10083.9 -5.55556
286.006 40.7451 8477.31 -5.55556
286.006 40.7478 8710.38 -5.55556
286.006 40.7505 11578.1 -5.55556
286.006 40.7532 11515 -5.55556
286.006 40.7559 9919.28 -5.55556
286.006 40.7586 10867.2 -5.55556
286.006 40.7614 10485.3 -5.55556
286.006 40.7641 9354.22 -5.55556
286.006 40.7668 8723.64 -5.55556
286.006 40.7695 9216.58 -5.55556
286.006 40.7722 8208.1 -5.55556
286.006 40.7749 9143.02 -5.55556
286.006 40.7776 10088.3 -5.55556
286.006 40.7803 8675.67 -5.55556
286.006 40.7831 8936.52 -5.55556
286.006 40.7858 8817.64 -5.55556
286.006 40.7885 9772.12 -5.55556
286.006 40.7912 9778.24 -5.55556
286.006 40.7939 9789.7 -5.55556
286.006 40.7966 8524.7 -5.55556
286.006 40.7993 9575.38 -5.55556
286.006 40.802 10421.7 -5.55556
286.006 40.8047 9193.98 -5.55556
286.006 40.8075 10072.2 -5.55556
286.006 40.8102 8667.34 -5.55556
286.006 40.8129 10292.6 -5.55556
286.006 40.8156 10148.6 -5.55556
286.006 40.8183 10160 -5.55556
286.006 40.821 10865.5 -5.55556
286.006 40.8237 10881.3 -5.55556
286.006 40.8264 9736.98 -5.55556
286.006 40.8292 9886.02 -5.55556
286.006 40.8319 11220.4 -5.55556
286.006 40.8346 11517.8 -5.55556
286.006 40.8373 10679.4 -5.55556
286.006 40.84 12663.1 -5.55556
286.009 40.68 9867.18 -5.55556
286.009 40.6827 11300.6 -5.55556
286.009 40.6854 8461.33 -5.55556
286.009 40.6881 10984.8 -5.55556
286.009 40.6908 8323.93 -5.55556
286.009 40.6936 10815.8 -5.55556
286.009 40.6963 9058.36 -5.55556
286.009 40.699 10788.9 -5.55556
286.009 40.7017 9850.8 -5.55556
286.009 40.7044 9945.32 -5.55556
286.009 40.7071 10222.7 -5.55556
286.009 40.7098 11227.6 -5.55556
286.009 40.7125 10645.9 -5.55556
286.009 40.7153 10516.7 -5.55556
286.009 40.718 9214.32 -5.55556
286.009 40.7207 11275.4 -5.55556
286.009 40.7234 8960.34 -5.55556
286.009 40.7261 7374.32 -5.55556
286.009 40.7288 9854.38 -5.55556
286.009 40.7315 8635.35 -5.55556
286.009 40.7342 10216.5 -5.55556
286.009 40.7369 11905.6 -5.55556
286.009 40.7397 9273.37 -5.55556
286.009 40.7424 10250.3 -5.55556
286.009 40.7451 7805.16 -5.55556
286.009 40.7478 10353 -5.55556
286.009 40.7505 8670.53 -5.55556
286.009 40.7532 10649.4 -5.55556
286.009 40.7559 9151.52 -5.55556
286.009 40.7586 9555.71 -5.55556
286.009 40.7614 11475.9 -5.55556
286.009 40.7641 9932.12 -5.55556
286.009 40.7668 8291.9 -5.55556
286.009 40.7695 8429.07 -5.55556
286.009 40.7722 10264.5 -5.55556
286.009 40.7749 9437.5 -5.55556
286.009 40.7776 11197.5 -5.55556
286.009 40.7803 11127.6 -5.55556
286.009 40.7831 10505.9 -5.55556
286.009 40.7858 10048.6 -5.55556
286.009 40.7885 11543.9 -5.55556
286.009 40.7912 9684 -5.55556
286.009 40.7939 10895.3 -5.55556
286.009 40.7966 10260.5 -5.55556
286.009 40.7993 10131.9 -5.55556
286.009 40.802 10857.2 -5.55556
286.009 40.8047 10957.2 -5.55556
286.009 40.8075 8887.49 -5.55556
286.009 40.8102 10287.3 -5.55556
286.009 40.8129 7837.88 -5.55556
286.009 40.8156 10282.8 -5.55556
286.009 40.8183 9955.51 -5.55556
286.009 40.821 7792.27 -5.55556
286.009 40.8237 11619.2 -5.55556
286.009 40.8264 10664.2 -5.55556
286.009 40.8292 9566.71 -5.55556
286.009 40.8319 8685.18 -5.55556
286.009 40.8346 10659.6 -5.55556
286.009 40.8373 8329.95 -5.55556
286.009 40.84 9494.51 -5.55556
286.013 40.68 9982.9 -5.55556
286.013 40.6827 8077.75 -5.55556
286.013 40.6854 9430.76 -5.55556
286.013 40.6881 10329.3 -5.55556
286.013 40.6908 9819.67 -5.55556
286.013 40.6936 10558.9 -5.55556
286.013 40.6963 9097.55 -5.55556
286.013 40.699 6996.14 -5.55556
286.013 40.7017 10639.6 -5.55556
286.013 40.7044 10804.2 -5.55556
286.013 40.7071 9895.91 -5.55556
286.013 40.7098 10560.8 -5.55556
286.013 40.7125 10254.6 -5.55556
286.013 40.7153 10369.3 -5.55556
286.013 40.718 8583.09 -5.55556
286.013 40.7207 9051.08 -5.55556
286.013 40.7234 11506.5 -5.55556
286.013 40.7261 10832.7 -5.55556
286.013 40.7288 9912.8 -5.55556
286.013 40.7315 10270.8 -5.55556
286.013 40.7342 8699.28 -5.55556
286.013 40.7369 10895.6 -5.55556
286.013 40.7397 9507.56 -5.55556
286.013 40.7424 11749.5 -5.55556
286.013 40.7451 7868.76 -5.55556
286.013 40.7478 11529.8 -5.55556
286.013 40.7505 10144.4 -5.55556
286.013 40.7532 11198.4 -5.55556
286.013 40.7559 11613 -5.55556
286.013 40.7586 9770.44 -5.55556
286.013 40.7614 10435.8 -5.55556
286.013 40.7641 12038.5 -5.55556
286.013 40.7668 9437.86 -5.55556
286.013 40.7695 9698.2 -5.55556
286.013 40.7722 11560.6 -5.55556
286.013 40.7749 9519.48 -5.55556
286.013 40.7776 11138.3 -5.55556
286.013 40.7803 8874.84 -5.55556
286.013 40.7831 11104.6 -5.55556
286.013 40.7858 10186.7 -5.55556
286.013 40.7885 9982.42 -5.55556
286.013 40.7912 9447.27 -5.55556
286.013 40.7939 11689.4 -5.55556
286.013 40.7966 9195.34 -5.55556
286.013 40.7993 10333.6 -5.55556
286.013 40.802 7840.4 -5.55556
286.013 40.8047 10571.4 -5.55556
286.013 40.8075 9807.44 -5.55556
286.013 40.8102 10101.7 -5.55556
286.013 40.8129 9397.05 -5.55556
286.013 40.8156 9392.02 -5.55556
286.013 40.8183 10544.9 -5.55556
286.013 40.821 9981.32 -5.55556
286.013 40.8237 10098.6 -5.55556
286.013 40.8264 10991.7 -5.55556
286.013 40.8292 9820.08 -5.55556
286.013 40.8319 11552.7 -5.55556
286.013 40.8346 10197 -5.55556
286.013 40.8373 10710 -5.55556
286.013 40.84 9682.43 -5.55556
286.016 40.68 10881.8 -5.55556
286.016 40.6827 10164.9 -5.55556
286.016 40.6854 8479.03 -5.55556
286.016 40.6881 8113.47 -5.55556
286.016 40.6908 11800.8 -5.55556
286.016 40.6936 9640.11 -5.55556
286.016 40.6963 10195.9 -5.55556
286.016 40.699 9366.79 -5.55556
286.016 40.7017 9013.6 -5.55556
286.016 40.7044 8997.72 -5.55556
286.016 40.7071 11792.3 -5.55556
286.016 40.7098 11549 -5.55556
286.016 40.7125 9416.93 -5.55556
286.016 40.7153 10445.2 -5.55556
286.016 40.718 10018.3 -5.55556
286.016 40.7207 10524.3 -5.55556
286.016 40.7234 11679.2 -5.55556
286.016 40.7261 10537.8 -5.55556
286.016 40.7288 11078.5 -5.55556
286.016 40.7315 9230.18 -5.55556
286.016 40.7342 9291.45 -5.55556
286.016 40.7369 9509.8 -5.55556
286.016 40.7397 9858.94 -5.55556
286.016 40.7424 8271.55 -5.55556
286.016 40.7451 9337.57 -5.55556
286.016 40.7478 9307.82 -5.55556
286.016 40.7505 9001.02 -5.55556
286.016 40.7532 11723 -5.55556
286.016 40.7559 10100.7 -5.55556
286.016 40.7586 9076.89 -5.55556
286.016 40.7614 10760.9 -5.55556
286.016 40.7641 9313.93 -5.55556
286.016 40.7668 9703.4 -5.55556
286.016 40.7695 9358.33 -5.55556
286.016 40.7722 10574.9 -5.55556
286.016 40.7749 12160.4 -5.55556
286.016 40.7776 10501.5 -5.55556
286.016 40.7803 10347.1 -5.55556
286.016 40.7831 11537.8 -5.55556
286.016 40.7858 12230.7 -5.55556
286.016 40.7885 10820.3 -5.55556
286.016 40.7912 10214.1 -5.55556
286.016 40.7939 9432.94 -5.55556
286.016 40.7966 9784.54 -5.55556
286.016 40.7993 8659.22 -5.55556
286.016 40.802 9832.15 -5.55556
286.016 40.8047 9846.66 -5.55556
286.016 40.8075 10462.7 -5.55556
286.016 40.8102 9517.87 -5.55556
286.016 40.8129 8861.78 -5.55556
286.016 40.8156 7137.28 -5.55556
286.016 40.8183 11168.6 -5.55556
286.016 40.821 9159.55 -5.55556
286.016 40.8237 11033.5 -5.55556
286.016 40.8264 8780.59 -5.55556
286.016 40.8292 8608 -5.55556
286.016 40.8319 10862.2 -5.55556
286.016 40.8346 8594.4 -5.55556
286.016 40.8373 8950.86 -5.55556
286.016 40.84 10465.5 -5.55556
286.02 40.68 8368.92 -5.55556
286.02 40.6827 9535.58 -5.55556
286.02 40.6854 10813.2 -5.55556
286.02 40.6881 10217.2 -5.55556
286.02 40.6908 10654 -5.55556
286.02 40.6936 10274.2 -5.55556
286.02 40.6963 9258.54 -5.55556
286.02 40.699 10363.2 -5.55556
286.02 40.7017 10225.4 -5.55556
286.02 40.7044 7784.57 -5.55556
286.02 40.7071 10519.7 -5.55556
286.02 40.7098 8589.45 -5.55556
286.02 40.7125 11429.2 -5.55556
286.02 40.7153 8836.74 -5.55556
286.02 40.718 10520.2 -5.55556
286.02 40.7207 9351.72 -5.55556
286.02 40.7234 9780.62 -5.55556
286.02 40.7261 9974.93 -5.55556
286.02 40.7288 8175.74 -5.55556
286.02 40.7315 9851.94 -5.55556
286.02 40.7342 11228.7 -5.55556
286.02 40.7369 9058.41 -5.55556
286.02 40.7397 11865.2 -5.55556
286.02 40.7424 10247.5 -5.55556
286.02 40.7451 11435 -5.55556
286.02 40.7478 9723.96 -5.55556
286.02 40.7505 11810.1 -5.55556
286.02 40.7532 10709.6 -5.55556
286.02 40.7559 10854.2 -5.55556
286.02 40.7586 12635 -5.55556
286.02 40.7614 11692.3 -5.55556
286.02 40.7641 10604 -5.55556
286.02 40.7668 10706.8 -5.55556
286.02 40.7695 9748.14 -5.55556
286.02 40.7722 9459.61 -5.55556
286.02 40.7749 9300.44 -5.55556
286.02 40.7776 9015.25 -5.55556
286.02 40.7803 10535.9 -5.55556
286.02 40.7831 12257.5 -5.55556
286.02 40.7858 9643.8 -5.55556
286.02 40.7885 9865.43 -5.55556
286.02 40.7912 12648.8 -5.55556
286.02 40.7939 9915.33 -5.55556
286.02 40.7966 9763.05 -5.55556
286.02 40.7993 9586.96 -5.55556
286.02 40.802 9249.6 -5.55556
286.02 40.8047 9065.06 -5.55556
286.02 40.8075 9795.92 -5.55556
286.02 40.8102 9277.27 -5.55556
286.02 40.8129 8323.91 -5.55556
286.02 40.8156 9631.12 -5.55556
286.02 40.8183 11340 -5.55556
286.02 40.821 10657.1 -5.55556
286.02 40.8237 9759.74 -5.55556
286.02 40.8264 9864.08 -5.55556
286.02 40.8292 10901.3 -5.55556
286.02 40.8319 8588.88 -5.55556
286.02 40.8346 9722.37 -5.55556
286.02 40.8373 9724.2 -5.55556
286.02 40.84 9535.55 -5.55556
286.024 40.68 11230.3 -5.55556
286.024 40.6827 10421.7 -5.55556
286.024 40.6854 8689.74 -5.55556
286.024 40.6881 10831.2 -5.55556
286.024 40.6908 11428.8 -5.55556
286.024 40.6936 9894.7 -5.55556
286.024 40.6963 10191 -5.55556
286.024 40.699 8543.45 -5.55556
286.024 40.7017 11864.6 -5.55556
286.024 40.7044 10758.9 -5.55556
286.024 40.7071 12850.3 -5.55556
286.024 40.7098 11016.4 -5.55556
286.024 40.7125 9527.95 -5.55556
286.024 40.7153 10157.9 -5.55556
286.024 40.718 8644.21 -5.55556
286.024 40.7207 11407 -5.55556
286.024 40.7234 8422.19 -5.55556
286.024 40.7261 9742.2 -5.55556
286.024 40.7288 9830.78 -5.55556
286.024 40.7315 10464.4 -5.55556
286.024 40.7342 10012.7 -5.55556
286.024 40.7369 10237.1 -5.55556
286.024 40.7397 10455.5 -5.55556
286.024 40.7424 10497.4 -5.55556
286.024 40.7451 10772.4 -5.55556
286.024 40.7478 8961.3 -5.55556
286.024 40.7505 9404.15 -5.55556
286.024 40.7532 10058.3 -5.55556
286.024 40.7559 10465.1 -5.55556
286.024 40.7586 11049.7 -5.55556
286.024 40.7614 10400.5 -5.55556
286.024 40.7641 10171.3 -5.55556
286.024 40.7668 9293.13 -5.55556
286.024 40.7695 8546.95 -5.55556
286.024 40.7722 9621.25 -5.55556
286.024 40.7749 10140.8 -5.55556
286.024 40.7776 10088.1 -5.55556
286.024 40.7803 10819.9 -5.55556
286.024 40.7831 9635.37 -5.55556
286.024 40.7858 8871.95 -5.55556
286.024 40.7885 8741.04 -5.55556
286.024 40.7912 10385.4 -5.55556
286.024 40.7939 8803.82 -5.55556
286.024 40.7966 10142.7 -5.55556
286.024 40.7993 9583.97 -5.55556
286.024 40.802 11154.4 -5.55556
286.024 40.8047 7795.29 -5.55556
286.024 40.8075 10883.4 -5.55556
286.024 40.8102 11282.6 -5.55556
286.024 40.8129 12152.1 -5.55556
286.024 40.8156 10677.6 -5.55556
286.024 40.8183 9521.66 -5.55556
286.024 40.821 9838.34 -5.55556
286.024 40.8237 10463.2 -5.55556
286.024 40.8264 9818.69 -5.55556
286.024 40.8292 9069.67 -5.55556
286.024 40.8319 10605 -5.55556
286.024 40.8346 9768.35 -5.55556
286.024 40.8373 9592.39 -5.55556
286.024 40.84 10218.9 -5.55556
286.027 40.68 9246.31 -5.55556
286.027 40.6827 10734.6 -5.55556
286.027 40.6854 11053.8 -5.55556
286.027 40.6881 9671.4 -5.55556
286.027 40.6908 10840 -5.55556
286.027 40.6936 8842.65 -5.55556
286.027 40.6963 10118.7 -5.55556
286.027 40.699 10126.1 -5.55556
286.027 40.7017 10280.1 -5.55556
286.027 40.7044 8561.91 -5.55556
286.027 40.7071 10136.5 -5.55556
286.027 40.7098 9947.43 -5.55556
286.027 40.7125 10268.1 -5.55556
286.027 40.7153 10970.7 -5.55556
286.027 40.718 10094.7 -5.55556
286.027 40.7207 10462 -5.55556
286.027 40.7234 9712.17 -5.55556
286.027 40.7261 11467.7 -5.55556
286.027 40.7288 10659.3 -5.55556
286.027 40.7315 9924.04 -5.55556
286.027 40.7342 9607.62 -5.55556
286.027 40.7369 8228.96 -5.55556
286.027 40.7397 10039.8 -5.55556
286.027 40.7424 9659.43 -5.55556
286.027 40.7451 8581.23 -5.55556
286.027 40.7478 10466 -5.55556
286.027 40.7505 9492.95 -5.55556
286.027 40.7532 11341.4 -5.55556
286.027 40.7559 9274.01 -5.55556
286.027 40.7586 10152.9 -5.55556
286.027 40.7614 10316.5 -5.55556
286.027 40.7641 12001.3 -5.55556
286.027 40.7668 9403.64 -5.55556
286.027 40.7695 9834.81 -5.55556
286.027 40.7722 9071.77 -5.55556
286.027 40.7749 9192.13 -5.55556
286.027 40.7776 9295.11 -5.55556
286.027 40.7803 9756.53 -5.55556
286.027 40.7831 9129.79 -5.55556
286.027 40.7858 9977.29 -5.55556
286.027 40.7885 9382.36 -5.55556
286.027 40.7912 12036.9 -5.55556
286.027 40.7939 9754.12 -5.55556
286.027 40.7966 10281.8 -5.55556
286.027 40.7993 10431.2 -5.55556
286.027 40.802 10391.3 -5.55556
286.027 40.8047 10457.8 -5.55556
286.027 40.8075 10401.8 -5.55556
286.027 40.8102 10933.4 -5.55556
286.027 40.8129 10965.2 -5.55556
286.027 40.8156 10327 -5.55556
286.027 40.8183 10679 -5.55556
286.027 40.821 9636.55 -5.55556
286.027 40.8237 10455.9 -5.55556
286.027 40.8264 10658.6 -5.55556
286.027 40.8292 9208.43 -5.55556
286.027 40.8319 11307.6 -5.55556
286.027 40.8346 11215.4 -5.55556
286.027 40.8373 9632.09 -5.55556
286.027 40.84 9698.31 -5.55556
286.031 40.68 10138.2 -5.55556
286.031 40.6827 9732.09 -5.55556
286.031 40.6854 10449.9 -5.55556
286.031 40.6881 8941.85 -5.55556
286.031 40.6908 10327.2 -5.55556
286.031 40.6936 8565.27 -5.55556
286.031 40.6963 9981.47 -5.55556
286.031 40.699 10780.1 -5.55556
286.031 40.7017 10427.2 -5.55556
286.031 40.7044 9223.35 -5.55556
286.031 40.7071 9524.41 -5.55556
286.031 40.7098 10088.8 -5.55556
286.031 40.7125 9660.07 -5.55556
286.031 40.7153 9794.91 -5.55556
286.031 40.718 9669.84 -5.55556
286.031 40.7207 9616.55 -5.55556
286.031 40.7234 9093.09 -5.55556
286.031 40.7261 9377.13 -5.55556
286.031 40.7288 9592.35 -5.55556
286.031 40.7315 8801.34 -5.55556
286.031 40.7342 9947.37 -5.55556
286.031 40.7369 8884.29 -5.55556
286.031 40.7397 10573.2 -5.55556
286.031 40.7424 10190.1 -5.55556
286.031 40.7451 9786.8 -5.55556
286.031 40.7478 10505.6 -5.55556
286.031 40.7505 9604.53 -5.55556
286.031 40.7532 8049.64 -5.55556
286.031 40.7559 10237.9 -5.55556
286.031 40.7586 10018.1 -5.55556
286.031 40.7614 11731 -5.55556
286.031 40.7641 8874.8 -5.55556
286.031 40.7668 9419.57 -5.55556
286.031 40.7695 11876.9 -5.55556
286.031 40.7722 12444.1 -5.55556
286.031 40.7749 12157.7 -5.55556
286.031 40.7776 9979.75 -5.55556
286.031 40.7803 10644.1 -5.55556
286.031 40.7831 8516.86 -5.55556
286.031 40.7858 10237.1 -5.55556
286.031 40.7885 10978.5 -5.55556
286.031 40.7912 8091.54 -5.55556
286.031 40.7939 8347.38 -5.55556
286.031 40.7966 11194.3 -5.55556
286.031 40.7993 7246.2 -5.55556
286.031 40.802 9083.56 -5.55556
286.031 40.8047 9174.06 -5.55556
286.031 40.8075 10828.3 -5.55556
286.031 40.8102 10024.3 -5.55556
286.031 40.8129 11439.9 -5.55556
286.031 40.8156 9560.5 -5.55556
286.031 40.8183 8953.35 -5.55556
286.031 40.821 10072.1 -5.55556
286.031 40.8237 9852.37 -5.55556
286.031 40.8264 8926.26 -5.55556
286.031 40.8292 10115.7 -5.55556
286.031 40.8319 9280.3 -5.55556
286.031 40.8346 9996.25 -5.55556
286.031 40.8373 9725.36 -5.55556
286.031 40.84 10435.7 -5.55556
286.034 40.68 9284.28 -5.55556
286.034 40.6827 10054.1 -5.55556
286.034 40.6854 11472.9 -5.55556
286.034 40.6881 10156.3 -5.55556
286.034 40.6908 8458.56 -5.55556
286.034 40.6936 10871.8 -5.55556
286.034 40.6963 9577.89 -5.55556
286.034 40.699 10890.4 -5.55556
286.034 40.7017 10700.3 -5.55556
286.034 40.7044 10091.8 -5.55556
286.034 40.7071 10173.5 -5.55556
286.034 40.7098 11367.8 -5.55556
286.034 40.7125 9850.8 -5.55556
286.034 40.7153 10803.8 -5.55556
286.034 40.718 11197 -5.55556
286.034 40.7207 10408.7 -5.55556
286.034 40.7234 8441 -5.55556
286.034 40.7261 8859.17 -5.55556
286.034 40.7288 9737.36 -5.55556
286.034 40.7315 11547.8 -5.55556
286.034 40.7342 11014.5 -5.55556
286.034 40.7369 9491.57 -5.55556
286.034 40.7397 8786.79 -5.55556
286.034 40.7424 8184.3 -5.55556
286.034 40.7451 10717 -5.55556
286.034 40.7478 9969.93 -5.55556
286.034 40.7505 9470.46 -5.55556
286.034 40.7532 8532.72 -5.55556
286.034 40.7559 9680.19 -5.55556
286.034 40.7586 10478.6 -5.55556
286.034 40.7614 8944.24 -5.55556
286.034 40.7641 10721.1 -5.55556
286.034 40.7668 9899.95 -5.55556
286.034 40.7695 9455.86 -5.55556
286.034 40.7722 9495.24 -5.55556
286.034 40.7749 10946.1 -5.55556
286.034 40.7776 10915.6 -5.55556
286.034 40.7803 9025.29 -5.55556
286.034 40.7831 10629.8 -5.55556
286.034 40.7858 10904.1 -5.55556
286.034 40.7885 9988.51 -5.55556
286.034 40.7912 8012.15 -5.55556
286.034 40.7939 8879.56 -5.55556
286.034 40.7966 7709.67 -5.55556
286.034 40.7993 8742.59 -5.55556
286.034 40.802 10086.5 -5.55556
286.034 40.8047 8595.06 -5.55556
286.034 40.8075 11303.4 -5.55556
286.034 40.8102 10654.9 -5.55556
286.034 40.8129 10861.2 -5.55556
286.034 40.8156 11153 -5.55556
286.034 40.8183 9794.46 -5.55556
286.034 40.821 9782.76 -5.55556
286.034 40.8237 11180.2 -5.55556
286.034 40.8264 10620.3 -5.55556
286.034 40.8292 9183.35 -5.55556
286.034 40.8319 8912.66 -5.55556
286.034 40.8346 8718.14 -5.55556
286.034 40.8373 9406.04 -5.55556
286.034 40.84 9255.54 -5.55556
286.038 40.68 9844.15 -5.55556
286.038 40.6827 11106.9 -5.55556
286.038 40.6854 9718.91 -5.55556
286.038 40.6881 9684.27 -5.55556
286.038 40.6908 10720.1 -5.55556
286.038 40.6936 8648.72 -5.55556
286.038 40.6963 10485.6 -5.55556
286.038 40.699 10425.6 -5.55556
286.038 40.7017 10353.8 -5.55556
286.038 40.7044 10362.2 -5.55556
286.038 40.7071 10259.7 -5.55556
286.038 40.7098 10327.9 -5.55556
286.038 40.7125 10175.3 -5.55556
286.038 40.7153 9353.35 -5.55556
286.038 40.718 7458.9 -5.55556
286.038 40.7207 11876.6 -5.55556
286.038 40.7234 10466 -5.55556
286.038 40.7261 12151.3 -5.55556
286.038 40.7288 9567.07 -5.55556
286.038 40.7315 9801.57 -5.55556
286.038 40.7342 10936.7 -5.55556
286.038 40.7369 9502.73 -5.55556
286.038 40.7397 10584.8 -5.55556
286.038 40.7424 11882.1 -5.55556
286.038 40.7451 9518.23 -5.55556
286.038 40.7478 10353.5 -5.55556
286.038 40.7505 10636.8 -5.55556
286.038 40.7532 10236.6 -5.55556
286.038 40.7559 9048.85 -5.55556
286.038 40.7586 8813.64 -5.55556
286.038 40.7614 8889.18 -5.55556
286.038 40.7641 10220 -5.55556
286.038 40.7668 9848.95 -5.55556
286.038 40.7695 9554.8 -5.55556
286.038 40.7722 8781.48 -5.55556
286.038 40.7749 11458.7 -5.55556
286.038 40.7776 9944.92 -5.55556
286.038 40.7803 9563.17 -5.55556
286.038 40.7831 9890.37 -5.55556
286.038 40.7858 10632.8 -5.55556
286.038 40.7885 11319.7 -5.55556
286.038 40.7912 9816.46 -5.55556
286.038 40.7939 12640.7 -5.55556
286.038 40.7966 10889.6 -5.55556
286.038 40.7993 12556.8 -5.55556
286.038 40.802 10059.5 -5.55556
286.038 40.8047 9929.11 -5.55556
286.038 40.8075 9724.85 -5.55556
286.038 40.8102 9373.42 -5.55556
286.038 40.8129 10209.8 -5.55556
286.038 40.8156 10728.1 -5.55556
286.038 40.8183 11701.2 -5.55556
286.038 40.821 10471.4 -5.55556
286.038 40.8237 9275.12 -5.55556
286.038 40.8264 10395.7 -5.55556
286.038 40.8292 11069.8 -5.55556
286.038 40.8319 10339.1 -5.55556
286.038 40.8346 9015.53 -5.55556
286.038 40.8373 9060.52 -5.55556
286.038 40.84 10931.2 -5.55556
286.041 40.68 9535.19 -5.55556
286.041 40.6827 10117.4 -5.55556
286.041 40.6854 9911.12 -5.55556
286.041 40.6881 10338.7 -5.55556
286.041 40.6908 9245.74 -5.55556
286.041 40.6936 10469.5 -5.55556
286.041 40.6963 9689.32 -5.55556
286.041 40.699 10199.1 -5.55556
286.041 40.7017 9829.24 -5.55556
286.041 40.7044 9095.76 -5.55556
286.041 40.7071 9225.51 -5.55556
286.041 40.7098 10319.6 -5.55556
286.041 40.7125 9268.05 -5.55556
286.041 40.7153 10575.7 -5.55556
286.041 40.718 10114.9 -5.55556
286.041 40.7207 11526.1 -5.55556
286.041 40.7234 10415.8 -5.55556
286.041 40.7261 10852.8 -5.55556
286.041 40.7288 9428.5 -5.55556
286.041 40.7315 9654.17 -5.55556
286.041 40.7342 10641.7 -5.55556
286.041 40.7369 10489 -5.55556
286.041 40.7397 10115.4 -5.55556
286.041 40.7424 10437.5 -5.55556
286.041 40.7451 9583.39 -5.55556
286.041 40.7478 11206.1 -5.55556
286.041 40.7505 9312.96 -5.55556
286.041 40.7532 8439.42 -5.55556
286.041 40.7559 11483.5 -5.55556
286.041 40.7586 11144.5 -5.55556
286.041 40.7614 11257.1 -5.55556
286.041 40.7641 11204.1 -5.55556
286.041 40.7668 11555.6 -5.55556
286.041 40.7695 9569.42 -5.55556
286.041 40.7722 10420.4 -5.55556
286.041 40.7749 11406.8 -5.55556
286.041 40.7776 10854.5 -5.55556
286.041 40.7803 9261.48 -5.55556
286.041 40.7831 11475.8 -5.55556
286.041 40.7858 9579.28 -5.55556
286.041 40.7885 9969.19 -5.55556
286.041 40.7912 10383 -5.55556
286.041 40.7939 9997.85 -5.55556
286.041 40.7966 9886.58 -5.55556
286.041 40.7993 9953.63 -5.55556
286.041 40.802 9125.29 -5.55556
286.041 40.8047 9477.56 -5.55556
286.041 40.8075 9736.65 -5.55556
286.041 40.8102 10914.4 -5.55556
286.041 40.8129 9216.99 -5.55556
286.041 40.8156 10176.4 -5.55556
286.041 40.8183 13466.3 -5.55556
286.041 40.821 10890.2 -5.55556
286.041 40.8237 10046 -5.55556
286.041 40.8264 10259.2 -5.55556
286.041 40.8292 11303.7 -5.55556
286.041 40.8319 10438.1 -5.55556
286.041 40.8346 8968.2 -5.55556
286.041 40.8373 7841.16 -5.55556
286.041 40.84 9553.36 -5.55556
286.045 40.68 10438.1 -5.55556
286.045 40.6827 9432.98 -5.55556
286.045 40.6854 11841.5 -5.55556
286.045 40.6881 10368.8 -5.55556
286.045 40.6908 10700 -5.55556
286.045 40.6936 9346.09 -5.55556
286.045 40.6963 8985.47 -5.55556
286.045 40.699 10107.8 -5.55556
286.045 40.7017 8879.95 -5.55556
286.045 40.7044 11132.1 -5.55556
286.045 40.7071 9916.58 -5.55556
286.045 40.7098 9955.69 -5.55556
286.045 40.7125 8492.87 -5.55556
286.045 40.7153 10641.4 -5.55556
286.045 40.718 9389.69 -5.55556
286.045 40.7207 11918.6 -5.55556
286.045 40.7234 10234.6 -5.55556
286.045 40.7261 11458.5 -5.55556
286.045 40.7288 10718.5 -5.55556
286.045 40.7315 11285.1 -5.55556
286.045 40.7342 9858.42 -5.55556
286.045 40.7369 10948.9 -5.55556
286.045 40.7397 8813.83 -5.55556
286.045 40.7424 8889.17 -5.55556
286.045 40.7451 9979.38 -5.55556
286.045 40.7478 9836.51 -5.55556
286.045 40.7505 10628.1 -5.55556
286.045 40.7532 9036.97 -5.55556
286.045 40.7559 11178 -5.55556
286.045 40.7586 8605.74 -5.55556
286.045 40.7614 11115.3 -5.55556
286.045 40.7641 10017.5 -5.55556
286.045 40.7668 9230.84 -5.55556
286.045 40.7695 10268.6 -5.55556
286.045 40.7722 10429.8 -5.55556
286.045 40.7749 11453.6 -5.55556
286.045 40.7776 10075.2 -5.55556
286.045 40.7803 9420.61 -5.55556
286.045 40.7831 8835.88 -5.55556
286.045 40.7858 12473.4 -5.55556
286.045 40.7885 9650.15 -5.55556
286.045 40.7912 13249.9 -5.55556
286.045 40.7939 10397.7 -5.55556
286.045 40.7966 9989.98 -5.55556
286.045 40.7993 11937.2 -5.55556
286.045 40.802 9613.5 -5.55556
286.045 40.8047 10763.7 -5.55556
286.045 40.8075 9855.36 -5.55556
286.045 40.8102 10000.5 -5.55556
286.045 40.8129 11496.1 -5.55556
286.045 40.8156 10040.7 -5.55556
286.045 40.8183 10429.9 -5.55556
286.045 40.821 10429.9 -5.55556
286.045 40.8237 10814.1 -5.55556
286.045 40.8264 9790.74 -5.55556
286.045 40.8292 10864.9 -5.55556
286.045 40.8319 9691.6 -5.55556
286.045 40.8346 10674.1 -5.55556
286.045 40.8373 10266.8 -5.55556
286.045 40.84 11005.1 -5.55556
286.048 40.68 9579.23 -5.55556
286.048 40.6827 11679.7 -5.55556
286.048 40.6854 8388.05 -5.55556
286.048 40.6881 10981.2 -5.55556
286.048 40.6908 8664.52 -5.55556
286.048 40.6936 11590.8 -5.55556
286.048 40.6963 9104.48 -5.55556
286.048 40.699 9177.23 -5.55556
286.048 40.7017 10277.2 -5.55556
286.048 40.7044 10679.2 -5.55556
286.048 40.7071 10611.8 -5.55556
286.048 40.7098 9868.38 -5.55556
286.048 40.7125 10269 -5.55556
286.048 40.7153 11644 -5.55556
286.048 40.718 11456 -5.55556
286.048 40.7207 11685.3 -5.55556
286.048 40.7234 10716.9 -5.55556
286.048 40.7261 8540.22 -5.55556
286.048 40.7288 10051.9 -5.55556
286.048 40.7315 9760.19 -5.55556
286.048 40.7342 7878.24 -5.55556
286.048 40.7369 9103.57 -5.55556
286.048 40.7397 9167.54 -5.55556
286.048 40.7424 10740.9 -5.55556
286.048 40.7451 11482.3 -5.55556
286.048 40.7478 10349.3 -5.55556
286.048 40.7505 10070.7 -5.55556
286.048 40.7532 10196.8 -5.55556
286.048 40.7559 10960.7 -5.55556
286.048 40.7586 8765.02 -5.55556
286.048 40.7614 9713.76 -5.55556
286.048 40.7641 9920.16 -5.55556
286.048 40.7668 10289.2 -5.55556
286.048 40.7695 8739.55 -5.55556
286.048 40.7722 11274.3 -5.55556
286.048 40.7749 10921 -5.55556
286.048 40.7776 11145 -5.55556
286.048 40.7803 9787.05 -5.55556
286.048 40.7831 9820.46 -5.55556
286.048 40.7858 7960.71 -5.55556
286.048 40.7885 10431.5 -5.55556
286.048 40.7912 8815.8 -5.55556
286.048 40.7939 9459.31 -5.55556
286.048 40.7966 10025.8 -5.55556
286.048 40.7993 7640.52 -5.55556
286.048 40.802 8490.84 -5.55556
286.048 40.8047 9334.74 -5.55556
286.048 40.8075 9991.29 -5.55556
286.048 40.8102 9899.15 -5.55556
286.048 40.8129 12845.2 -5.55556
286.048 40.8156 10868.6 -5.55556
286.048 40.8183 8843.31 -5.55556
286.048 40.821 10122 -5.55556
286.048 40.8237 8483.71 -5.55556
286.048 40.8264 10885 -5.55556
286.048 40.8292 9816 -5.55556
286.048 40.8319 10022.3 -5.55556
286.048 40.8346 10167.6 -5.55556
286.048 40.8373 10548.7 -5.55556
286.048 40.84 10684.6 -5.55556
286.052 40.68 10403 -5.55556
286.052 40.6827 8580.62 -5.55556
286.052 40.6854 9577.75 -5.55556
286.052 40.6881 9835.33 -5.55556
286.052 40.6908 9402.86 -5.55556
286.052 40.6936 8916.1 -5.55556
286.052 40.6963 8947.95 -5.55556
286.052 40.699 9580.08 -5.55556
286.052 40.7017 10618.7 -5.55556
286.052 40.7044 10021.1 -5.55556
286.052 40.7071 10591.9 -5.55556
286.052 40.7098 10402.5 -5.55556
286.052 40.7125 11769.7 -5.55556
286.052 40.7153 8881.27 -5.55556
286.052 40.718 9446.5 -5.55556
286.052 40.7207 11617.5 -5.55556
286.052 40.7234 11001.6 -5.55556
286.052 40.7261 9312.84 -5.55556
286.052 40.7288 12396.9 -5.55556
286.052 40.7315 8839.14 -5.55556
286.052 40.7342 8586.1 -5.55556
286.052 40.7369 11374.5 -5.55556
286.052 40.7397 9591.51 -5.55556
286.052 40.7424 8976.95 -5.55556
286.052 40.7451 10545.1 -5.55556
286.052 40.7478 11533.3 -5.55556
286.052 40.7505 11703.5 -5.55556
286.052 40.7532 9728.86 -5.55556
286.052 40.7559 9700.61 -5.55556
286.052 40.7586 11760.1 -5.55556
286.052 40.7614 8671.83 -5.55556
286.052 40.7641 8540.88 -5.55556
286.052 40.7668 10291.9 -5.55556
286.052 40.7695 9500.84 -5.55556
286.052 40.7722 10504.5 -5.55556
286.052 40.7749 11986.8 -5.55556
286.052 40.7776 9261.99 -5.55556
286.052 40.7803 8502.03 -5.55556
286.052 40.7831 8056.9 -5.55556
286.052 40.7858 10623.8 -5.55556
286.052 40.7885 10117.2 -5.55556
286.052 40.7912 11487.7 -5.55556
286.052 40.7939 10947.4 -5.55556
286.052 40.7966 10221.9 -5.55556
286.052 40.7993 10391 -5.55556
286.052 40.802 10619.8 -5.55556
286.052 40.8047 9976.57 -5.55556
286.052 40.8075 10906.7 -5.55556
286.052 40.8102 10702.8 -5.55556
286.052 40.8129 10722.3 -5.55556
286.052 40.8156 8689.28 -5.55556
286.052 40.8183 12033.5 -5.55556
286.052 40.821 9031.69 -5.55556
286.052 40.8237 10659.2 -5.55556
286.052 40.8264 9055.08 -5.55556
286.052 40.8292 9573.77 -5.55556
286.052 40.8319 9553.28 -5.55556
286.052 40.8346 10861.9 -5.55556
286.052 40.8373 10806.8 -5.55556
286.052 40.84 10181.9 -5.55556
286.055 40.68 9937.13 -5.55556
286.055 40.6827 10077.4 -5.55556
286.055 40.6854 10675.9 -5.55556
286.055 40.6881 8918.81 -5.55556
286.055 40.6908 10068.3 -5.55556
286.055 40.6936 10594.8 -5.55556
286.055 40.6963 10389 -5.55556
286.055 40.699 10686.2 -5.55556
286.055 40.7017 9093.2 -5.55556
286.055 40.7044 8641.92 -5.55556
286.055 40.7071 9322.78 -5.55556
286.055 40.7098 10270.4 -5.55556
286.055 40.7125 9330.91 -5.55556
286.055 40.7153 10589.8 -5.55556
286.055 40.718 11680.8 -5.55556
286.055 40.7207 10360.2 -5.55556
286.055 40.7234 10325.3 -5.55556
286.055 40.7261 11367.7 -5.55556
286.055 40.7288 10498.3 -5.55556
286.055 40.7315 10518.6 -5.55556
286.055 40.7342 9400.06 -5.55556
286.055 40.7369 10784.4 -5.55556
286.055 40.7397 9196.48 -5.55556
286.055 40.7424 10789.6 -5.55556
286.055 40.7451 9193.94 -5.55556
286.055 40.7478 9573.32 -5.55556
286.055 40.7505 10570.5 -5.55556
286.055 40.7532 10805.8 -5.55556
286.055 40.7559 9754.02 -5.55556
286.055 40.7586 9298.73 -5.55556
286.055 40.7614 11045.9 -5.55556
286.055 40.7641 11122.5 -5.55556
286.055 40.7668 9913.32 -5.55556
286.055 40.7695 9648.97 -5.55556
286.055 40.7722 9064.75 -5.55556
286.055 40.7749 11469.2 -5.55556
286.055 40.7776 10466.5 -5.55556
286.055 40.7803 10071.5 -5.55556
286.055 40.7831 9407.72 -5.55556
286.055 40.7858 9109.9 -5.55556
286.055 40.7885 11160.6 -5.55556
286.055 40.7912 9188.4 -5.55556
286.055 40.7939 11921.9 -5.55556
286.055 40.7966 10252.1 -5.55556
286.055 40.7993 8444.69 -5.55556
286.055 40.802 10405.7 -5.55556
286.055 40.8047 10896.2 -5.55556
286.055 40.8075 9512.92 -5.55556
286.055 40.8102 10337.3 -5.55556
286.055 40.8129 10879.7 -5.55556
286.055 40.8156 10883 -5.55556
286.055 40.8183 9253.15 -5.55556
286.055 40.821 9278.08 -5.55556
286.055 40.8237 10923.9 -5.55556
286.055 40.8264 9288.31 -5.55556
286.055 40.8292 8546.89 -5.55556
286.055 40.8319 8356.14 -5.55556
286.055 40.8346 10425.8 -5.55556
286.055 40.8373 9625.96 -5.55556
286.055 40.84 9837.91 -5.55556
286.059 40.68 8630.94 -5.55556
286.059 40.6827 11141.3 -5.55556
286.059 40.6854 10927.5 -5.55556
286.059 40.6881 9126.53 -5.55556
286.059 40.6908 8220.87 -5.55556
286.059 40.6936 10710.2 -5.55556
286.059 40.6963 9556.98 -5.55556
286.059 40.699 9586.79 -5.55556
286.059 40.7017 10448.7 -5.55556
286.059 40.7044 9097.18 -5.55556
286.059 40.7071 10045.4 -5.55556
286.059 40.7098 8440.82 -5.55556
286.059 40.7125 8897.81 -5.55556
286.059 40.7153 12056 -5.55556
286.059 40.718 9616.53 -5.55556
286.059 40.7207 10305.5 -5.55556
286.059 40.7234 10382.4 -5.55556
286.059 40.7261 10030 -5.55556
286.059 40.7288 9036.9 -5.55556
286.059 40.7315 11168 -5.55556
286.059 40.7342 9685.87 -5.55556
286.059 40.7369 9082.74 -5.55556
286.059 40.7397 11724.6 -5.55556
286.059 40.7424 10034.7 -5.55556
286.059 40.7451 8313.89 -5.55556
286.059 40.7478 10859.5 -5.55556
286.059 40.7505 10754.8 -5.55556
286.059 40.7532 10409.7 -5.55556
286.059 40.7559 8771.74 -5.55556
286.059 40.7586 11083.9 -5.55556
286.059 40.7614 12196.3 -5.55556
286.059 40.7641 9754.03 -5.55556
286.059 40.7668 7969.09 -5.55556
286.059 40.7695 11735.3 -5.55556
286.059 40.7722 8565.31 -5.55556
286.059 40.7749 9299.03 -5.55556
286.059 40.7776 10806.4 -5.55556
286.059 40.7803 11679 -5.55556
286.059 40.7831 9514.34 -5.55556
286.059 40.7858 9769.9 -5.55556
286.059 40.7885 10249 -5.55556
286.059 40.7912 9849.12 -5.55556
286.059 40.7939 9813.08 -5.55556
286.059 40.7966 9644.11 -5.55556
286.059 40.7993 9196.61 -5.55556
286.059 40.802 11213.2 -5.55556
286.059 40.8047 9291.72 -5.55556
286.059 40.8075 11778.6 -5.55556
286.059 40.8102 9643.25 -5.55556
286.059 40.8129 10584.7 -5.55556
286.059 40.8156 9924.37 -5.55556
286.059 40.8183 9674.77 -5.55556
286.059 40.821 8796 -5.55556
286.059 40.8237 9845.86 -5.55556
286.059 40.8264 9542.21 -5.55556
286.059 40.8292 9859.08 -5.55556
286.059 40.8319 9297.6 -5.55556
286.059 40.8346 10167.2 -5.55556
286.059 40.8373 9121.17 -5.55556
286.059 40.84 9940.9 -5.55556
286.062 40.68 9715.61 -5.55556
286.062 40.6827 9394.49 -5.55556
286.062 40.6854 10120.8 -5.55556
286.062 40.6881 8986.43 -5.55556
286.062 40.6908 9420.34 -5.55556
286.062 40.6936 10556.6 -5.55556
286.062 40.6963 10317.5 -5.55556
286.062 40.699 10954.4 -5.55556
286.062 40.7017 10473.6 -5.55556
286.062 40.7044 9598.5 -5.55556
286.062 40.7071 10226.2 -5.55556
286.062 40.7098 10122.9 -5.55556
286.062 40.7125 9808.55 -5.55556
286.062 40.7153 10734 -5.55556
286.062 40.718 9723.53 -5.55556
286.062 40.7207 9975.4 -5.55556
286.062 40.7234 10607.6 -5.55556
286.062 40.7261 11520.1 -5.55556
286.062 40.7288 11854.1 -5.55556
286.062 40.7315 12315.5 -5.55556
286.062 40.7342 9314.43 -5.55556
286.062 40.7369 11941 -5.55556
286.062 40.7397 9055.6 -5.55556
286.062 40.7424 8972.92 -5.55556
286.062 40.7451 9434.42 -5.55556
286.062 40.7478 9823.04 -5.55556
286.062 40.7505 9680.35 -5.55556
286.062 40.7532 10028.8 -5.55556
286.062 40.7559 11358 -5.55556
286.062 40.7586 10881.7 -5.55556
286.062 40.7614 10073.9 -5.55556
286.062 40.7641 8480.16 -5.55556
286.062 40.7668 10203.5 -5.55556
286.062 40.7695 9812.55 -5.55556
286.062 40.7722 9689.99 -5.55556
286.062 40.7749 9632.04 -5.55556
286.062 40.7776 9277.14 -5.55556
286.062 40.7803 10012 -5.55556
286.062 40.7831 10168.4 -5.55556
286.062 40.7858 9957.59 -5.55556
286.062 40.7885 11542.5 -5.55556
286.062 40.7912 9220.95 -5.55556
286.062 40.7939 9122.02 -5.55556
286.062 40.7966 11403.4 -5.55556
286.062 40.7993 9694.65 -5.55556
286.062 40.802 10354 -5.55556
286.062 40.8047 10817.8 -5.55556
286.062 40.8075 9910.41 -5.55556
286.062 40.8102 8284.23 -5.55556
286.062 40.8129 10360.7 -5.55556
286.062 40.8156 10706 -5.55556
286.062 40.8183 9544.35 -5.55556
286.062 40.821 10239 -5.55556
286.062 40.8237 10081.7 -5.55556
286.062 40.8264 8666.89 -5.55556
286.062 40.8292 9161.96 -5.55556
286.062 40.8319 9664.07 -5.55556
286.062 40.8346 10197.2 -5.55556
286.062 40.8373 10018.9 -5.55556
286.062 40.84 10229.4 -5.55556
286.066 40.68 10484.9 -5.55556
286.066 40.6827 10302.8 -5.55556
286.066 40.6854 11695.9 -5.55556
286.066 40.6881 9104.17 -5.55556
286.066 40.6908 10914 -5.55556
286.066 40.6936 9201.47 -5.55556
286.066 40.6963 8272.32 -5.55556
286.066 40.699 8805.09 -5.55556
286.066 40.7017 10468.2 -5.55556
286.066 40.7044 9139.22 -5.55556
286.066 40.7071 9716.48 -5.55556
286.066 40.7098 10522.7 -5.55556
286.066 40.7125 11237.1 -5.55556
286.066 40.7153 10004 -5.55556
286.066 40.718 9619.77 -5.55556
286.066 40.7207 9661.61 -5.55556
286.066 40.7234 9918.11 -5.55556
286.066 40.7261 11988.3 -5.55556
286.066 40.7288 10815.9 -5.55556
286.066 40.7315 10447.5 -5.55556
286.066 40.7342 10943.1 -5.55556
286.066 40.7369 9623.48 -5.55556
286.066 40.7397 8787.29 -5.55556
286.066 40.7424 9350.35 -5.55556
286.066 40.7451 7864.65 -5.55556
286.066 40.7478 8998.77 -5.55556
286.066 40.7505 8330.45 -5.55556
286.066 40.7532 8653.21 -5.55556
286.066 40.7559 9600.77 -5.55556
286.066 40.7586 9194.78 -5.55556
286.066 40.7614 9346.41 -5.55556
286.066 40.7641 8889.67 -5.55556
286.066 40.7668 8309.46 -5.55556
286.066 40.7695 10096 -5.55556
286.066 40.7722 10858 -5.55556
286.066 40.7749 10034.5 -5.55556
286.066 40.7776 8885.33 -5.55556
286.066 40.7803 12061.9 -5.55556
286.066 40.7831 10592.9 -5.55556
286.066 40.7858 10038.7 -5.55556
286.066 40.7885 10943.6 -5.55556
286.066 40.7912 11453.4 -5.55556
286.066 40.7939 8541.17 -5.55556
286.066 40.7966 11324.8 -5.55556
286.066 40.7993 10493.2 -5.55556
286.066 40.802 8886.87 -5.55556
286.066 40.8047 11425 -5.55556
286.066 40.8075 11592.8 -5.55556
286.066 40.8102 9566.03 -5.55556
286.066 40.8129 10063.9 -5.55556
286.066 40.8156 10548.7 -5.55556
286.066 40.8183 8517.95 -5.55556
286.066 40.821 9966.27 -5.55556
286.066 40.8237 8875.39 -5.55556
286.066 40.8264 9993.51 -5.55556
286.066 40.8292 10837 -5.55556
286.066 40.8319 9559.68 -5.55556
286.066 40.8346 11072.2 -5.55556
286.066 40.8373 9747.66 -5.55556
286.066 40.84 11159.7 -5.55556
286.069 40.68 9407.86 -5.55556
286.069 40.6827 8837.59 -5.55556
286.069 40.6854 9883.84 -5.55556
286.069 40.6881 11042.3 -5.55556
286.069 40.6908 11276 -5.55556
286.069 40.6936 9949.36 -5.55556
286.069 40.6963 9662.37 -5.55556
286.069 40.699 9243.63 -5.55556
286.069 40.7017 10755.7 -5.55556
286.069 40.7044 10314.4 -5.55556
286.069 40.7071 9789.93 -5.55556
286.069 40.7098 11554.1 -5.55556
286.069 40.7125 10397.9 -5.55556
286.069 40.7153 10410.6 -5.55556
286.069 40.718 8621.06 -5.55556
286.069 40.7207 8752.58 -5.55556
286.069 40.7234 11551.3 -5.55556
286.069 40.7261 9150.06 -5.55556
286.069 40.7288 8891.3 -5.55556
286.069 40.7315 8902.09 -5.55556
286.069 40.7342 8908.12 -5.55556
286.069 40.7369 11185.5 -5.55556
286.069 40.7397 8681.17 -5.55556
286.069 40.7424 10851.6 -5.55556
286.069 40.7451 9672.45 -5.55556
286.069 40.7478 8940.72 -5.55556
286.069 40.7505 10145.1 -5.55556
286.069 40.7532 11161 -5.55556
286.069 40.7559 8580.74 -5.55556
286.069 40.7586 9650.03 -5.55556
286.069 40.7614 10287.5 -5.55556
286.069 40.7641 9548.87 -5.55556
286.069 40.7668 11963.2 -5.55556
286.069 40.7695 10733.8 -5.55556
286.069 40.7722 11360.5 -5.55556
286.069 40.7749 10457.9 -5.55556
286.069 40.7776 11698 -5.55556
286.069 40.7803 10218.9 -5.55556
286.069 40.7831 10761.7 -5.55556
286.069 40.7858 10637.4 -5.55556
286.069 40.7885 9644.09 -5.55556
286.069 40.7912 10537.8 -5.55556
286.069 40.7939 10563.4 -5.55556
286.069 40.7966 9948.98 -5.55556
286.069 40.7993 10003.5 -5.55556
286.069 40.802 8616.6 -5.55556
286.069 40.8047 11063.6 -5.55556
286.069 40.8075 11280 -5.55556
286.069 40.8102 9769.51 -5.55556
286.069 40.8129 10541.5 -5.55556
286.069 40.8156 10016.2 -5.55556
286.069 40.8183 8494.54 -5.55556
286.069 40.821 10952 -5.55556
286.069 40.8237 10502 -5.55556
286.069 40.8264 10401.5 -5.55556
286.069 40.8292 10628.3 -5.55556
286.069 40.8319 13078.3 -5.55556
286.069 40.8346 9241.37 -5.55556
286.069 40.8373 10632.5 -5.55556
286.069 40.84 10424.6 -5.55556
286.073 40.68 10356 -5.55556
286.073 40.6827 9676.03 -5.55556
286.073 40.6854 10749.6 -5.55556
286.073 40.6881 9979.4 -5.55556
286.073 40.6908 7812.31 -5.55556
286.073 40.6936 10504.8 -5.55556
286.073 40.6963 8788.24 -5.55556
286.073 40.699 8605.25 -5.55556
286.073 40.7017 10034.5 -5.55556
286.073 40.7044 11093.2 -5.55556
286.073 40.7071 8926.31 -5.55556
286.073 40.7098 9782.99 -5.55556
286.073 40.7125 9488.31 -5.55556
286.073 40.7153 8358.78 -5.55556
286.073 40.718 10519.6 -5.55556
286.073 40.7207 11471 -5.55556
286.073 40.7234 10832.5 -5.55556
286.073 40.7261 11620.5 -5.55556
286.073 40.7288 10872.5 -5.55556
286.073 40.7315 8528.6 -5.55556
286.073 40.7342 10124.4 -5.55556
286.073 40.7369 10093.5 -5.55556
286.073 40.7397 8152.24 -5.55556
286.073 40.7424 8877.27 -5.55556
286.073 40.7451 11095.2 -5.55556
286.073 40.7478 12113.9 -5.55556
286.073 40.7505 10370 -5.55556
286.073 40.7532 11644.6 -5.55556
286.073 40.7559 9798.08 -5.55556
286.073 40.7586 9730.75 -5.55556
286.073 40.7614 11953.3 -5.55556
286.073 40.7641 8839.98 -5.55556
286.073 40.7668 10105.5 -5.55556
286.073 40.7695 10153.8 -5.55556
286.073 40.7722 9516.62 -5.55556
286.073 40.7749 9192.58 -5.55556
286.073 40.7776 9276.23 -5.55556
286.073 40.7803 8688.27 -5.55556
286.073 40.7831 10237.8 -5.55556
286.073 40.7858 9641.14 -5.55556
286.073 40.7885 9275.63 -5.55556
286.073 40.7912 13112.6 -5.55556
286.073 40.7939 10073.4 -5.55556
286.073 40.7966 9959.46 -5.55556
286.073 40.7993 10683.1 -5.55556
286.073 40.802 9034.95 -5.55556
286.073 40.8047 8981.57 -5.55556
286.073 40.8075 10887.9 -5.55556
286.073 40.8102 9321.88 -5.55556
286.073 40.8129 9627.68 -5.55556
286.073 40.8156 9748.24 -5.55556
286.073 40.8183 10907.7 -5.55556
286.073 40.821 10137.7 -5.55556
286.073 40.8237 8679.38 -5.55556
286.073 40.8264 9242.83 -5.55556
286.073 40.8292 8611.64 -5.55556
286.073 40.8319 10577.1 -5.55556
286.073 40.8346 9743.48 -5.55556
286.073 40.8373 9333.03 -5.55556
286.073 40.84 9283.08 -5.55556
286.076 40.68 8820.32 -5.55556
286.076 40.6827 10215.8 -5.55556
286.076 40.6854 9489.38 -5.55556
286.076 40.6881 11119.3 -5.55556
286.076 40.6908 8662.16 -5.55556
286.076 40.6936 9941.54 -5.55556
286.076 40.6963 9246.16 -5.55556
286.076 40.699 9069.26 -5.55556
286.076 40.7017 8644.26 -5.55556
286.076 40.7044 8323.61 -5.55556
286.076 40.7071 10865 -5.55556
286.076 40.7098 9748.61 -5.55556
286.076 40.7125 7607.34 -5.55556
286.076 40.7153 10479.9 -5.55556
286.076 40.718 10914.9 -5.55556
286.076 40.7207 8650.48 -5.55556
286.076 40.7234 8785.82 -5.55556
286.076 40.7261 10585.6 -5.55556
286.076 40.7288 10350.5 -5.55556
286.076 40.7315 10311.9 -5.55556
286.076 40.7342 10775.1 -5.55556
286.076 40.7369 8860.46 -5.55556
286.076 40.7397 9336.64 -5.55556
286.076 40.7424 9278.66 -5.55556
286.076 40.7451 10640 -5.55556
286.076 40.7478 9665.94 -5.55556
286.076 40.7505 11496.5 -5.55556
286.076 40.7532 10725.6 -5.55556
286.076 40.7559 8000.73 -5.55556
286.076 40.7586 11424.7 -5.55556
286.076 40.7614 8593.75 -5.55556
286.076 40.7641 10681.8 -5.55556
286.076 40.7668 9281.4 -5.55556
286.076 40.7695 8955.42 -5.55556
286.076 40.7722 9721.3 -5.55556
286.076 40.7749 10927.9 -5.55556
286.076 40.7776 9554.56 -5.55556
286.076 40.7803 11316.3 -5.55556
286.076 40.7831 9689.8 -5.55556
286.076 40.7858 7880.73 -5.55556
286.076 40.7885 9894.39 -5.55556
286.076 40.7912 11099.8 -5.55556
286.076 40.7939 10759.2 -5.55556
286.076 40.7966 9960.85 -5.55556
286.076 40.7993 11326.5 -5.55556
286.076 40.802 10173.4 -5.55556
286.076 40.8047 8406.45 -5.55556
286.076 40.8075 8583.95 -5.55556
286.076 40.8102 10836 -5.55556
286.076 40.8129 10793.5 -5.55556
286.076 40.8156 10199.7 -5.55556
286.076 40.8183 9731.08 -5.55556
286.076 40.821 12239.8 -5.55556
286.076 40.8237 8822.65 -5.55556
286.076 40.8264 10562.8 -5.55556
286.076 40.8292 8233.99 -5.55556
286.076 40.8319 8971.14 -5.55556
286.076 40.8346 9890.69 -5.55556
286.076 40.8373 9775 -5.55556
286.076 40.84 8632.49 -5.55556
286.08 40.68 10187.4 -5.55556
286.08 40.6827 9976.91 -5.55556
286.08 40.6854 12791.2 -5.55556
286.08 40.6881 8397.15 -5.55556
286.08 40.6908 10423.8 -5.55556
286.08 40.6936 9361.14 -5.55556
286.08 40.6963 9850.32 -5.55556
286.08 40.699 8687.39 -5.55556
286.08 40.7017 9932.53 -5.55556
286.08 40.7044 11279.5 -5.55556
286.08 40.7071 10212.7 -5.55556
286.08 40.7098 10446 -5.55556
286.08 40.7125 10865.1 -5.55556
286.08 40.7153 8456.32 -5.55556
286.08 40.718 10739 -5.55556
286.08 40.7207 9928.04 -5.55556
286.08 40.7234 8672.95 -5.55556
286.08 40.7261 10471.9 -5.55556
286.08 40.7288 11650.5 -5.55556
286.08 40.7315 11018.6 -5.55556
286.08 40.7342 10385.6 -5.55556
286.08 40.7369 6856.96 -5.55556
286.08 40.7397 9948.73 -5.55556
286.08 40.7424 9796.85 -5.55556
286.08 40.7451 10763.6 -5.55556
286.08 40.7478 10459.3 -5.55556
286.08 40.7505 9457.8 -5.55556
286.08 40.7532 8378.32 -5.55556
286.08 40.7559 11321.9 -5.55556
286.08 40.7586 10489.7 -5.55556
286.08 40.7614 11454.9 -5.55556
286.08 40.7641 9588.77 -5.55556
286.08 40.7668 8635.25 -5.55556
286.08 40.7695 8413.15 -5.55556
286.08 40.7722 9577.12 -5.55556
286.08 40.7749 9227.71 -5.55556
286.08 40.7776 10719 -5.55556
286.08 40.7803 10226.7 -5.55556
286.08 40.7831 11609.7 -5.55556
286.08 40.7858 10239.7 -5.55556
286.08 40.7885 10498.9 -5.55556
286.08 40.7912 9333.88 -5.55556
286.08 40.7939 9751.97 -5.55556
286.08 40.7966 8574.09 -5.55556
286.08 40.7993 9603.06 -5.55556
286.08 40.802 9981.04 -5.55556
286.08 40.8047 11616.6 -5.55556
286.08 40.8075 10043.8 -5.55556
286.08 40.8102 9323.68 -5.55556
286.08 40.8129 9039.43 -5.55556
286.08 40.8156 10779.8 -5.55556
286.08 40.8183 9493.74 -5.55556
286.08 40.821 9998.59 -5.55556
286.08 40.8237 10349.3 -5.55556
286.08 40.8264 12357.5 -5.55556
286.08 40.8292 9962.98 -5.55556
286.08 40.8319 9595.38 -5.55556
286.08 40.8346 11294.2 -5.55556
286.08 40.8373 9810.7 -5.55556
286.08 40.84 10591.5 -5.55556
