285.96 40.68 10000 -5.55556
285.96 40.6827 10000 -5.55556
285.96 40.6854 10000 -5.55556
285.96 40.6881 10000 -5.55556
285.96 40.6908 10000 -5.55556
285.96 40.6936 10000 -5.55556
285.96 40.6963 10000 -5.55556
285.96 40.699 10000 -5.55556
285.96 40.7017 10000 -5.55556
285.96 40.7044 10000 -5.55556
285.96 40.7071 10000 -5.55556
285.96 40.7098 10000 -5.55556
285.96 40.7125 10000 -5.55556
285.96 40.7153 10000 -5.55556
285.96 40.718 10000 -5.55556
285.96 40.7207 10000 -5.55556
285.96 40.7234 10000 -5.55556
285.96 40.7261 10000 -5.55556
285.96 40.7288 10000 -5.55556
285.96 40.7315 10000 -5.55556
285.96 40.7342 10000 -5.55556
285.96 40.7369 10000 -5.55556
285.96 40.7397 10000 -5.55556
285.96 40.7424 10000 -5.55556
285.96 40.7451 10000 -5.55556
285.96 40.7478 10000 -5.55556
285.96 40.7505 10000 -5.55556
285.96 40.7532 10000 -5.55556
285.96 40.7559 10000 -5.55556
285.96 40.7586 10000 -5.55556
285.96 40.7614 10000 -5.55556
285.96 40.7641 10000 -5.55556
285.96 40.7668 10000 -5.55556
285.96 40.7695 10000 -5.55556
285.96 40.7722 10000 -5.55556
285.96 40.7749 10000 -5.55556
285.96 40.7776 10000 -5.55556
285.96 40.7803 10000 -5.55556
285.96 40.7831 10000 -5.55556
285.96 40.7858 10000 -5.55556
285.96 40.7885 10000 -5.55556
285.96 40.7912 10000 -5.55556
285.96 40.7939 10000 -5.55556
285.96 40.7966 10000 -5.55556
285.96 40.7993 10000 -5.55556
285.96 40.802 10000 -5.55556
285.96 40.8047 10000 -5.55556
285.96 40.8075 10000 -5.55556
285.96 40.8102 10000 -5.55556
285.96 40.8129 10000 -5.55556
285.96 40.8156 10000 -5.55556
285.96 40.8183 10000 -5.55556
285.96 40.821 10000 -5.55556
285.96 40.8237 10000 -5.55556
285.96 40.8264 10000 -5.55556
285.96 40.8292 10000 -5.55556
285.96 40.8319 10000 -5.55556
285.96 40.8346 10000 -5.55556
285.96 40.8373 10000 -5.55556
285.96 40.84 10000 -5.55556
285.964 40.68 10000 -5.55556
285.964 40.6827 10000 -5.55556
285.964 40.6854 10000 -5.55556
285.964 40.6881 10000 -5.55556
285.964 40.6908 10000 -5.55556
285.964 40.6936 10000 -5.55556
285.964 40.6963 10000 -5.55556
285.964 40.699 10000 -5.55556
285.964 40.7017 10000 -5.55556
285.964 40.7044 10000 -5.55556
285.964 40.7071 10000 -5.55556
285.964 40.7098 10000 -5.55556
285.964 40.7125 10000 -5.55556
285.964 40.7153 10000 -5.55556
285.964 40.718 10000 -5.55556
285.964 40.7207 10000 -5.55556
285.964 40.7234 10000 -5.55556
285.964 40.7261 10000 -5.55556
285.964 40.7288 10000 -5.55556
285.964 40.7315 10000 -5.55556
285.964 40.7342 10000 -5.55556
285.964 40.7369 10000 -5.55556
285.964 40.7397 10000 -5.55556
285.964 40.7424 10000 -5.55556
285.964 40.7451 10000 -5.55556
285.964 40.7478 10000 -5.55556
285.964 40.7505 10000 -5.55556
285.964 40.7532 10000 -5.55556
285.964 40.7559 10000 -5.55556
285.964 40.7586 10000 -5.55556
285.964 40.7614 10000 -5.55556
285.964 40.7641 10000 -5.55556
285.964 40.7668 10000 -5.55556
285.964 40.7695 10000 -5.55556
285.964 40.7722 10000 -5.55556
285.964 40.7749 10000 -5.55556
285.964 40.7776 10000 -5.55556
285.964 40.7803 10000 -5.55556
285.964 40.7831 10000 -5.55556
285.964 40.7858 10000 -5.55556
285.964 40.7885 10000 -5.55556
285.964 40.7912 10000 -5.55556
285.964 40.7939 10000 -5.55556
285.964 40.7966 10000 -5.55556
285.964 40.7993 10000 -5.55556
285.964 40.802 10000 -5.55556
285.964 40.8047 10000 -5.55556
285.964 40.8075 10000 -5.55556
285.964 40.8102 10000 -5.55556
285.964 40.8129 10000 -5.55556
285.964 40.8156 10000 -5.55556
285.964 40.8183 10000 -5.55556
285.964 40.821 10000 -5.55556
285.964 40.8237 10000 -5.55556
285.964 40.8264 10000 -5.55556
285.964 40.8292 10000 -5.55556
285.964 40.8319 10000 -5.55556
285.964 40.8346 10000 -5.55556
285.964 40.8373 10000 -5.55556
285.964 40.84 10000 -5.55556
285.967 40.68 10000 -5.55556
285.967 40.6827 10000 -5.55556
285.967 40.6854 10000 -5.55556
285.967 40.6881 10000 -5.55556
285.967 40.6908 10000 -5.55556
285.967 40.6936 10000 -5.55556
285.967 40.6963 10000 -5.55556
285.967 40.699 10000 -5.55556
285.967 40.7017 10000 -5.55556
285.967 40.7044 10000 -5.55556
285.967 40.7071 10000 -5.55556
285.967 40.7098 10000 -5.55556
285.967 40.7125 10000 -5.55556
285.967 40.7153 10000 -5.55556
285.967 40.718 10000 -5.55556
285.967 40.7207 10000 -5.55556
285.967 40.7234 10000 -5.55556
285.967 40.7261 10000 -5.55556
285.967 40.7288 10000 -5.55556
285.967 40.7315 10000 -5.55556
285.967 40.7342 10000 -5.55556
285.967 40.7369 10000 -5.55556
285.967 40.7397 10000 -5.55556
285.967 40.7424 10000 -5.55556
285.967 40.7451 10000 -5.55556
285.967 40.7478 10000 -5.55556
285.967 40.7505 10000 -5.55556
285.967 40.7532 10000 -5.55556
285.967 40.7559 10000 -5.55556
285.967 40.7586 10000 -5.55556
285.967 40.7614 10000 -5.55556
285.967 40.7641 10000 -5.55556
285.967 40.7668 10000 -5.55556
285.967 40.7695 10000 -5.55556
285.967 40.7722 10000 -5.55556
285.967 40.7749 10000 -5.55556
285.967 40.7776 10000 -5.55556
285.967 40.7803 10000 -5.55556
285.967 40.7831 10000 -5.55556
285.967 40.7858 10000 -5.55556
285.967 40.7885 10000 -5.55556
285.967 40.7912 10000 -5.55556
285.967 40.7939 10000 -5.55556
285.967 40.7966 10000 -5.55556
285.967 40.7993 10000 -5.55556
285.967 40.802 10000 -5.55556
285.967 40.8047 10000 -5.55556
285.967 40.8075 10000 -5.55556
285.967 40.8102 10000 -5.55556
285.967 40.8129 10000 -5.55556
285.967 40.8156 10000 -5.55556
285.967 40.8183 10000 -5.55556
285.967 40.821 10000 -5.55556
285.967 40.8237 10000 -5.55556
285.967 40.8264 10000 -5.55556
285.967 40.8292 10000 -5.55556
285.967 40.8319 10000 -5.55556
285.967 40.8346 10000 -5.55556
285.967 40.8373 10000 -5.55556
285.967 40.84 10000 -5.55556
285.971 40.68 10000 -5.55556
285.971 40.6827 10000 -5.55556
285.971 40.6854 10000 -5.55556
285.971 40.6881 10000 -5.55556
285.971 40.6908 10000 -5.55556
285.971 40.6936 10000 -5.55556
285.971 40.6963 10000 -5.55556
285.971 40.699 10000 -5.55556
285.971 40.7017 10000 -5.55556
285.971 40.7044 10000 -5.55556
285.971 40.7071 10000 -5.55556
285.971 40.7098 10000 -5.55556
285.971 40.7125 10000 -5.55556
285.971 40.7153 10000 -5.55556
285.971 40.718 10000 -5.55556
285.971 40.7207 10000 -5.55556
285.971 40.7234 10000 -5.55556
285.971 40.7261 10000 -5.55556
285.971 40.7288 10000 -5.55556
285.971 40.7315 10000 -5.55556
285.971 40.7342 10000 -5.55556
285.971 40.7369 10000 -5.55556
285.971 40.7397 10000 -5.55556
285.971 40.7424 10000 -5.55556
285.971 40.7451 10000 -5.55556
285.971 40.7478 10000 -5.55556
285.971 40.7505 10000 -5.55556
285.971 40.7532 10000 -5.55556
285.971 40.7559 10000 -5.55556
285.971 40.7586 10000 -5.55556
285.971 40.7614 10000 -5.55556
285.971 40.7641 10000 -5.55556
285.971 40.7668 10000 -5.55556
285.971 40.7695 10000 -5.55556
285.971 40.7722 10000 -5.55556
285.971 40.7749 10000 -5.55556
285.971 40.7776 10000 -5.55556
285.971 40.7803 10000 -5.55556
285.971 40.7831 10000 -5.55556
285.971 40.7858 10000 -5.55556
285.971 40.7885 10000 -5.55556
285.971 40.7912 10000 -5.55556
285.971 40.7939 10000 -5.55556
285.971 40.7966 10000 -5.55556
285.971 40.7993 10000 -5.55556
285.971 40.802 10000 -5.55556
285.971 40.8047 10000 -5.55556
285.971 40.8075 10000 -5.55556
285.971 40.8102 10000 -5.55556
285.971 40.8129 10000 -5.55556
285.971 40.8156 10000 -5.55556
285.971 40.8183 10000 -5.55556
285.971 40.821 10000 -5.55556
285.971 40.8237 10000 -5.55556
285.971 40.8264 10000 -5.55556
285.971 40.8292 10000 -5.55556
285.971 40.8319 10000 -5.55556
285.971 40.8346 10000 -5.55556
285.971 40.8373 10000 -5.55556
285.971 40.84 10000 -5.55556
285.974 40.68 10000 -5.55556
285.974 40.6827 10000 -5.55556
285.974 40.6854 10000 -5.55556
285.974 40.6881 10000 -5.55556
285.974 40.6908 10000 -5.55556
285.974 40.6936 10000 -5.55556
285.974 40.6963 10000 -5.55556
285.974 40.699 10000 -5.55556
285.974 40.7017 10000 -5.55556
285.974 40.7044 10000 -5.55556
285.974 40.7071 10000 -5.55556
285.974 40.7098 10000 -5.55556
285.974 40.7125 10000 -5.55556
285.974 40.7153 10000 -5.55556
285.974 40.718 10000 -5.55556
285.974 40.7207 10000 -5.55556
285.974 40.7234 10000 -5.55556
285.974 40.7261 10000 -5.55556
285.974 40.7288 10000 -5.55556
285.974 40.7315 10000 -5.55556
285.974 40.7342 10000 -5.55556
285.974 40.7369 10000 -5.55556
285.974 40.7397 10000 -5.55556
285.974 40.7424 10000 -5.55556
285.974 40.7451 10000 -5.55556
285.974 40.7478 10000 -5.55556
285.974 40.7505 10000 -5.55556
285.974 40.7532 10000 -5.55556
285.974 40.7559 10000 -5.55556
285.974 40.7586 10000 -5.55556
285.974 40.7614 10000 -5.55556
285.974 40.7641 10000 -5.55556
285.974 40.7668 10000 -5.55556
285.974 40.7695 10000 -5.55556
285.974 40.7722 10000 -5.55556
285.974 40.7749 10000 -5.55556
285.974 40.7776 10000 -5.55556
285.974 40.7803 10000 -5.55556
285.974 40.7831 10000 -5.55556
285.974 40.7858 10000 -5.55556
285.974 40.7885 10000 -5.55556
285.974 40.7912 10000 -5.55556
285.974 40.7939 10000 -5.55556
285.974 40.7966 10000 -5.55556
285.974 40.7993 10000 -5.55556
285.974 40.802 10000 -5.55556
285.974 40.8047 10000 -5.55556
285.974 40.8075 10000 -5.55556
285.974 40.8102 10000 -5.55556
285.974 40.8129 10000 -5.55556
285.974 40.8156 10000 -5.55556
285.974 40.8183 10000 -5.55556
285.974 40.821 10000 -5.55556
285.974 40.8237 10000 -5.55556
285.974 40.8264 10000 -5.55556
285.974 40.8292 10000 -5.55556
285.974 40.8319 10000 -5.55556
285.974 40.8346 10000 -5.55556
285.974 40.8373 10000 -5.55556
285.974 40.84 10000 -5.55556
285.978 40.68 10000 -5.55556
285.978 40.6827 10000 -5.55556
285.978 40.6854 10000 -5.55556
285.978 40.6881 10000 -5.55556
285.978 40.6908 10000 -5.55556
285.978 40.6936 10000 -5.55556
285.978 40.6963 10000 -5.55556
285.978 40.699 10000 -5.55556
285.978 40.7017 10000 -5.55556
285.978 40.7044 10000 -5.55556
285.978 40.7071 10000 -5.55556
285.978 40.7098 10000 -5.55556
285.978 40.7125 10000 -5.55556
285.978 40.7153 10000 -5.55556
285.978 40.718 10000 -5.55556
285.978 40.7207 10000 -5.55556
285.978 40.7234 10000 -5.55556
285.978 40.7261 10000 -5.55556
285.978 40.7288 10000 -5.55556
285.978 40.7315 10000 -5.55556
285.978 40.7342 10000 -5.55556
285.978 40.7369 10000 -5.55556
285.978 40.7397 10000 -5.55556
285.978 40.7424 10000 -5.55556
285.978 40.7451 10000 -5.55556
285.978 40.7478 10000 -5.55556
285.978 40.7505 10000 -5.55556
285.978 40.7532 10000 -5.55556
285.978 40.7559 10000 -5.55556
285.978 40.7586 10000 -5.55556
285.978 40.7614 10000 -5.55556
285.978 40.7641 10000 -5.55556
285.978 40.7668 10000 -5.55556
285.978 40.7695 10000 -5.55556
285.978 40.7722 10000 -5.55556
285.978 40.7749 10000 -5.55556
285.978 40.7776 10000 -5.55556
285.978 40.7803 10000 -5.55556
285.978 40.7831 10000 -5.55556
285.978 40.7858 10000 -5.55556
285.978 40.7885 10000 -5.55556
285.978 40.7912 10000 -5.55556
285.978 40.7939 10000 -5.55556
285.978 40.7966 10000 -5.55556
285.978 40.7993 10000 -5.55556
285.978 40.802 10000 -5.55556
285.978 40.8047 10000 -5.55556
285.978 40.8075 10000 -5.55556
285.978 40.8102 10000 -5.55556
285.978 40.8129 10000 -5.55556
285.978 40.8156 10000 -5.55556
285.978 40.8183 10000 -5.55556
285.978 40.821 10000 -5.55556
285.978 40.8237 10000 -5.55556
285.978 40.8264 10000 -5.55556
285.978 40.8292 10000 -5.55556
285.978 40.8319 10000 -5.55556
285.978 40.8346 10000 -5.55556
285.978 40.8373 10000 -5.55556
285.978 40.84 10000 -5.55556
285.981 40.68 10000 -5.55556
285.981 40.6827 10000 -5.55556
285.981 40.6854 10000 -5.55556
285.981 40.6881 10000 -5.55556
285.981 40.6908 10000 -5.55556
285.981 40.6936 10000 -5.55556
285.981 40.6963 10000 -5.55556
285.981 40.699 10000 -5.55556
285.981 40.7017 10000 -5.55556
285.981 40.7044 10000 -5.55556
285.981 40.7071 10000 -5.55556
285.981 40.7098 10000 -5.55556
285.981 40.7125 10000 -5.55556
285.981 40.7153 10000 -5.55556
285.981 40.718 10000 -5.55556
285.981 40.7207 10000 -5.55556
285.981 40.7234 10000 -5.55556
285.981 40.7261 10000 -5.55556
285.981 40.7288 10000 -5.55556
285.981 40.7315 10000 -5.55556
285.981 40.7342 10000 -5.55556
285.981 40.7369 10000 -5.55556
285.981 40.7397 10000 -5.55556
285.981 40.7424 10000 -5.55556
285.981 40.7451 10000 -5.55556
285.981 40.7478 10000 -5.55556
285.981 40.7505 10000 -5.55556
285.981 40.7532 10000 -5.55556
285.981 40.7559 10000 -5.55556
285.981 40.7586 10000 -5.55556
285.981 40.7614 10000 -5.55556
285.981 40.7641 10000 -5.55556
285.981 40.7668 10000 -5.55556
285.981 40.7695 10000 -5.55556
285.981 40.7722 10000 -5.55556
285.981 40.7749 10000 -5.55556
285.981 40.7776 10000 -5.55556
285.981 40.7803 10000 -5.55556
285.981 40.7831 10000 -5.55556
285.981 40.7858 10000 -5.55556
285.981 40.7885 10000 -5.55556
285.981 40.7912 10000 -5.55556
285.981 40.7939 10000 -5.55556
285.981 40.7966 10000 -5.55556
285.981 40.7993 10000 -5.55556
285.981 40.802 10000 -5.55556
285.981 40.8047 10000 -5.55556
285.981 40.8075 10000 -5.55556
285.981 40.8102 10000 -5.55556
285.981 40.8129 10000 -5.55556
285.981 40.8156 10000 -5.55556
285.981 40.8183 10000 -5.55556
285.981 40.821 10000 -5.55556
285.981 40.8237 10000 -5.55556
285.981 40.8264 10000 -5.55556
285.981 40.8292 10000 -5.55556
285.981 40.8319 10000 -5.55556
285.981 40.8346 10000 -5.55556
285.981 40.8373 10000 -5.55556
285.981 40.84 10000 -5.55556
285.985 40.68 10000 -5.55556
285.985 40.6827 10000 -5.55556
285.985 40.6854 10000 -5.55556
285.985 40.6881 10000 -5.55556
285.985 40.6908 10000 -5.55556
285.985 40.6936 10000 -5.55556
285.985 40.6963 10000 -5.55556
285.985 40.699 10000 -5.55556
285.985 40.7017 10000 -5.55556
285.985 40.7044 10000 -5.55556
285.985 40.7071 10000 -5.55556
285.985 40.7098 10000 -5.55556
285.985 40.7125 10000 -5.55556
285.985 40.7153 10000 -5.55556
285.985 40.718 10000 -5.55556
285.985 40.7207 10000 -5.55556
285.985 40.7234 10000 -5.55556
285.985 40.7261 10000 -5.55556
285.985 40.7288 10000 -5.55556
285.985 40.7315 10000 -5.55556
285.985 40.7342 10000 -5.55556
285.985 40.7369 10000 -5.55556
285.985 40.7397 10000 -5.55556
285.985 40.7424 10000 -5.55556
285.985 40.7451 10000 -5.55556
285.985 40.7478 10000 -5.55556
285.985 40.7505 10000 -5.55556
285.985 40.7532 10000 -5.55556
285.985 40.7559 10000 -5.55556
285.985 40.7586 10000 -5.55556
285.985 40.7614 10000 -5.55556
285.985 40.7641 10000 -5.55556
285.985 40.7668 10000 -5.55556
285.985 40.7695 10000 -5.55556
285.985 40.7722 10000 -5.55556
285.985 40.7749 10000 -5.55556
285.985 40.7776 10000 -5.55556
285.985 40.7803 10000 -5.55556
285.985 40.7831 10000 -5.55556
285.985 40.7858 10000 -5.55556
285.985 40.7885 10000 -5.55556
285.985 40.7912 10000 -5.55556
285.985 40.7939 10000 -5.55556
285.985 40.7966 10000 -5.55556
285.985 40.7993 10000 -5.55556
285.985 40.802 10000 -5.55556
285.985 40.8047 10000 -5.55556
285.985 40.8075 10000 -5.55556
285.985 40.8102 10000 -5.55556
285.985 40.8129 10000 -5.55556
285.985 40.8156 10000 -5.55556
285.985 40.8183 10000 -5.55556
285.985 40.821 10000 -5.55556
285.985 40.8237 10000 -5.55556
285.985 40.8264 10000 -5.55556
285.985 40.8292 10000 -5.55556
285.985 40.8319 10000 -5.55556
285.985 40.8346 10000 -5.55556
285.985 40.8373 10000 -5.55556
285.985 40.84 10000 -5.55556
285.988 40.68 10000 -5.55556
285.988 40.6827 10000 -5.55556
285.988 40.6854 10000 -5.55556
285.988 40.6881 10000 -5.55556
285.988 40.6908 10000 -5.55556
285.988 40.6936 10000 -5.55556
285.988 40.6963 10000 -5.55556
285.988 40.699 10000 -5.55556
285.988 40.7017 10000 -5.55556
285.988 40.7044 10000 -5.55556
285.988 40.7071 10000 -5.55556
285.988 40.7098 10000 -5.55556
285.988 40.7125 10000 -5.55556
285.988 40.7153 10000 -5.55556
285.988 40.718 10000 -5.55556
285.988 40.7207 10000 -5.55556
285.988 40.7234 10000 -5.55556
285.988 40.7261 10000 -5.55556
285.988 40.7288 10000 -5.55556
285.988 40.7315 10000 -5.55556
285.988 40.7342 10000 -5.55556
285.988 40.7369 10000 -5.55556
285.988 40.7397 10000 -5.55556
285.988 40.7424 10000 -5.55556
285.988 40.7451 10000 -5.55556
285.988 40.7478 10000 -5.55556
285.988 40.7505 10000 -5.55556
285.988 40.7532 10000 -5.55556
285.988 40.7559 10000 -5.55556
285.988 40.7586 10000 -5.55556
285.988 40.7614 10000 -5.55556
285.988 40.7641 10000 -5.55556
285.988 40.7668 10000 -5.55556
285.988 40.7695 10000 -5.55556
285.988 40.7722 10000 -5.55556
285.988 40.7749 10000 -5.55556
285.988 40.7776 10000 -5.55556
285.988 40.7803 10000 -5.55556
285.988 40.7831 10000 -5.55556
285.988 40.7858 10000 -5.55556
285.988 40.7885 10000 -5.55556
285.988 40.7912 10000 -5.55556
285.988 40.7939 10000 -5.55556
285.988 40.7966 10000 -5.55556
285.988 40.7993 10000 -5.55556
285.988 40.802 10000 -5.55556
285.988 40.8047 10000 -5.55556
285.988 40.8075 10000 -5.55556
285.988 40.8102 10000 -5.55556
285.988 40.8129 10000 -5.55556
285.988 40.8156 10000 -5.55556
285.988 40.8183 10000 -5.55556
285.988 40.821 10000 -5.55556
285.988 40.8237 10000 -5.55556
285.988 40.8264 10000 -5.55556
285.988 40.8292 10000 -5.55556
285.988 40.8319 10000 -5.55556
285.988 40.8346 10000 -5.55556
285.988 40.8373 10000 -5.55556
285.988 40.84 10000 -5.55556
285.992 40.68 10000 -5.55556
285.992 40.6827 10000 -5.55556
285.992 40.6854 10000 -5.55556
285.992 40.6881 10000 -5.55556
285.992 40.6908 10000 -5.55556
285.992 40.6936 10000 -5.55556
285.992 40.6963 10000 -5.55556
285.992 40.699 10000 -5.55556
285.992 40.7017 10000 -5.55556
285.992 40.7044 10000 -5.55556
285.992 40.7071 10000 -5.55556
285.992 40.7098 10000 -5.55556
285.992 40.7125 10000 -5.55556
285.992 40.7153 10000 -5.55556
285.992 40.718 10000 -5.55556
285.992 40.7207 10000 -5.55556
285.992 40.7234 10000 -5.55556
285.992 40.7261 10000 -5.55556
285.992 40.7288 10000 -5.55556
285.992 40.7315 10000 -5.55556
285.992 40.7342 10000 -5.55556
285.992 40.7369 10000 -5.55556
285.992 40.7397 10000 -5.55556
285.992 40.7424 10000 -5.55556
285.992 40.7451 10000 -5.55556
285.992 40.7478 10000 -5.55556
285.992 40.7505 10000 -5.55556
285.992 40.7532 10000 -5.55556
285.992 40.7559 10000 -5.55556
285.992 40.7586 10000 -5.55556
285.992 40.7614 10000 -5.55556
285.992 40.7641 10000 -5.55556
285.992 40.7668 10000 -5.55556
285.992 40.7695 10000 -5.55556
285.992 40.7722 10000 -5.55556
285.992 40.7749 10000 -5.55556
285.992 40.7776 10000 -5.55556
285.992 40.7803 10000 -5.55556
285.992 40.7831 10000 -5.55556
285.992 40.7858 10000 -5.55556
285.992 40.7885 10000 -5.55556
285.992 40.7912 10000 -5.55556
285.992 40.7939 10000 -5.55556
285.992 40.7966 10000 -5.55556
285.992 40.7993 10000 -5.55556
285.992 40.802 10000 -5.55556
285.992 40.8047 10000 -5.55556
285.992 40.8075 10000 -5.55556
285.992 40.8102 10000 -5.55556
285.992 40.8129 10000 -5.55556
285.992 40.8156 10000 -5.55556
285.992 40.8183 10000 -5.55556
285.992 40.821 10000 -5.55556
285.992 40.8237 10000 -5.55556
285.992 40.8264 10000 -5.55556
285.992 40.8292 10000 -5.55556
285.992 40.8319 10000 -5.55556
285.992 40.8346 10000 -5.55556
285.992 40.8373 10000 -5.55556
285.992 40.84 10000 -5.55556
285.995 40.68 10000 -5.55556
285.995 40.6827 10000 -5.55556
285.995 40.6854 10000 -5.55556
285.995 40.6881 10000 -5.55556
285.995 40.6908 10000 -5.55556
285.995 40.6936 10000 -5.55556
285.995 40.6963 10000 -5.55556
285.995 40.699 10000 -5.55556
285.995 40.7017 10000 -5.55556
285.995 40.7044 10000 -5.55556
285.995 40.7071 10000 -5.55556
285.995 40.7098 10000 -5.55556
285.995 40.7125 10000 -5.55556
285.995 40.7153 10000 -5.55556
285.995 40.718 10000 -5.55556
285.995 40.7207 10000 -5.55556
285.995 40.7234 10000 -5.55556
285.995 40.7261 10000 -5.55556
285.995 40.7288 10000 -5.55556
285.995 40.7315 10000 -5.55556
285.995 40.7342 10000 -5.55556
285.995 40.7369 10000 -5.55556
285.995 40.7397 10000 -5.55556
285.995 40.7424 10000 -5.55556
285.995 40.7451 10000 -5.55556
285.995 40.7478 10000 -5.55556
285.995 40.7505 10000 -5.55556
285.995 40.7532 10000 -5.55556
285.995 40.7559 10000 -5.55556
285.995 40.7586 10000 -5.55556
285.995 40.7614 10000 -5.55556
285.995 40.7641 10000 -5.55556
285.995 40.7668 10000 -5.55556
285.995 40.7695 10000 -5.55556
285.995 40.7722 10000 -5.55556
285.995 40.7749 10000 -5.55556
285.995 40.7776 10000 -5.55556
285.995 40.7803 10000 -5.55556
285.995 40.7831 10000 -5.55556
285.995 40.7858 10000 -5.55556
285.995 40.7885 10000 -5.55556
285.995 40.7912 10000 -5.55556
285.995 40.7939 10000 -5.55556
285.995 40.7966 10000 -5.55556
285.995 40.7993 10000 -5.55556
285.995 40.802 10000 -5.55556
285.995 40.8047 10000 -5.55556
285.995 40.8075 10000 -5.55556
285.995 40.8102 10000 -5.55556
285.995 40.8129 10000 -5.55556
285.995 40.8156 10000 -5.55556
285.995 40.8183 10000 -5.55556
285.995 40.821 10000 -5.55556
285.995 40.8237 10000 -5.55556
285.995 40.8264 10000 -5.55556
285.995 40.8292 10000 -5.55556
285.995 40.8319 10000 -5.55556
285.995 40.8346 10000 -5.55556
285.995 40.8373 10000 -5.55556
285.995 40.84 10000 -5.55556
285.999 40.68 10000 -5.55556
285.999 40.6827 10000 -5.55556
285.999 40.6854 10000 -5.55556
285.999 40.6881 10000 -5.55556
285.999 40.6908 10000 -5.55556
285.999 40.6936 10000 -5.55556
285.999 40.6963 10000 -5.55556
285.999 40.699 10000 -5.55556
285.999 40.7017 10000 -5.55556
285.999 40.7044 10000 -5.55556
285.999 40.7071 10000 -5.55556
285.999 40.7098 10000 -5.55556
285.999 40.7125 10000 -5.55556
285.999 40.7153 10000 -5.55556
285.999 40.718 10000 -5.55556
285.999 40.7207 10000 -5.55556
285.999 40.7234 10000 -5.55556
285.999 40.7261 10000 -5.55556
285.999 40.7288 10000 -5.55556
285.999 40.7315 10000 -5.55556
285.999 40.7342 10000 -5.55556
285.999 40.7369 10000 -5.55556
285.999 40.7397 10000 -5.55556
285.999 40.7424 10000 -5.55556
285.999 40.7451 10000 -5.55556
285.999 40.7478 10000 -5.55556
285.999 40.7505 10000 -5.55556
285.999 40.7532 10000 -5.55556
285.999 40.7559 10000 -5.55556
285.999 40.7586 10000 -5.55556
285.999 40.7614 10000 -5.55556
285.999 40.7641 10000 -5.55556
285.999 40.7668 10000 -5.55556
285.999 40.7695 10000 -5.55556
285.999 40.7722 10000 -5.55556
285.999 40.7749 10000 -5.55556
285.999 40.7776 10000 -5.55556
285.999 40.7803 10000 -5.55556
285.999 40.7831 10000 -5.55556
285.999 40.7858 10000 -5.55556
285.999 40.7885 10000 -5.55556
285.999 40.7912 10000 -5.55556
285.999 40.7939 10000 -5.55556
285.999 40.7966 10000 -5.55556
285.999 40.7993 10000 -5.55556
285.999 40.802 10000 -5.55556
285.999 40.8047 10000 -5.55556
285.999 40.8075 10000 -5.55556
285.999 40.8102 10000 -5.55556
285.999 40.8129 10000 -5.55556
285.999 40.8156 10000 -5.55556
285.999 40.8183 10000 -5.55556
285.999 40.821 10000 -5.55556
285.999 40.8237 10000 -5.55556
285.999 40.8264 10000 -5.55556
285.999 40.8292 10000 -5.55556
285.999 40.8319 10000 -5.55556
285.999 40.8346 10000 -5.55556
285.999 40.8373 10000 -5.55556
285.999 40.84 10000 -5.55556
286.002 40.68 10000 -5.55556
286.002 40.6827 10000 -5.55556
286.002 40.6854 10000 -5.55556
286.002 40.6881 10000 -5.55556
286.002 40.6908 10000 -5.55556
286.002 40.6936 10000 -5.55556
286.002 40.6963 10000 -5.55556
286.002 40.699 10000 -5.55556
286.002 40.7017 10000 -5.55556
286.002 40.7044 10000 -5.55556
286.002 40.7071 10000 -5.55556
286.002 40.7098 10000 -5.55556
286.002 40.7125 10000 -5.55556
286.002 40.7153 10000 -5.55556
286.002 40.718 10000 -5.55556
286.002 40.7207 10000 -5.55556
286.002 40.7234 10000 -5.55556
286.002 40.7261 10000 -5.55556
286.002 40.7288 10000 -5.55556
286.002 40.7315 10000 -5.55556
286.002 40.7342 10000 -5.55556
286.002 40.7369 10000 -5.55556
286.002 40.7397 10000 -5.55556
286.002 40.7424 10000 -5.55556
286.002 40.7451 10000 -5.55556
286.002 40.7478 10000 -5.55556
286.002 40.7505 10000 -5.55556
286.002 40.7532 10000 -5.55556
286.002 40.7559 10000 -5.55556
286.002 40.7586 10000 -5.55556
286.002 40.7614 10000 -5.55556
286.002 40.7641 10000 -5.55556
286.002 40.7668 10000 -5.55556
286.002 40.7695 10000 -5.55556
286.002 40.7722 10000 -5.55556
286.002 40.7749 10000 -5.55556
286.002 40.7776 10000 -5.55556
286.002 40.7803 10000 -5.55556
286.002 40.7831 10000 -5.55556
286.002 40.7858 10000 -5.55556
286.002 40.7885 10000 -5.55556
286.002 40.7912 10000 -5.55556
286.002 40.7939 10000 -5.55556
286.002 40.7966 10000 -5.55556
286.002 40.7993 10000 -5.55556
286.002 40.802 10000 -5.55556
286.002 40.8047 10000 -5.55556
286.002 40.8075 10000 -5.55556
286.002 40.8102 10000 -5.55556
286.002 40.8129 10000 -5.55556
286.002 40.8156 10000 -5.55556
286.002 40.8183 10000 -5.55556
286.002 40.821 10000 -5.55556
286.002 40.8237 10000 -5.55556
286.002 40.8264 10000 -5.55556
286.002 40.8292 10000 -5.55556
286.002 40.8319 10000 -5.55556
286.002 40.8346 10000 -5.55556
286.002 40.8373 10000 -5.55556
286.002 40.84 10000 -5.55556
286.006 40.68 10000 -5.55556
286.006 40.6827 10000 -5.55556
286.006 40.6854 10000 -5.55556
286.006 40.6881 10000 -5.55556
286.006 40.6908 10000 -5.55556
286.006 40.6936 10000 -5.55556
286.006 40.6963 10000 -5.55556
286.006 40.699 10000 -5.55556
286.006 40.7017 10000 -5.55556
286.006 40.7044 10000 -5.55556
286.006 40.7071 10000 -5.55556
286.006 40.7098 10000 -5.55556
286.006 40.7125 10000 -5.55556
286.006 40.7153 10000 -5.55556
286.006 40.718 10000 -5.55556
286.006 40.7207 10000 -5.55556
286.006 40.7234 10000 -5.55556
286.006 40.7261 10000 -5.55556
286.006 40.7288 10000 -5.55556
286.006 40.7315 10000 -5.55556
286.006 40.7342 10000 -5.55556
286.006 40.7369 10000 -5.55556
286.006 40.7397 10000 -5.55556
286.006 40.7424 10000 -5.55556
286.006 40.7451 10000 -5.55556
286.006 40.7478 10000 -5.55556
286.006 40.7505 10000 -5.55556
286.006 40.7532 10000 -5.55556
286.006 40.7559 10000 -5.55556
286.006 40.7586 10000 -5.55556
286.006 40.7614 10000 -5.55556
286.006 40.7641 10000 -5.55556
286.006 40.7668 10000 -5.55556
286.006 40.7695 10000 -5.55556
286.006 40.7722 10000 -5.55556
286.006 40.7749 10000 -5.55556
286.006 40.7776 10000 -5.55556
286.006 40.7803 10000 -5.55556
286.006 40.7831 10000 -5.55556
286.006 40.7858 10000 -5.55556
286.006 40.7885 10000 -5.55556
286.006 40.7912 10000 -5.55556
286.006 40.7939 10000 -5.55556
286.006 40.7966 10000 -5.55556
286.006 40.7993 10000 -5.55556
286.006 40.802 10000 -5.55556
286.006 40.8047 10000 -5.55556
286.006 40.8075 10000 -5.55556
286.006 40.8102 10000 -5.55556
286.006 40.8129 10000 -5.55556
286.006 40.8156 10000 -5.55556
286.006 40.8183 10000 -5.55556
286.006 40.821 10000 -5.55556
286.006 40.8237 10000 -5.55556
286.006 40.8264 10000 -5.55556
286.006 40.8292 10000 -5.55556
286.006 40.8319 10000 -5.55556
286.006 40.8346 10000 -5.55556
286.006 40.8373 10000 -5.55556
286.006 40.84 10000 -5.55556
286.009 40.68 10000 -5.55556
286.009 40.6827 10000 -5.55556
286.009 40.6854 10000 -5.55556
286.009 40.6881 10000 -5.55556
286.009 40.6908 10000 -5.55556
286.009 40.6936 10000 -5.55556
286.009 40.6963 10000 -5.55556
286.009 40.699 10000 -5.55556
286.009 40.7017 10000 -5.55556
286.009 40.7044 10000 -5.55556
286.009 40.7071 10000 -5.55556
286.009 40.7098 10000 -5.55556
286.009 40.7125 10000 -5.55556
286.009 40.7153 10000 -5.55556
286.009 40.718 10000 -5.55556
286.009 40.7207 10000 -5.55556
286.009 40.7234 10000 -5.55556
286.009 40.7261 10000 -5.55556
286.009 40.7288 10000 -5.55556
286.009 40.7315 10000 -5.55556
286.009 40.7342 10000 -5.55556
286.009 40.7369 10000 -5.55556
286.009 40.7397 10000 -5.55556
286.009 40.7424 10000 -5.55556
286.009 40.7451 10000 -5.55556
286.009 40.7478 10000 -5.55556
286.009 40.7505 10000 -5.55556
286.009 40.7532 10000 -5.55556
286.009 40.7559 10000 -5.55556
286.009 40.7586 10000 -5.55556
286.009 40.7614 10000 -5.55556
286.009 40.7641 10000 -5.55556
286.009 40.7668 10000 -5.55556
286.009 40.7695 10000 -5.55556
286.009 40.7722 10000 -5.55556
286.009 40.7749 10000 -5.55556
286.009 40.7776 10000 -5.55556
286.009 40.7803 10000 -5.55556
286.009 40.7831 10000 -5.55556
286.009 40.7858 10000 -5.55556
286.009 40.7885 10000 -5.55556
286.009 40.7912 10000 -5.55556
286.009 40.7939 10000 -5.55556
286.009 40.7966 10000 -5.55556
286.009 40.7993 10000 -5.55556
286.009 40.802 10000 -5.55556
286.009 40.8047 10000 -5.55556
286.009 40.8075 10000 -5.55556
286.009 40.8102 10000 -5.55556
286.009 40.8129 10000 -5.55556
286.009 40.8156 10000 -5.55556
286.009 40.8183 10000 -5.55556
286.009 40.821 10000 -5.55556
286.009 40.8237 10000 -5.55556
286.009 40.8264 10000 -5.55556
286.009 40.8292 10000 -5.55556
286.009 40.8319 10000 -5.55556
286.009 40.8346 10000 -5.55556
286.009 40.8373 10000 -5.55556
286.009 40.84 10000 -5.55556
286.013 40.68 10000 -5.55556
286.013 40.6827 10000 -5.55556
286.013 40.6854 10000 -5.55556
286.013 40.6881 10000 -5.55556
286.013 40.6908 10000 -5.55556
286.013 40.6936 10000 -5.55556
286.013 40.6963 10000 -5.55556
286.013 40.699 10000 -5.55556
286.013 40.7017 10000 -5.55556
286.013 40.7044 10000 -5.55556
286.013 40.7071 10000 -5.55556
286.013 40.7098 10000 -5.55556
286.013 40.7125 10000 -5.55556
286.013 40.7153 10000 -5.55556
286.013 40.718 10000 -5.55556
286.013 40.7207 10000 -5.55556
286.013 40.7234 10000 -5.55556
286.013 40.7261 10000 -5.55556
286.013 40.7288 10000 -5.55556
286.013 40.7315 10000 -5.55556
286.013 40.7342 10000 -5.55556
286.013 40.7369 10000 -5.55556
286.013 40.7397 10000 -5.55556
286.013 40.7424 10000 -5.55556
286.013 40.7451 10000 -5.55556
286.013 40.7478 10000 -5.55556
286.013 40.7505 10000 -5.55556
286.013 40.7532 10000 -5.55556
286.013 40.7559 10000 -5.55556
286.013 40.7586 10000 -5.55556
286.013 40.7614 10000 -5.55556
286.013 40.7641 10000 -5.55556
286.013 40.7668 10000 -5.55556
286.013 40.7695 10000 -5.55556
286.013 40.7722 10000 -5.55556
286.013 40.7749 10000 -5.55556
286.013 40.7776 10000 -5.55556
286.013 40.7803 10000 -5.55556
286.013 40.7831 10000 -5.55556
286.013 40.7858 10000 -5.55556
286.013 40.7885 10000 -5.55556
286.013 40.7912 10000 -5.55556
286.013 40.7939 10000 -5.55556
286.013 40.7966 10000 -5.55556
286.013 40.7993 10000 -5.55556
286.013 40.802 10000 -5.55556
286.013 40.8047 10000 -5.55556
286.013 40.8075 10000 -5.55556
286.013 40.8102 10000 -5.55556
286.013 40.8129 10000 -5.55556
286.013 40.8156 10000 -5.55556
286.013 40.8183 10000 -5.55556
286.013 40.821 10000 -5.55556
286.013 40.8237 10000 -5.55556
286.013 40.8264 10000 -5.55556
286.013 40.8292 10000 -5.55556
286.013 40.8319 10000 -5.55556
286.013 40.8346 10000 -5.55556
286.013 40.8373 10000 -5.55556
286.013 40.84 10000 -5.55556
286.016 40.68 10000 -5.55556
286.016 40.6827 10000 -5.55556
286.016 40.6854 10000 -5.55556
286.016 40.6881 10000 -5.55556
286.016 40.6908 10000 -5.55556
286.016 40.6936 10000 -5.55556
286.016 40.6963 10000 -5.55556
286.016 40.699 10000 -5.55556
286.016 40.7017 10000 -5.55556
286.016 40.7044 10000 -5.55556
286.016 40.7071 10000 -5.55556
286.016 40.7098 10000 -5.55556
286.016 40.7125 10000 -5.55556
286.016 40.7153 10000 -5.55556
286.016 40.718 10000 -5.55556
286.016 40.7207 10000 -5.55556
286.016 40.7234 10000 -5.55556
286.016 40.7261 10000 -5.55556
286.016 40.7288 10000 -5.55556
286.016 40.7315 10000 -5.55556
286.016 40.7342 10000 -5.55556
286.016 40.7369 10000 -5.55556
286.016 40.7397 10000 -5.55556
286.016 40.7424 10000 -5.55556
286.016 40.7451 10000 -5.55556
286.016 40.7478 10000 -5.55556
286.016 40.7505 10000 -5.55556
286.016 40.7532 10000 -5.55556
286.016 40.7559 10000 -5.55556
286.016 40.7586 10000 -5.55556
286.016 40.7614 10000 -5.55556
286.016 40.7641 10000 -5.55556
286.016 40.7668 10000 -5.55556
286.016 40.7695 10000 -5.55556
286.016 40.7722 10000 -5.55556
286.016 40.7749 10000 -5.55556
286.016 40.7776 10000 -5.55556
286.016 40.7803 10000 -5.55556
286.016 40.7831 10000 -5.55556
286.016 40.7858 10000 -5.55556
286.016 40.7885 10000 -5.55556
286.016 40.7912 10000 -5.55556
286.016 40.7939 10000 -5.55556
286.016 40.7966 10000 -5.55556
286.016 40.7993 10000 -5.55556
286.016 40.802 10000 -5.55556
286.016 40.8047 10000 -5.55556
286.016 40.8075 10000 -5.55556
286.016 40.8102 10000 -5.55556
286.016 40.8129 10000 -5.55556
286.016 40.8156 10000 -5.55556
286.016 40.8183 10000 -5.55556
286.016 40.821 10000 -5.55556
286.016 40.8237 10000 -5.55556
286.016 40.8264 10000 -5.55556
286.016 40.8292 10000 -5.55556
286.016 40.8319 10000 -5.55556
286.016 40.8346 10000 -5.55556
286.016 40.8373 10000 -5.55556
286.016 40.84 10000 -5.55556
286.02 40.68 10000 -5.55556
286.02 40.6827 10000 -5.55556
286.02 40.6854 10000 -5.55556
286.02 40.6881 10000 -5.55556
286.02 40.6908 10000 -5.55556
286.02 40.6936 10000 -5.55556
286.02 40.6963 10000 -5.55556
286.02 40.699 10000 -5.55556
286.02 40.7017 10000 -5.55556
286.02 40.7044 10000 -5.55556
286.02 40.7071 10000 -5.55556
286.02 40.7098 10000 -5.55556
286.02 40.7125 10000 -5.55556
286.02 40.7153 10000 -5.55556
286.02 40.718 10000 -5.55556
286.02 40.7207 10000 -5.55556
286.02 40.7234 10000 -5.55556
286.02 40.7261 10000 -5.55556
286.02 40.7288 10000 -5.55556
286.02 40.7315 10000 -5.55556
286.02 40.7342 10000 -5.55556
286.02 40.7369 10000 -5.55556
286.02 40.7397 10000 -5.55556
286.02 40.7424 10000 -5.55556
286.02 40.7451 10000 -5.55556
286.02 40.7478 10000 -5.55556
286.02 40.7505 10000 -5.55556
286.02 40.7532 10000 -5.55556
286.02 40.7559 10000 -5.55556
286.02 40.7586 10000 -5.55556
286.02 40.7614 10000 -5.55556
286.02 40.7641 10000 -5.55556
286.02 40.7668 10000 -5.55556
286.02 40.7695 10000 -5.55556
286.02 40.7722 10000 -5.55556
286.02 40.7749 10000 -5.55556
286.02 40.7776 10000 -5.55556
286.02 40.7803 10000 -5.55556
286.02 40.7831 10000 -5.55556
286.02 40.7858 10000 -5.55556
286.02 40.7885 10000 -5.55556
286.02 40.7912 10000 -5.55556
286.02 40.7939 10000 -5.55556
286.02 40.7966 10000 -5.55556
286.02 40.7993 10000 -5.55556
286.02 40.802 10000 -5.55556
286.02 40.8047 10000 -5.55556
286.02 40.8075 10000 -5.55556
286.02 40.8102 10000 -5.55556
286.02 40.8129 10000 -5.55556
286.02 40.8156 10000 -5.55556
286.02 40.8183 10000 -5.55556
286.02 40.821 10000 -5.55556
286.02 40.8237 10000 -5.55556
286.02 40.8264 10000 -5.55556
286.02 40.8292 10000 -5.55556
286.02 40.8319 10000 -5.55556
286.02 40.8346 10000 -5.55556
286.02 40.8373 10000 -5.55556
286.02 40.84 10000 -5.55556
286.024 40.68 10000 -5.55556
286.024 40.6827 10000 -5.55556
286.024 40.6854 10000 -5.55556
286.024 40.6881 10000 -5.55556
286.024 40.6908 10000 -5.55556
286.024 40.6936 10000 -5.55556
286.024 40.6963 10000 -5.55556
286.024 40.699 10000 -5.55556
286.024 40.7017 10000 -5.55556
286.024 40.7044 10000 -5.55556
286.024 40.7071 10000 -5.55556
286.024 40.7098 10000 -5.55556
286.024 40.7125 10000 -5.55556
286.024 40.7153 10000 -5.55556
286.024 40.718 10000 -5.55556
286.024 40.7207 10000 -5.55556
286.024 40.7234 10000 -5.55556
286.024 40.7261 10000 -5.55556
286.024 40.7288 10000 -5.55556
286.024 40.7315 10000 -5.55556
286.024 40.7342 10000 -5.55556
286.024 40.7369 10000 -5.55556
286.024 40.7397 10000 -5.55556
286.024 40.7424 10000 -5.55556
286.024 40.7451 10000 -5.55556
286.024 40.7478 10000 -5.55556
286.024 40.7505 10000 -5.55556
286.024 40.7532 10000 -5.55556
286.024 40.7559 10000 -5.55556
286.024 40.7586 10000 -5.55556
286.024 40.7614 10000 -5.55556
286.024 40.7641 10000 -5.55556
286.024 40.7668 10000 -5.55556
286.024 40.7695 10000 -5.55556
286.024 40.7722 10000 -5.55556
286.024 40.7749 10000 -5.55556
286.024 40.7776 10000 -5.55556
286.024 40.7803 10000 -5.55556
286.024 40.7831 10000 -5.55556
286.024 40.7858 10000 -5.55556
286.024 40.7885 10000 -5.55556
286.024 40.7912 10000 -5.55556
286.024 40.7939 10000 -5.55556
286.024 40.7966 10000 -5.55556
286.024 40.7993 10000 -5.55556
286.024 40.802 10000 -5.55556
286.024 40.8047 10000 -5.55556
286.024 40.8075 10000 -5.55556
286.024 40.8102 10000 -5.55556
286.024 40.8129 10000 -5.55556
286.024 40.8156 10000 -5.55556
286.024 40.8183 10000 -5.55556
286.024 40.821 10000 -5.55556
286.024 40.8237 10000 -5.55556
286.024 40.8264 10000 -5.55556
286.024 40.8292 10000 -5.55556
286.024 40.8319 10000 -5.55556
286.024 40.8346 10000 -5.55556
286.024 40.8373 10000 -5.55556
286.024 40.84 10000 -5.55556
286.027 40.68 10000 -5.55556
286.027 40.6827 10000 -5.55556
286.027 40.6854 10000 -5.55556
286.027 40.6881 10000 -5.55556
286.027 40.6908 10000 -5.55556
286.027 40.6936 10000 -5.55556
286.027 40.6963 10000 -5.55556
286.027 40.699 10000 -5.55556
286.027 40.7017 10000 -5.55556
286.027 40.7044 10000 -5.55556
286.027 40.7071 10000 -5.55556
286.027 40.7098 10000 -5.55556
286.027 40.7125 10000 -5.55556
286.027 40.7153 10000 -5.55556
286.027 40.718 10000 -5.55556
286.027 40.7207 10000 -5.55556
286.027 40.7234 10000 -5.55556
286.027 40.7261 10000 -5.55556
286.027 40.7288 10000 -5.55556
286.027 40.7315 10000 -5.55556
286.027 40.7342 10000 -5.55556
286.027 40.7369 10000 -5.55556
286.027 40.7397 10000 -5.55556
286.027 40.7424 10000 -5.55556
286.027 40.7451 10000 -5.55556
286.027 40.7478 10000 -5.55556
286.027 40.7505 10000 -5.55556
286.027 40.7532 10000 -5.55556
286.027 40.7559 10000 -5.55556
286.027 40.7586 10000 -5.55556
286.027 40.7614 10000 -5.55556
286.027 40.7641 10000 -5.55556
286.027 40.7668 10000 -5.55556
286.027 40.7695 10000 -5.55556
286.027 40.7722 10000 -5.55556
286.027 40.7749 10000 -5.55556
286.027 40.7776 10000 -5.55556
286.027 40.7803 10000 -5.55556
286.027 40.7831 10000 -5.55556
286.027 40.7858 10000 -5.55556
286.027 40.7885 10000 -5.55556
286.027 40.7912 10000 -5.55556
286.027 40.7939 10000 -5.55556
286.027 40.7966 10000 -5.55556
286.027 40.7993 10000 -5.55556
286.027 40.802 10000 -5.55556
286.027 40.8047 10000 -5.55556
286.027 40.8075 10000 -5.55556
286.027 40.8102 10000 -5.55556
286.027 40.8129 10000 -5.55556
286.027 40.8156 10000 -5.55556
286.027 40.8183 10000 -5.55556
286.027 40.821 10000 -5.55556
286.027 40.8237 10000 -5.55556
286.027 40.8264 10000 -5.55556
286.027 40.8292 10000 -5.55556
286.027 40.8319 10000 -5.55556
286.027 40.8346 10000 -5.55556
286.027 40.8373 10000 -5.55556
286.027 40.84 10000 -5.55556
286.031 40.68 10000 -5.55556
286.031 40.6827 10000 -5.55556
286.031 40.6854 10000 -5.55556
286.031 40.6881 10000 -5.55556
286.031 40.6908 10000 -5.55556
286.031 40.6936 10000 -5.55556
286.031 40.6963 10000 -5.55556
286.031 40.699 10000 -5.55556
286.031 40.7017 10000 -5.55556
286.031 40.7044 10000 -5.55556
286.031 40.7071 10000 -5.55556
286.031 40.7098 10000 -5.55556
286.031 40.7125 10000 -5.55556
286.031 40.7153 10000 -5.55556
286.031 40.718 10000 -5.55556
286.031 40.7207 10000 -5.55556
286.031 40.7234 10000 -5.55556
286.031 40.7261 10000 -5.55556
286.031 40.7288 10000 -5.55556
286.031 40.7315 10000 -5.55556
286.031 40.7342 10000 -5.55556
286.031 40.7369 10000 -5.55556
286.031 40.7397 10000 -5.55556
286.031 40.7424 10000 -5.55556
286.031 40.7451 10000 -5.55556
286.031 40.7478 10000 -5.55556
286.031 40.7505 10000 -5.55556
286.031 40.7532 10000 -5.55556
286.031 40.7559 10000 -5.55556
286.031 40.7586 10000 -5.55556
286.031 40.7614 10000 -5.55556
286.031 40.7641 10000 -5.55556
286.031 40.7668 10000 -5.55556
286.031 40.7695 10000 -5.55556
286.031 40.7722 10000 -5.55556
286.031 40.7749 10000 -5.55556
286.031 40.7776 10000 -5.55556
286.031 40.7803 10000 -5.55556
286.031 40.7831 10000 -5.55556
286.031 40.7858 10000 -5.55556
286.031 40.7885 10000 -5.55556
286.031 40.7912 10000 -5.55556
286.031 40.7939 10000 -5.55556
286.031 40.7966 10000 -5.55556
286.031 40.7993 10000 -5.55556
286.031 40.802 10000 -5.55556
286.031 40.8047 10000 -5.55556
286.031 40.8075 10000 -5.55556
286.031 40.8102 10000 -5.55556
286.031 40.8129 10000 -5.55556
286.031 40.8156 10000 -5.55556
286.031 40.8183 10000 -5.55556
286.031 40.821 10000 -5.55556
286.031 40.8237 10000 -5.55556
286.031 40.8264 10000 -5.55556
286.031 40.8292 10000 -5.55556
286.031 40.8319 10000 -5.55556
286.031 40.8346 10000 -5.55556
286.031 40.8373 10000 -5.55556
286.031 40.84 10000 -5.55556
286.034 40.68 10000 -5.55556
286.034 40.6827 10000 -5.55556
286.034 40.6854 10000 -5.55556
286.034 40.6881 10000 -5.55556
286.034 40.6908 10000 -5.55556
286.034 40.6936 10000 -5.55556
286.034 40.6963 10000 -5.55556
286.034 40.699 10000 -5.55556
286.034 40.7017 10000 -5.55556
286.034 40.7044 10000 -5.55556
286.034 40.7071 10000 -5.55556
286.034 40.7098 10000 -5.55556
286.034 40.7125 10000 -5.55556
286.034 40.7153 10000 -5.55556
286.034 40.718 10000 -5.55556
286.034 40.7207 10000 -5.55556
286.034 40.7234 10000 -5.55556
286.034 40.7261 10000 -5.55556
286.034 40.7288 10000 -5.55556
286.034 40.7315 10000 -5.55556
286.034 40.7342 10000 -5.55556
286.034 40.7369 10000 -5.55556
286.034 40.7397 10000 -5.55556
286.034 40.7424 10000 -5.55556
286.034 40.7451 10000 -5.55556
286.034 40.7478 10000 -5.55556
286.034 40.7505 10000 -5.55556
286.034 40.7532 10000 -5.55556
286.034 40.7559 10000 -5.55556
286.034 40.7586 10000 -5.55556
286.034 40.7614 10000 -5.55556
286.034 40.7641 10000 -5.55556
286.034 40.7668 10000 -5.55556
286.034 40.7695 10000 -5.55556
286.034 40.7722 10000 -5.55556
286.034 40.7749 10000 -5.55556
286.034 40.7776 10000 -5.55556
286.034 40.7803 10000 -5.55556
286.034 40.7831 10000 -5.55556
286.034 40.7858 10000 -5.55556
286.034 40.7885 10000 -5.55556
286.034 40.7912 10000 -5.55556
286.034 40.7939 10000 -5.55556
286.034 40.7966 10000 -5.55556
286.034 40.7993 10000 -5.55556
286.034 40.802 10000 -5.55556
286.034 40.8047 10000 -5.55556
286.034 40.8075 10000 -5.55556
286.034 40.8102 10000 -5.55556
286.034 40.8129 10000 -5.55556
286.034 40.8156 10000 -5.55556
286.034 40.8183 10000 -5.55556
286.034 40.821 10000 -5.55556
286.034 40.8237 10000 -5.55556
286.034 40.8264 10000 -5.55556
286.034 40.8292 10000 -5.55556
286.034 40.8319 10000 -5.55556
286.034 40.8346 10000 -5.55556
286.034 40.8373 10000 -5.55556
286.034 40.84 10000 -5.55556
286.038 40.68 10000 -5.55556
286.038 40.6827 10000 -5.55556
286.038 40.6854 10000 -5.55556
286.038 40.6881 10000 -5.55556
286.038 40.6908 10000 -5.55556
286.038 40.6936 10000 -5.55556
286.038 40.6963 10000 -5.55556
286.038 40.699 10000 -5.55556
286.038 40.7017 10000 -5.55556
286.038 40.7044 10000 -5.55556
286.038 40.7071 10000 -5.55556
286.038 40.7098 10000 -5.55556
286.038 40.7125 10000 -5.55556
286.038 40.7153 10000 -5.55556
286.038 40.718 10000 -5.55556
286.038 40.7207 10000 -5.55556
286.038 40.7234 10000 -5.55556
286.038 40.7261 10000 -5.55556
286.038 40.7288 10000 -5.55556
286.038 40.7315 10000 -5.55556
286.038 40.7342 10000 -5.55556
286.038 40.7369 10000 -5.55556
286.038 40.7397 10000 -5.55556
286.038 40.7424 10000 -5.55556
286.038 40.7451 10000 -5.55556
286.038 40.7478 10000 -5.55556
286.038 40.7505 10000 -5.55556
286.038 40.7532 10000 -5.55556
286.038 40.7559 10000 -5.55556
286.038 40.7586 10000 -5.55556
286.038 40.7614 10000 -5.55556
286.038 40.7641 10000 -5.55556
286.038 40.7668 10000 -5.55556
286.038 40.7695 10000 -5.55556
286.038 40.7722 10000 -5.55556
286.038 40.7749 10000 -5.55556
286.038 40.7776 10000 -5.55556
286.038 40.7803 10000 -5.55556
286.038 40.7831 10000 -5.55556
286.038 40.7858 10000 -5.55556
286.038 40.7885 10000 -5.55556
286.038 40.7912 10000 -5.55556
286.038 40.7939 10000 -5.55556
286.038 40.7966 10000 -5.55556
286.038 40.7993 10000 -5.55556
286.038 40.802 10000 -5.55556
286.038 40.8047 10000 -5.55556
286.038 40.8075 10000 -5.55556
286.038 40.8102 10000 -5.55556
286.038 40.8129 10000 -5.55556
286.038 40.8156 10000 -5.55556
286.038 40.8183 10000 -5.55556
286.038 40.821 10000 -5.55556
286.038 40.8237 10000 -5.55556
286.038 40.8264 10000 -5.55556
286.038 40.8292 10000 -5.55556
286.038 40.8319 10000 -5.55556
286.038 40.8346 10000 -5.55556
286.038 40.8373 10000 -5.55556
286.038 40.84 10000 -5.55556
286.041 40.68 10000 -5.55556
286.041 40.6827 10000 -5.55556
286.041 40.6854 10000 -5.55556
286.041 40.6881 10000 -5.55556
286.041 40.6908 10000 -5.55556
286.041 40.6936 10000 -5.55556
286.041 40.6963 10000 -5.55556
286.041 40.699 10000 -5.55556
286.041 40.7017 10000 -5.55556
286.041 40.7044 10000 -5.55556
286.041 40.7071 10000 -5.55556
286.041 40.7098 10000 -5.55556
286.041 40.7125 10000 -5.55556
286.041 40.7153 10000 -5.55556
286.041 40.718 10000 -5.55556
286.041 40.7207 10000 -5.55556
286.041 40.7234 10000 -5.55556
286.041 40.7261 10000 -5.55556
286.041 40.7288 10000 -5.55556
286.041 40.7315 10000 -5.55556
286.041 40.7342 10000 -5.55556
286.041 40.7369 10000 -5.55556
286.041 40.7397 10000 -5.55556
286.041 40.7424 10000 -5.55556
286.041 40.7451 10000 -5.55556
286.041 40.7478 10000 -5.55556
286.041 40.7505 10000 -5.55556
286.041 40.7532 10000 -5.55556
286.041 40.7559 10000 -5.55556
286.041 40.7586 10000 -5.55556
286.041 40.7614 10000 -5.55556
286.041 40.7641 10000 -5.55556
286.041 40.7668 10000 -5.55556
286.041 40.7695 10000 -5.55556
286.041 40.7722 10000 -5.55556
286.041 40.7749 10000 -5.55556
286.041 40.7776 10000 -5.55556
286.041 40.7803 10000 -5.55556
286.041 40.7831 10000 -5.55556
286.041 40.7858 10000 -5.55556
286.041 40.7885 10000 -5.55556
286.041 40.7912 10000 -5.55556
286.041 40.7939 10000 -5.55556
286.041 40.7966 10000 -5.55556
286.041 40.7993 10000 -5.55556
286.041 40.802 10000 -5.55556
286.041 40.8047 10000 -5.55556
286.041 40.8075 10000 -5.55556
286.041 40.8102 10000 -5.55556
286.041 40.8129 10000 -5.55556
286.041 40.8156 10000 -5.55556
286.041 40.8183 10000 -5.55556
286.041 40.821 10000 -5.55556
286.041 40.8237 10000 -5.55556
286.041 40.8264 10000 -5.55556
286.041 40.8292 10000 -5.55556
286.041 40.8319 10000 -5.55556
286.041 40.8346 10000 -5.55556
286.041 40.8373 10000 -5.55556
286.041 40.84 10000 -5.55556
286.045 40.68 10000 -5.55556
286.045 40.6827 10000 -5.55556
286.045 40.6854 10000 -5.55556
286.045 40.6881 10000 -5.55556
286.045 40.6908 10000 -5.55556
286.045 40.6936 10000 -5.55556
286.045 40.6963 10000 -5.55556
286.045 40.699 10000 -5.55556
286.045 40.7017 10000 -5.55556
286.045 40.7044 10000 -5.55556
286.045 40.7071 10000 -5.55556
286.045 40.7098 10000 -5.55556
286.045 40.7125 10000 -5.55556
286.045 40.7153 10000 -5.55556
286.045 40.718 10000 -5.55556
286.045 40.7207 10000 -5.55556
286.045 40.7234 10000 -5.55556
286.045 40.7261 10000 -5.55556
286.045 40.7288 10000 -5.55556
286.045 40.7315 10000 -5.55556
286.045 40.7342 10000 -5.55556
286.045 40.7369 10000 -5.55556
286.045 40.7397 10000 -5.55556
286.045 40.7424 10000 -5.55556
286.045 40.7451 10000 -5.55556
286.045 40.7478 10000 -5.55556
286.045 40.7505 10000 -5.55556
286.045 40.7532 10000 -5.55556
286.045 40.7559 10000 -5.55556
286.045 40.7586 10000 -5.55556
286.045 40.7614 10000 -5.55556
286.045 40.7641 10000 -5.55556
286.045 40.7668 10000 -5.55556
286.045 40.7695 10000 -5.55556
286.045 40.7722 10000 -5.55556
286.045 40.7749 10000 -5.55556
286.045 40.7776 10000 -5.55556
286.045 40.7803 10000 -5.55556
286.045 40.7831 10000 -5.55556
286.045 40.7858 10000 -5.55556
286.045 40.7885 10000 -5.55556
286.045 40.7912 10000 -5.55556
286.045 40.7939 10000 -5.55556
286.045 40.7966 10000 -5.55556
286.045 40.7993 10000 -5.55556
286.045 40.802 10000 -5.55556
286.045 40.8047 10000 -5.55556
286.045 40.8075 10000 -5.55556
286.045 40.8102 10000 -5.55556
286.045 40.8129 10000 -5.55556
286.045 40.8156 10000 -5.55556
286.045 40.8183 10000 -5.55556
286.045 40.821 10000 -5.55556
286.045 40.8237 10000 -5.55556
286.045 40.8264 10000 -5.55556
286.045 40.8292 10000 -5.55556
286.045 40.8319 10000 -5.55556
286.045 40.8346 10000 -5.55556
286.045 40.8373 10000 -5.55556
286.045 40.84 10000 -5.55556
286.048 40.68 10000 -5.55556
286.048 40.6827 10000 -5.55556
286.048 40.6854 10000 -5.55556
286.048 40.6881 10000 -5.55556
286.048 40.6908 10000 -5.55556
286.048 40.6936 10000 -5.55556
286.048 40.6963 10000 -5.55556
286.048 40.699 10000 -5.55556
286.048 40.7017 10000 -5.55556
286.048 40.7044 10000 -5.55556
286.048 40.7071 10000 -5.55556
286.048 40.7098 10000 -5.55556
286.048 40.7125 10000 -5.55556
286.048 40.7153 10000 -5.55556
286.048 40.718 10000 -5.55556
286.048 40.7207 10000 -5.55556
286.048 40.7234 10000 -5.55556
286.048 40.7261 10000 -5.55556
286.048 40.7288 10000 -5.55556
286.048 40.7315 10000 -5.55556
286.048 40.7342 10000 -5.55556
286.048 40.7369 10000 -5.55556
286.048 40.7397 10000 -5.55556
286.048 40.7424 10000 -5.55556
286.048 40.7451 10000 -5.55556
286.048 40.7478 10000 -5.55556
286.048 40.7505 10000 -5.55556
286.048 40.7532 10000 -5.55556
286.048 40.7559 10000 -5.55556
286.048 40.7586 10000 -5.55556
286.048 40.7614 10000 -5.55556
286.048 40.7641 10000 -5.55556
286.048 40.7668 10000 -5.55556
286.048 40.7695 10000 -5.55556
286.048 40.7722 10000 -5.55556
286.048 40.7749 10000 -5.55556
286.048 40.7776 10000 -5.55556
286.048 40.7803 10000 -5.55556
286.048 40.7831 10000 -5.55556
286.048 40.7858 10000 -5.55556
286.048 40.7885 10000 -5.55556
286.048 40.7912 10000 -5.55556
286.048 40.7939 10000 -5.55556
286.048 40.7966 10000 -5.55556
286.048 40.7993 10000 -5.55556
286.048 40.802 10000 -5.55556
286.048 40.8047 10000 -5.55556
286.048 40.8075 10000 -5.55556
286.048 40.8102 10000 -5.55556
286.048 40.8129 10000 -5.55556
286.048 40.8156 10000 -5.55556
286.048 40.8183 10000 -5.55556
286.048 40.821 10000 -5.55556
286.048 40.8237 10000 -5.55556
286.048 40.8264 10000 -5.55556
286.048 40.8292 10000 -5.55556
286.048 40.8319 10000 -5.55556
286.048 40.8346 10000 -5.55556
286.048 40.8373 10000 -5.55556
286.048 40.84 10000 -5.55556
286.052 40.68 10000 -5.55556
286.052 40.6827 10000 -5.55556
286.052 40.6854 10000 -5.55556
286.052 40.6881 10000 -5.55556
286.052 40.6908 10000 -5.55556
286.052 40.6936 10000 -5.55556
286.052 40.6963 10000 -5.55556
286.052 40.699 10000 -5.55556
286.052 40.7017 10000 -5.55556
286.052 40.7044 10000 -5.55556
286.052 40.7071 10000 -5.55556
286.052 40.7098 10000 -5.55556
286.052 40.7125 10000 -5.55556
286.052 40.7153 10000 -5.55556
286.052 40.718 10000 -5.55556
286.052 40.7207 10000 -5.55556
286.052 40.7234 10000 -5.55556
286.052 40.7261 10000 -5.55556
286.052 40.7288 10000 -5.55556
286.052 40.7315 10000 -5.55556
286.052 40.7342 10000 -5.55556
286.052 40.7369 10000 -5.55556
286.052 40.7397 10000 -5.55556
286.052 40.7424 10000 -5.55556
286.052 40.7451 10000 -5.55556
286.052 40.7478 10000 -5.55556
286.052 40.7505 10000 -5.55556
286.052 40.7532 10000 -5.55556
286.052 40.7559 10000 -5.55556
286.052 40.7586 10000 -5.55556
286.052 40.7614 10000 -5.55556
286.052 40.7641 10000 -5.55556
286.052 40.7668 10000 -5.55556
286.052 40.7695 10000 -5.55556
286.052 40.7722 10000 -5.55556
286.052 40.7749 10000 -5.55556
286.052 40.7776 10000 -5.55556
286.052 40.7803 10000 -5.55556
286.052 40.7831 10000 -5.55556
286.052 40.7858 10000 -5.55556
286.052 40.7885 10000 -5.55556
286.052 40.7912 10000 -5.55556
286.052 40.7939 10000 -5.55556
286.052 40.7966 10000 -5.55556
286.052 40.7993 10000 -5.55556
286.052 40.802 10000 -5.55556
286.052 40.8047 10000 -5.55556
286.052 40.8075 10000 -5.55556
286.052 40.8102 10000 -5.55556
286.052 40.8129 10000 -5.55556
286.052 40.8156 10000 -5.55556
286.052 40.8183 10000 -5.55556
286.052 40.821 10000 -5.55556
286.052 40.8237 10000 -5.55556
286.052 40.8264 10000 -5.55556
286.052 40.8292 10000 -5.55556
286.052 40.8319 10000 -5.55556
286.052 40.8346 10000 -5.55556
286.052 40.8373 10000 -5.55556
286.052 40.84 10000 -5.55556
286.055 40.68 10000 -5.55556
286.055 40.6827 10000 -5.55556
286.055 40.6854 10000 -5.55556
286.055 40.6881 10000 -5.55556
286.055 40.6908 10000 -5.55556
286.055 40.6936 10000 -5.55556
286.055 40.6963 10000 -5.55556
286.055 40.699 10000 -5.55556
286.055 40.7017 10000 -5.55556
286.055 40.7044 10000 -5.55556
286.055 40.7071 10000 -5.55556
286.055 40.7098 10000 -5.55556
286.055 40.7125 10000 -5.55556
286.055 40.7153 10000 -5.55556
286.055 40.718 10000 -5.55556
286.055 40.7207 10000 -5.55556
286.055 40.7234 10000 -5.55556
286.055 40.7261 10000 -5.55556
286.055 40.7288 10000 -5.55556
286.055 40.7315 10000 -5.55556
286.055 40.7342 10000 -5.55556
286.055 40.7369 10000 -5.55556
286.055 40.7397 10000 -5.55556
286.055 40.7424 10000 -5.55556
286.055 40.7451 10000 -5.55556
286.055 40.7478 10000 -5.55556
286.055 40.7505 10000 -5.55556
286.055 40.7532 10000 -5.55556
286.055 40.7559 10000 -5.55556
286.055 40.7586 10000 -5.55556
286.055 40.7614 10000 -5.55556
286.055 40.7641 10000 -5.55556
286.055 40.7668 10000 -5.55556
286.055 40.7695 10000 -5.55556
286.055 40.7722 10000 -5.55556
286.055 40.7749 10000 -5.55556
286.055 40.7776 10000 -5.55556
286.055 40.7803 10000 -5.55556
286.055 40.7831 10000 -5.55556
286.055 40.7858 10000 -5.55556
286.055 40.7885 10000 -5.55556
286.055 40.7912 10000 -5.55556
286.055 40.7939 10000 -5.55556
286.055 40.7966 10000 -5.55556
286.055 40.7993 10000 -5.55556
286.055 40.802 10000 -5.55556
286.055 40.8047 10000 -5.55556
286.055 40.8075 10000 -5.55556
286.055 40.8102 10000 -5.55556
286.055 40.8129 10000 -5.55556
286.055 40.8156 10000 -5.55556
286.055 40.8183 10000 -5.55556
286.055 40.821 10000 -5.55556
286.055 40.8237 10000 -5.55556
286.055 40.8264 10000 -5.55556
286.055 40.8292 10000 -5.55556
286.055 40.8319 10000 -5.55556
286.055 40.8346 10000 -5.55556
286.055 40.8373 10000 -5.55556
286.055 40.84 10000 -5.55556
286.059 40.68 10000 -5.55556
286.059 40.6827 10000 -5.55556
286.059 40.6854 10000 -5.55556
286.059 40.6881 10000 -5.55556
286.059 40.6908 10000 -5.55556
286.059 40.6936 10000 -5.55556
286.059 40.6963 10000 -5.55556
286.059 40.699 10000 -5.55556
286.059 40.7017 10000 -5.55556
286.059 40.7044 10000 -5.55556
286.059 40.7071 10000 -5.55556
286.059 40.7098 10000 -5.55556
286.059 40.7125 10000 -5.55556
286.059 40.7153 10000 -5.55556
286.059 40.718 10000 -5.55556
286.059 40.7207 10000 -5.55556
286.059 40.7234 10000 -5.55556
286.059 40.7261 10000 -5.55556
286.059 40.7288 10000 -5.55556
286.059 40.7315 10000 -5.55556
286.059 40.7342 10000 -5.55556
286.059 40.7369 10000 -5.55556
286.059 40.7397 10000 -5.55556
286.059 40.7424 10000 -5.55556
286.059 40.7451 10000 -5.55556
286.059 40.7478 10000 -5.55556
286.059 40.7505 10000 -5.55556
286.059 40.7532 10000 -5.55556
286.059 40.7559 10000 -5.55556
286.059 40.7586 10000 -5.55556
286.059 40.7614 10000 -5.55556
286.059 40.7641 10000 -5.55556
286.059 40.7668 10000 -5.55556
286.059 40.7695 10000 -5.55556
286.059 40.7722 10000 -5.55556
286.059 40.7749 10000 -5.55556
286.059 40.7776 10000 -5.55556
286.059 40.7803 10000 -5.55556
286.059 40.7831 10000 -5.55556
286.059 40.7858 10000 -5.55556
286.059 40.7885 10000 -5.55556
286.059 40.7912 10000 -5.55556
286.059 40.7939 10000 -5.55556
286.059 40.7966 10000 -5.55556
286.059 40.7993 10000 -5.55556
286.059 40.802 10000 -5.55556
286.059 40.8047 10000 -5.55556
286.059 40.8075 10000 -5.55556
286.059 40.8102 10000 -5.55556
286.059 40.8129 10000 -5.55556
286.059 40.8156 10000 -5.55556
286.059 40.8183 10000 -5.55556
286.059 40.821 10000 -5.55556
286.059 40.8237 10000 -5.55556
286.059 40.8264 10000 -5.55556
286.059 40.8292 10000 -5.55556
286.059 40.8319 10000 -5.55556
286.059 40.8346 10000 -5.55556
286.059 40.8373 10000 -5.55556
286.059 40.84 10000 -5.55556
286.062 40.68 10000 -5.55556
286.062 40.6827 10000 -5.55556
286.062 40.6854 10000 -5.55556
286.062 40.6881 10000 -5.55556
286.062 40.6908 10000 -5.55556
286.062 40.6936 10000 -5.55556
286.062 40.6963 10000 -5.55556
286.062 40.699 10000 -5.55556
286.062 40.7017 10000 -5.55556
286.062 40.7044 10000 -5.55556
286.062 40.7071 10000 -5.55556
286.062 40.7098 10000 -5.55556
286.062 40.7125 10000 -5.55556
286.062 40.7153 10000 -5.55556
286.062 40.718 10000 -5.55556
286.062 40.7207 10000 -5.55556
286.062 40.7234 10000 -5.55556
286.062 40.7261 10000 -5.55556
286.062 40.7288 10000 -5.55556
286.062 40.7315 10000 -5.55556
286.062 40.7342 10000 -5.55556
286.062 40.7369 10000 -5.55556
286.062 40.7397 10000 -5.55556
286.062 40.7424 10000 -5.55556
286.062 40.7451 10000 -5.55556
286.062 40.7478 10000 -5.55556
286.062 40.7505 10000 -5.55556
286.062 40.7532 10000 -5.55556
286.062 40.7559 10000 -5.55556
286.062 40.7586 10000 -5.55556
286.062 40.7614 10000 -5.55556
286.062 40.7641 10000 -5.55556
286.062 40.7668 10000 -5.55556
286.062 40.7695 10000 -5.55556
286.062 40.7722 10000 -5.55556
286.062 40.7749 10000 -5.55556
286.062 40.7776 10000 -5.55556
286.062 40.7803 10000 -5.55556
286.062 40.7831 10000 -5.55556
286.062 40.7858 10000 -5.55556
286.062 40.7885 10000 -5.55556
286.062 40.7912 10000 -5.55556
286.062 40.7939 10000 -5.55556
286.062 40.7966 10000 -5.55556
286.062 40.7993 10000 -5.55556
286.062 40.802 10000 -5.55556
286.062 40.8047 10000 -5.55556
286.062 40.8075 10000 -5.55556
286.062 40.8102 10000 -5.55556
286.062 40.8129 10000 -5.55556
286.062 40.8156 10000 -5.55556
286.062 40.8183 10000 -5.55556
286.062 40.821 10000 -5.55556
286.062 40.8237 10000 -5.55556
286.062 40.8264 10000 -5.55556
286.062 40.8292 10000 -5.55556
286.062 40.8319 10000 -5.55556
286.062 40.8346 10000 -5.55556
286.062 40.8373 10000 -5.55556
286.062 40.84 10000 -5.55556
286.066 40.68 10000 -5.55556
286.066 40.6827 10000 -5.55556
286.066 40.6854 10000 -5.55556
286.066 40.6881 10000 -5.55556
286.066 40.6908 10000 -5.55556
286.066 40.6936 10000 -5.55556
286.066 40.6963 10000 -5.55556
286.066 40.699 10000 -5.55556
286.066 40.7017 10000 -5.55556
286.066 40.7044 10000 -5.55556
286.066 40.7071 10000 -5.55556
286.066 40.7098 10000 -5.55556
286.066 40.7125 10000 -5.55556
286.066 40.7153 10000 -5.55556
286.066 40.718 10000 -5.55556
286.066 40.7207 10000 -5.55556
286.066 40.7234 10000 -5.55556
286.066 40.7261 10000 -5.55556
286.066 40.7288 10000 -5.55556
286.066 40.7315 10000 -5.55556
286.066 40.7342 10000 -5.55556
286.066 40.7369 10000 -5.55556
286.066 40.7397 10000 -5.55556
286.066 40.7424 10000 -5.55556
286.066 40.7451 10000 -5.55556
286.066 40.7478 10000 -5.55556
286.066 40.7505 10000 -5.55556
286.066 40.7532 10000 -5.55556
286.066 40.7559 10000 -5.55556
286.066 40.7586 10000 -5.55556
286.066 40.7614 10000 -5.55556
286.066 40.7641 10000 -5.55556
286.066 40.7668 10000 -5.55556
286.066 40.7695 10000 -5.55556
286.066 40.7722 10000 -5.55556
286.066 40.7749 10000 -5.55556
286.066 40.7776 10000 -5.55556
286.066 40.7803 10000 -5.55556
286.066 40.7831 10000 -5.55556
286.066 40.7858 10000 -5.55556
286.066 40.7885 10000 -5.55556
286.066 40.7912 10000 -5.55556
286.066 40.7939 10000 -5.55556
286.066 40.7966 10000 -5.55556
286.066 40.7993 10000 -5.55556
286.066 40.802 10000 -5.55556
286.066 40.8047 10000 -5.55556
286.066 40.8075 10000 -5.55556
286.066 40.8102 10000 -5.55556
286.066 40.8129 10000 -5.55556
286.066 40.8156 10000 -5.55556
286.066 40.8183 10000 -5.55556
286.066 40.821 10000 -5.55556
286.066 40.8237 10000 -5.55556
286.066 40.8264 10000 -5.55556
286.066 40.8292 10000 -5.55556
286.066 40.8319 10000 -5.55556
286.066 40.8346 10000 -5.55556
286.066 40.8373 10000 -5.55556
286.066 40.84 10000 -5.55556
286.069 40.68 10000 -5.55556
286.069 40.6827 10000 -5.55556
286.069 40.6854 10000 -5.55556
286.069 40.6881 10000 -5.55556
286.069 40.6908 10000 -5.55556
286.069 40.6936 10000 -5.55556
286.069 40.6963 10000 -5.55556
286.069 40.699 10000 -5.55556
286.069 40.7017 10000 -5.55556
286.069 40.7044 10000 -5.55556
286.069 40.7071 10000 -5.55556
286.069 40.7098 10000 -5.55556
286.069 40.7125 10000 -5.55556
286.069 40.7153 10000 -5.55556
286.069 40.718 10000 -5.55556
286.069 40.7207 10000 -5.55556
286.069 40.7234 10000 -5.55556
286.069 40.7261 10000 -5.55556
286.069 40.7288 10000 -5.55556
286.069 40.7315 10000 -5.55556
286.069 40.7342 10000 -5.55556
286.069 40.7369 10000 -5.55556
286.069 40.7397 10000 -5.55556
286.069 40.7424 10000 -5.55556
286.069 40.7451 10000 -5.55556
286.069 40.7478 10000 -5.55556
286.069 40.7505 10000 -5.55556
286.069 40.7532 10000 -5.55556
286.069 40.7559 10000 -5.55556
286.069 40.7586 10000 -5.55556
286.069 40.7614 10000 -5.55556
286.069 40.7641 10000 -5.55556
286.069 40.7668 10000 -5.55556
286.069 40.7695 10000 -5.55556
286.069 40.7722 10000 -5.55556
286.069 40.7749 10000 -5.55556
286.069 40.7776 10000 -5.55556
286.069 40.7803 10000 -5.55556
286.069 40.7831 10000 -5.55556
286.069 40.7858 10000 -5.55556
286.069 40.7885 10000 -5.55556
286.069 40.7912 10000 -5.55556
286.069 40.7939 10000 -5.55556
286.069 40.7966 10000 -5.55556
286.069 40.7993 10000 -5.55556
286.069 40.802 10000 -5.55556
286.069 40.8047 10000 -5.55556
286.069 40.8075 10000 -5.55556
286.069 40.8102 10000 -5.55556
286.069 40.8129 10000 -5.55556
286.069 40.8156 10000 -5.55556
286.069 40.8183 10000 -5.55556
286.069 40.821 10000 -5.55556
286.069 40.8237 10000 -5.55556
286.069 40.8264 10000 -5.55556
286.069 40.8292 10000 -5.55556
286.069 40.8319 10000 -5.55556
286.069 40.8346 10000 -5.55556
286.069 40.8373 10000 -5.55556
286.069 40.84 10000 -5.55556
286.073 40.68 10000 -5.55556
286.073 40.6827 10000 -5.55556
286.073 40.6854 10000 -5.55556
286.073 40.6881 10000 -5.55556
286.073 40.6908 10000 -5.55556
286.073 40.6936 10000 -5.55556
286.073 40.6963 10000 -5.55556
286.073 40.699 10000 -5.55556
286.073 40.7017 10000 -5.55556
286.073 40.7044 10000 -5.55556
286.073 40.7071 10000 -5.55556
286.073 40.7098 10000 -5.55556
286.073 40.7125 10000 -5.55556
286.073 40.7153 10000 -5.55556
286.073 40.718 10000 -5.55556
286.073 40.7207 10000 -5.55556
286.073 40.7234 10000 -5.55556
286.073 40.7261 10000 -5.55556
286.073 40.7288 10000 -5.55556
286.073 40.7315 10000 -5.55556
286.073 40.7342 10000 -5.55556
286.073 40.7369 10000 -5.55556
286.073 40.7397 10000 -5.55556
286.073 40.7424 10000 -5.55556
286.073 40.7451 10000 -5.55556
286.073 40.7478 10000 -5.55556
286.073 40.7505 10000 -5.55556
286.073 40.7532 10000 -5.55556
286.073 40.7559 10000 -5.55556
286.073 40.7586 10000 -5.55556
286.073 40.7614 10000 -5.55556
286.073 40.7641 10000 -5.55556
286.073 40.7668 10000 -5.55556
286.073 40.7695 10000 -5.55556
286.073 40.7722 10000 -5.55556
286.073 40.7749 10000 -5.55556
286.073 40.7776 10000 -5.55556
286.073 40.7803 10000 -5.55556
286.073 40.7831 10000 -5.55556
286.073 40.7858 10000 -5.55556
286.073 40.7885 10000 -5.55556
286.073 40.7912 10000 -5.55556
286.073 40.7939 10000 -5.55556
286.073 40.7966 10000 -5.55556
286.073 40.7993 10000 -5.55556
286.073 40.802 10000 -5.55556
286.073 40.8047 10000 -5.55556
286.073 40.8075 10000 -5.55556
286.073 40.8102 10000 -5.55556
286.073 40.8129 10000 -5.55556
286.073 40.8156 10000 -5.55556
286.073 40.8183 10000 -5.55556
286.073 40.821 10000 -5.55556
286.073 40.8237 10000 -5.55556
286.073 40.8264 10000 -5.55556
286.073 40.8292 10000 -5.55556
286.073 40.8319 10000 -5.55556
286.073 40.8346 10000 -5.55556
286.073 40.8373 10000 -5.55556
286.073 40.84 10000 -5.55556
286.076 40.68 10000 -5.55556
286.076 40.6827 10000 -5.55556
286.076 40.6854 10000 -5.55556
286.076 40.6881 10000 -5.55556
286.076 40.6908 10000 -5.55556
286.076 40.6936 10000 -5.55556
286.076 40.6963 10000 -5.55556
286.076 40.699 10000 -5.55556
286.076 40.7017 10000 -5.55556
286.076 40.7044 10000 -5.55556
286.076 40.7071 10000 -5.55556
286.076 40.7098 10000 -5.55556
286.076 40.7125 10000 -5.55556
286.076 40.7153 10000 -5.55556
286.076 40.718 10000 -5.55556
286.076 40.7207 10000 -5.55556
286.076 40.7234 10000 -5.55556
286.076 40.7261 10000 -5.55556
286.076 40.7288 10000 -5.55556
286.076 40.7315 10000 -5.55556
286.076 40.7342 10000 -5.55556
286.076 40.7369 10000 -5.55556
286.076 40.7397 10000 -5.55556
286.076 40.7424 10000 -5.55556
286.076 40.7451 10000 -5.55556
286.076 40.7478 10000 -5.55556
286.076 40.7505 10000 -5.55556
286.076 40.7532 10000 -5.55556
286.076 40.7559 10000 -5.55556
286.076 40.7586 10000 -5.55556
286.076 40.7614 10000 -5.55556
286.076 40.7641 10000 -5.55556
286.076 40.7668 10000 -5.55556
286.076 40.7695 10000 -5.55556
286.076 40.7722 10000 -5.55556
286.076 40.7749 10000 -5.55556
286.076 40.7776 10000 -5.55556
286.076 40.7803 10000 -5.55556
286.076 40.7831 10000 -5.55556
286.076 40.7858 10000 -5.55556
286.076 40.7885 10000 -5.55556
286.076 40.7912 10000 -5.55556
286.076 40.7939 10000 -5.55556
286.076 40.7966 10000 -5.55556
286.076 40.7993 10000 -5.55556
286.076 40.802 10000 -5.55556
286.076 40.8047 10000 -5.55556
286.076 40.8075 10000 -5.55556
286.076 40.8102 10000 -5.55556
286.076 40.8129 10000 -5.55556
286.076 40.8156 10000 -5.55556
286.076 40.8183 10000 -5.55556
286.076 40.821 10000 -5.55556
286.076 40.8237 10000 -5.55556
286.076 40.8264 10000 -5.55556
286.076 40.8292 10000 -5.55556
286.076 40.8319 10000 -5.55556
286.076 40.8346 10000 -5.55556
286.076 40.8373 10000 -5.55556
286.076 40.84 10000 -5.55556
286.08 40.68 10000 -5.55556
286.08 40.6827 10000 -5.55556
286.08 40.6854 10000 -5.55556
286.08 40.6881 10000 -5.55556
286.08 40.6908 10000 -5.55556
286.08 40.6936 10000 -5.55556
286.08 40.6963 10000 -5.55556
286.08 40.699 10000 -5.55556
286.08 40.7017 10000 -5.55556
286.08 40.7044 10000 -5.55556
286.08 40.7071 10000 -5.55556
286.08 40.7098 10000 -5.55556
286.08 40.7125 10000 -5.55556
286.08 40.7153 10000 -5.55556
286.08 40.718 10000 -5.55556
286.08 40.7207 10000 -5.55556
286.08 40.7234 10000 -5.55556
286.08 40.7261 10000 -5.55556
286.08 40.7288 10000 -5.55556
286.08 40.7315 10000 -5.55556
286.08 40.7342 10000 -5.55556
286.08 40.7369 10000 -5.55556
286.08 40.7397 10000 -5.55556
286.08 40.7424 10000 -5.55556
286.08 40.7451 10000 -5.55556
286.08 40.7478 10000 -5.55556
286.08 40.7505 10000 -5.55556
286.08 40.7532 10000 -5.55556
286.08 40.7559 10000 -5.55556
286.08 40.7586 10000 -5.55556
286.08 40.7614 10000 -5.55556
286.08 40.7641 10000 -5.55556
286.08 40.7668 10000 -5.55556
286.08 40.7695 10000 -5.55556
286.08 40.7722 10000 -5.55556
286.08 40.7749 10000 -5.55556
286.08 40.7776 10000 -5.55556
286.08 40.7803 10000 -5.55556
286.08 40.7831 10000 -5.55556
286.08 40.7858 10000 -5.55556
286.08 40.7885 10000 -5.55556
286.08 40.7912 10000 -5.55556
286.08 40.7939 10000 -5.55556
286.08 40.7966 10000 -5.55556
286.08 40.7993 10000 -5.55556
286.08 40.802 10000 -5.55556
286.08 40.8047 10000 -5.55556
286.08 40.8075 10000 -5.55556
286.08 40.8102 10000 -5.55556
286.08 40.8129 10000 -5.55556
286.08 40.8156 10000 -5.55556
286.08 40.8183 10000 -5.55556
286.08 40.821 10000 -5.55556
286.08 40.8237 10000 -5.55556
286.08 40.8264 10000 -5.55556
286.08 40.8292 10000 -5.55556
286.08 40.8319 10000 -5.55556
286.08 40.8346 10000 -5.55556
286.08 40.8373 10000 -5.55556
286.08 40.84 10000 -5.55556
