-74.04 40.68 100 0.3
-74.04 40.6827118644 100 0.3
-74.04 40.6854237288 100 0.3
-74.04 40.6881355932 100 0.3
-74.04 40.6908474576 100 0.3
-74.04 40.693559322 100 0.3
-74.04 40.6962711864 100 0.3
-74.04 40.6989830508 100 0.3
-74.04 40.7016949153 100 0.3
-74.04 40.7044067797 100 0.3
-74.04 40.7071186441 100 0.3
-74.04 40.7098305085 100 0.3
-74.04 40.7125423729 100 0.3
-74.04 40.7152542373 100 0.3
-74.04 40.7179661017 100 0.3
-74.04 40.7206779661 100 0.3
-74.04 40.7233898305 100 0.3
-74.04 40.7261016949 100 0.3
-74.04 40.7288135593 100 0.3
-74.04 40.7315254237 100 0.3
-74.04 40.7342372881 100 0.3
-74.04 40.7369491525 100 0.3
-74.04 40.7396610169 100 0.3
-74.04 40.7423728814 100 0.3
-74.04 40.7450847458 100 0.3
-74.04 40.7477966102 100 0.3
-74.04 40.7505084746 100 0.3
-74.04 40.753220339 100 0.3
-74.04 40.7559322034 100 0.3
-74.04 40.7586440678 100 0.3
-74.04 40.7613559322 100 0.3
-74.04 40.7640677966 100 0.3
-74.04 40.766779661 100 0.3
-74.04 40.7694915254 100 0.3
-74.04 40.7722033898 100 0.3
-74.04 40.7749152542 100 0.3
-74.04 40.7776271186 100 0.3
-74.04 40.7803389831 100 0.3
-74.04 40.7830508475 100 0.3
-74.04 40.7857627119 100 0.3
-74.04 40.7884745763 100 0.3
-74.04 40.7911864407 100 0.3
-74.04 40.7938983051 100 0.3
-74.04 40.7966101695 100 0.3
-74.04 40.7993220339 100 0.3
-74.04 40.8020338983 100 0.3
-74.04 40.8047457627 100 0.3
-74.04 40.8074576271 100 0.3
-74.04 40.8101694915 100 0.3
-74.04 40.8128813559 100 0.3
-74.04 40.8155932203 100 0.3
-74.04 40.8183050847 100 0.3
-74.04 40.8210169492 100 0.3
-74.04 40.8237288136 100 0.3
-74.04 40.826440678 100 0.3
-74.04 40.8291525424 100 0.3
-74.04 40.8318644068 100 0.3
-74.04 40.8345762712 100 0.3
-74.04 40.8372881356 100 0.3
-74.04 40.84 100 0.3
-74.0364705882 40.68 100 0.3
-74.0364705882 40.6827118644 100 0.3
-74.0364705882 40.6854237288 100 0.3
-74.0364705882 40.6881355932 100 0.3
-74.0364705882 40.6908474576 100 0.3
-74.0364705882 40.693559322 100 0.3
-74.0364705882 40.6962711864 100 0.3
-74.0364705882 40.6989830508 100 0.3
-74.0364705882 40.7016949153 100 0.3
-74.0364705882 40.7044067797 100 0.3
-74.0364705882 40.7071186441 100 0.3
-74.0364705882 40.7098305085 100 0.3
-74.0364705882 40.7125423729 100 0.3
-74.0364705882 40.7152542373 100 0.3
-74.0364705882 40.7179661017 100 0.3
-74.0364705882 40.7206779661 100 0.3
-74.0364705882 40.7233898305 100 0.3
-74.0364705882 40.7261016949 100 0.3
-74.0364705882 40.7288135593 100 0.3
-74.0364705882 40.7315254237 100 0.3
-74.0364705882 40.7342372881 100 0.3
-74.0364705882 40.7369491525 100 0.3
-74.0364705882 40.7396610169 100 0.3
-74.0364705882 40.7423728814 100 0.3
-74.0364705882 40.7450847458 100 0.3
-74.0364705882 40.7477966102 100 0.3
-74.0364705882 40.7505084746 100 0.3
-74.0364705882 40.753220339 100 0.3
-74.0364705882 40.7559322034 100 0.3
-74.0364705882 40.7586440678 100 0.3
-74.0364705882 40.7613559322 100 0.3
-74.0364705882 40.7640677966 100 0.3
-74.0364705882 40.766779661 100 0.3
-74.0364705882 40.7694915254 100 0.3
-74.0364705882 40.7722033898 100 0.3
-74.0364705882 40.7749152542 100 0.3
-74.0364705882 40.7776271186 100 0.3
-74.0364705882 40.7803389831 100 0.3
-74.0364705882 40.7830508475 100 0.3
-74.0364705882 40.7857627119 100 0.3
-74.0364705882 40.7884745763 100 0.3
-74.0364705882 40.7911864407 100 0.3
-74.0364705882 40.7938983051 100 0.3
-74.0364705882 40.7966101695 100 0.3
-74.0364705882 40.7993220339 100 0.3
-74.0364705882 40.8020338983 100 0.3
-74.0364705882 40.8047457627 100 0.3
-74.0364705882 40.8074576271 100 0.3
-74.0364705882 40.8101694915 100 0.3
-74.0364705882 40.8128813559 100 0.3
-74.0364705882 40.8155932203 100 0.3
-74.0364705882 40.8183050847 100 0.3
-74.0364705882 40.8210169492 100 0.3
-74.0364705882 40.8237288136 100 0.3
-74.0364705882 40.826440678 100 0.3
-74.0364705882 40.8291525424 100 0.3
-74.0364705882 40.8318644068 100 0.3
-74.0364705882 40.8345762712 100 0.3
-74.0364705882 40.8372881356 100 0.3
-74.0364705882 40.84 100 0.3
-74.0329411765 40.68 100 0.3
-74.0329411765 40.6827118644 100 0.3
-74.0329411765 40.6854237288 100 0.3
-74.0329411765 40.6881355932 100 0.3
-74.0329411765 40.6908474576 100 0.3
-74.0329411765 40.693559322 100 0.3
-74.0329411765 40.6962711864 100 0.3
-74.0329411765 40.6989830508 100 0.3
-74.0329411765 40.7016949153 100 0.3
-74.0329411765 40.7044067797 100 0.3
-74.0329411765 40.7071186441 100 0.3
-74.0329411765 40.7098305085 100 0.3
-74.0329411765 40.7125423729 100 0.3
-74.0329411765 40.7152542373 100 0.3
-74.0329411765 40.7179661017 100 0.3
-74.0329411765 40.7206779661 100 0.3
-74.0329411765 40.7233898305 100 0.3
-74.0329411765 40.7261016949 100 0.3
-74.0329411765 40.7288135593 100 0.3
-74.0329411765 40.7315254237 100 0.3
-74.0329411765 40.7342372881 100 0.3
-74.0329411765 40.7369491525 100 0.3
-74.0329411765 40.7396610169 100 0.3
-74.0329411765 40.7423728814 100 0.3
-74.0329411765 40.7450847458 100 0.3
-74.0329411765 40.7477966102 100 0.3
-74.0329411765 40.7505084746 100 0.3
-74.0329411765 40.753220339 100 0.3
-74.0329411765 40.7559322034 100 0.3
-74.0329411765 40.7586440678 100 0.3
-74.0329411765 40.7613559322 100 0.3
-74.0329411765 40.7640677966 100 0.3
-74.0329411765 40.766779661 100 0.3
-74.0329411765 40.7694915254 100 0.3
-74.0329411765 40.7722033898 100 0.3
-74.0329411765 40.7749152542 100 0.3
-74.0329411765 40.7776271186 100 0.3
-74.0329411765 40.7803389831 100 0.3
-74.0329411765 40.7830508475 100 0.3
-74.0329411765 40.7857627119 100 0.3
-74.0329411765 40.7884745763 100 0.3
-74.0329411765 40.7911864407 100 0.3
-74.0329411765 40.7938983051 100 0.3
-74.0329411765 40.7966101695 100 0.3
-74.0329411765 40.7993220339 100 0.3
-74.0329411765 40.8020338983 100 0.3
-74.0329411765 40.8047457627 100 0.3
-74.0329411765 40.8074576271 100 0.3
-74.0329411765 40.8101694915 100 0.3
-74.0329411765 40.8128813559 100 0.3
-74.0329411765 40.8155932203 100 0.3
-74.0329411765 40.8183050847 100 0.3
-74.0329411765 40.8210169492 100 0.3
-74.0329411765 40.8237288136 100 0.3
-74.0329411765 40.826440678 100 0.3
-74.0329411765 40.8291525424 100 0.3
-74.0329411765 40.8318644068 100 0.3
-74.0329411765 40.8345762712 100 0.3
-74.0329411765 40.8372881356 100 0.3
-74.0329411765 40.84 100 0.3
-74.0294117647 40.68 100 0.3
-74.0294117647 40.6827118644 100 0.3
-74.0294117647 40.6854237288 100 0.3
-74.0294117647 40.6881355932 100 0.3
-74.0294117647 40.6908474576 100 0.3
-74.0294117647 40.693559322 100 0.3
-74.0294117647 40.6962711864 100 0.3
-74.0294117647 40.6989830508 100 0.3
-74.0294117647 40.7016949153 100 0.3
-74.0294117647 40.7044067797 100 0.3
-74.0294117647 40.7071186441 100 0.3
-74.0294117647 40.7098305085 100 0.3
-74.0294117647 40.7125423729 100 0.3
-74.0294117647 40.7152542373 100 0.3
-74.0294117647 40.7179661017 100 0.3
-74.0294117647 40.7206779661 100 0.3
-74.0294117647 40.7233898305 100 0.3
-74.0294117647 40.7261016949 100 0.3
-74.0294117647 40.7288135593 100 0.3
-74.0294117647 40.7315254237 100 0.3
-74.0294117647 40.7342372881 100 0.3
-74.0294117647 40.7369491525 100 0.3
-74.0294117647 40.7396610169 100 0.3
-74.0294117647 40.7423728814 100 0.3
-74.0294117647 40.7450847458 100 0.3
-74.0294117647 40.7477966102 100 0.3
-74.0294117647 40.7505084746 100 0.3
-74.0294117647 40.753220339 100 0.3
-74.0294117647 40.7559322034 100 0.3
-74.0294117647 40.7586440678 100 0.3
-74.0294117647 40.7613559322 100 0.3
-74.0294117647 40.7640677966 100 0.3
-74.0294117647 40.766779661 100 0.3
-74.0294117647 40.7694915254 100 0.3
-74.0294117647 40.7722033898 100 0.3
-74.0294117647 40.7749152542 100 0.3
-74.0294117647 40.7776271186 100 0.3
-74.0294117647 40.7803389831 100 0.3
-74.0294117647 40.7830508475 100 0.3
-74.0294117647 40.7857627119 100 0.3
-74.0294117647 40.7884745763 100 0.3
-74.0294117647 40.7911864407 100 0.3
-74.0294117647 40.7938983051 100 0.3
-74.0294117647 40.7966101695 100 0.3
-74.0294117647 40.7993220339 100 0.3
-74.0294117647 40.8020338983 100 0.3
-74.0294117647 40.8047457627 100 0.3
-74.0294117647 40.8074576271 100 0.3
-74.0294117647 40.8101694915 100 0.3
-74.0294117647 40.8128813559 100 0.3
-74.0294117647 40.8155932203 100 0.3
-74.0294117647 40.8183050847 100 0.3
-74.0294117647 40.8210169492 100 0.3
-74.0294117647 40.8237288136 100 0.3
-74.0294117647 40.826440678 100 0.3
-74.0294117647 40.8291525424 100 0.3
-74.0294117647 40.8318644068 100 0.3
-74.0294117647 40.8345762712 100 0.3
-74.0294117647 40.8372881356 100 0.3
-74.0294117647 40.84 100 0.3
-74.0258823529 40.68 100 0.3
-74.0258823529 40.6827118644 100 0.3
-74.0258823529 40.6854237288 100 0.3
-74.0258823529 40.6881355932 100 0.3
-74.0258823529 40.6908474576 100 0.3
-74.0258823529 40.693559322 100 0.3
-74.0258823529 40.6962711864 100 0.3
-74.0258823529 40.6989830508 100 0.3
-74.0258823529 40.7016949153 100 0.3
-74.0258823529 40.7044067797 100 0.3
-74.0258823529 40.7071186441 100 0.3
-74.0258823529 40.7098305085 100 0.3
-74.0258823529 40.7125423729 100 0.3
-74.0258823529 40.7152542373 100 0.3
-74.0258823529 40.7179661017 100 0.3
-74.0258823529 40.7206779661 100 0.3
-74.0258823529 40.7233898305 100 0.3
-74.0258823529 40.7261016949 100 0.3
-74.0258823529 40.7288135593 100 0.3
-74.0258823529 40.7315254237 100 0.3
-74.0258823529 40.7342372881 100 0.3
-74.0258823529 40.7369491525 100 0.3
-74.0258823529 40.7396610169 100 0.3
-74.0258823529 40.7423728814 100 0.3
-74.0258823529 40.7450847458 100 0.3
-74.0258823529 40.7477966102 100 0.3
-74.0258823529 40.7505084746 100 0.3
-74.0258823529 40.753220339 100 0.3
-74.0258823529 40.7559322034 100 0.3
-74.0258823529 40.7586440678 100 0.3
-74.0258823529 40.7613559322 100 0.3
-74.0258823529 40.7640677966 100 0.3
-74.0258823529 40.766779661 100 0.3
-74.0258823529 40.7694915254 100 0.3
-74.0258823529 40.7722033898 100 0.3
-74.0258823529 40.7749152542 100 0.3
-74.0258823529 40.7776271186 100 0.3
-74.0258823529 40.7803389831 100 0.3
-74.0258823529 40.7830508475 100 0.3
-74.0258823529 40.7857627119 100 0.3
-74.0258823529 40.7884745763 100 0.3
-74.0258823529 40.7911864407 100 0.3
-74.0258823529 40.7938983051 100 0.3
-74.0258823529 40.7966101695 100 0.3
-74.0258823529 40.7993220339 100 0.3
-74.0258823529 40.8020338983 100 0.3
-74.0258823529 40.8047457627 100 0.3
-74.0258823529 40.8074576271 100 0.3
-74.0258823529 40.8101694915 100 0.3
-74.0258823529 40.8128813559 100 0.3
-74.0258823529 40.8155932203 100 0.3
-74.0258823529 40.8183050847 100 0.3
-74.0258823529 40.8210169492 100 0.3
-74.0258823529 40.8237288136 100 0.3
-74.0258823529 40.826440678 100 0.3
-74.0258823529 40.8291525424 100 0.3
-74.0258823529 40.8318644068 100 0.3
-74.0258823529 40.8345762712 100 0.3
-74.0258823529 40.8372881356 100 0.3
-74.0258823529 40.84 100 0.3
-74.0223529412 40.68 100 0.3
-74.0223529412 40.6827118644 100 0.3
-74.0223529412 40.6854237288 100 0.3
-74.0223529412 40.6881355932 100 0.3
-74.0223529412 40.6908474576 100 0.3
-74.0223529412 40.693559322 100 0.3
-74.0223529412 40.6962711864 100 0.3
-74.0223529412 40.6989830508 100 0.3
-74.0223529412 40.7016949153 100 0.3
-74.0223529412 40.7044067797 100 0.3
-74.0223529412 40.7071186441 100 0.3
-74.0223529412 40.7098305085 100 0.3
-74.0223529412 40.7125423729 100 0.3
-74.0223529412 40.7152542373 100 0.3
-74.0223529412 40.7179661017 100 0.3
-74.0223529412 40.7206779661 100 0.3
-74.0223529412 40.7233898305 100 0.3
-74.0223529412 40.7261016949 100 0.3
-74.0223529412 40.7288135593 100 0.3
-74.0223529412 40.7315254237 100 0.3
-74.0223529412 40.7342372881 100 0.3
-74.0223529412 40.7369491525 100 0.3
-74.0223529412 40.7396610169 100 0.3
-74.0223529412 40.7423728814 100 0.3
-74.0223529412 40.7450847458 100 0.3
-74.0223529412 40.7477966102 100 0.3
-74.0223529412 40.7505084746 100 0.3
-74.0223529412 40.753220339 100 0.3
-74.0223529412 40.7559322034 100 0.3
-74.0223529412 40.7586440678 100 0.3
-74.0223529412 40.7613559322 100 0.3
-74.0223529412 40.7640677966 100 0.3
-74.0223529412 40.766779661 100 0.3
-74.0223529412 40.7694915254 100 0.3
-74.0223529412 40.7722033898 100 0.3
-74.0223529412 40.7749152542 100 0.3
-74.0223529412 40.7776271186 100 0.3
-74.0223529412 40.7803389831 100 0.3
-74.0223529412 40.7830508475 100 0.3
-74.0223529412 40.7857627119 100 0.3
-74.0223529412 40.7884745763 100 0.3
-74.0223529412 40.7911864407 100 0.3
-74.0223529412 40.7938983051 100 0.3
-74.0223529412 40.7966101695 100 0.3
-74.0223529412 40.7993220339 100 0.3
-74.0223529412 40.8020338983 100 0.3
-74.0223529412 40.8047457627 100 0.3
-74.0223529412 40.8074576271 100 0.3
-74.0223529412 40.8101694915 100 0.3
-74.0223529412 40.8128813559 100 0.3
-74.0223529412 40.8155932203 100 0.3
-74.0223529412 40.8183050847 100 0.3
-74.0223529412 40.8210169492 100 0.3
-74.0223529412 40.8237288136 100 0.3
-74.0223529412 40.826440678 100 0.3
-74.0223529412 40.8291525424 100 0.3
-74.0223529412 40.8318644068 100 0.3
-74.0223529412 40.8345762712 100 0.3
-74.0223529412 40.8372881356 100 0.3
-74.0223529412 40.84 100 0.3
-74.0188235294 40.68 100 0.3
-74.0188235294 40.6827118644 100 0.3
-74.0188235294 40.6854237288 100 0.3
-74.0188235294 40.6881355932 100 0.3
-74.0188235294 40.6908474576 100 0.3
-74.0188235294 40.693559322 100 0.3
-74.0188235294 40.6962711864 100 0.3
-74.0188235294 40.6989830508 100 0.3
-74.0188235294 40.7016949153 100 0.3
-74.0188235294 40.7044067797 100 0.3
-74.0188235294 40.7071186441 100 0.3
-74.0188235294 40.7098305085 100 0.3
-74.0188235294 40.7125423729 100 0.3
-74.0188235294 40.7152542373 100 0.3
-74.0188235294 40.7179661017 100 0.3
-74.0188235294 40.7206779661 100 0.3
-74.0188235294 40.7233898305 100 0.3
-74.0188235294 40.7261016949 100 0.3
-74.0188235294 40.7288135593 100 0.3
-74.0188235294 40.7315254237 100 0.3
-74.0188235294 40.7342372881 100 0.3
-74.0188235294 40.7369491525 100 0.3
-74.0188235294 40.7396610169 100 0.3
-74.0188235294 40.7423728814 100 0.3
-74.0188235294 40.7450847458 100 0.3
-74.0188235294 40.7477966102 100 0.3
-74.0188235294 40.7505084746 100 0.3
-74.0188235294 40.753220339 100 0.3
-74.0188235294 40.7559322034 100 0.3
-74.0188235294 40.7586440678 100 0.3
-74.0188235294 40.7613559322 100 0.3
-74.0188235294 40.7640677966 100 0.3
-74.0188235294 40.766779661 100 0.3
-74.0188235294 40.7694915254 100 0.3
-74.0188235294 40.7722033898 100 0.3
-74.0188235294 40.7749152542 100 0.3
-74.0188235294 40.7776271186 100 0.3
-74.0188235294 40.7803389831 100 0.3
-74.0188235294 40.7830508475 100 0.3
-74.0188235294 40.7857627119 100 0.3
-74.0188235294 40.7884745763 100 0.3
-74.0188235294 40.7911864407 100 0.3
-74.0188235294 40.7938983051 100 0.3
-74.0188235294 40.7966101695 100 0.3
-74.0188235294 40.7993220339 100 0.3
-74.0188235294 40.8020338983 100 0.3
-74.0188235294 40.8047457627 100 0.3
-74.0188235294 40.8074576271 100 0.3
-74.0188235294 40.8101694915 100 0.3
-74.0188235294 40.8128813559 100 0.3
-74.0188235294 40.8155932203 100 0.3
-74.0188235294 40.8183050847 100 0.3
-74.0188235294 40.8210169492 100 0.3
-74.0188235294 40.8237288136 100 0.3
-74.0188235294 40.826440678 100 0.3
-74.0188235294 40.8291525424 100 0.3
-74.0188235294 40.8318644068 100 0.3
-74.0188235294 40.8345762712 100 0.3
-74.0188235294 40.8372881356 100 0.3
-74.0188235294 40.84 100 0.3
-74.0152941176 40.68 100 0.3
-74.0152941176 40.6827118644 100 0.3
-74.0152941176 40.6854237288 100 0.3
-74.0152941176 40.6881355932 100 0.3
-74.0152941176 40.6908474576 100 0.3
-74.0152941176 40.693559322 100 0.3
-74.0152941176 40.6962711864 100 0.3
-74.0152941176 40.6989830508 100 0.3
-74.0152941176 40.7016949153 100 0.3
-74.0152941176 40.7044067797 100 0.3
-74.0152941176 40.7071186441 100 0.3
-74.0152941176 40.7098305085 100 0.3
-74.0152941176 40.7125423729 100 0.3
-74.0152941176 40.7152542373 100 0.3
-74.0152941176 40.7179661017 100 0.3
-74.0152941176 40.7206779661 100 0.3
-74.0152941176 40.7233898305 100 0.3
-74.0152941176 40.7261016949 100 0.3
-74.0152941176 40.7288135593 100 0.3
-74.0152941176 40.7315254237 100 0.3
-74.0152941176 40.7342372881 100 0.3
-74.0152941176 40.7369491525 100 0.3
-74.0152941176 40.7396610169 100 0.3
-74.0152941176 40.7423728814 100 0.3
-74.0152941176 40.7450847458 100 0.3
-74.0152941176 40.7477966102 100 0.3
-74.0152941176 40.7505084746 100 0.3
-74.0152941176 40.753220339 100 0.3
-74.0152941176 40.7559322034 100 0.3
-74.0152941176 40.7586440678 100 0.3
-74.0152941176 40.7613559322 100 0.3
-74.0152941176 40.7640677966 100 0.3
-74.0152941176 40.766779661 100 0.3
-74.0152941176 40.7694915254 100 0.3
-74.0152941176 40.7722033898 100 0.3
-74.0152941176 40.7749152542 100 0.3
-74.0152941176 40.7776271186 100 0.3
-74.0152941176 40.7803389831 100 0.3
-74.0152941176 40.7830508475 100 0.3
-74.0152941176 40.7857627119 100 0.3
-74.0152941176 40.7884745763 100 0.3
-74.0152941176 40.7911864407 100 0.3
-74.0152941176 40.7938983051 100 0.3
-74.0152941176 40.7966101695 100 0.3
-74.0152941176 40.7993220339 100 0.3
-74.0152941176 40.8020338983 100 0.3
-74.0152941176 40.8047457627 100 0.3
-74.0152941176 40.8074576271 100 0.3
-74.0152941176 40.8101694915 100 0.3
-74.0152941176 40.8128813559 100 0.3
-74.0152941176 40.8155932203 100 0.3
-74.0152941176 40.8183050847 100 0.3
-74.0152941176 40.8210169492 100 0.3
-74.0152941176 40.8237288136 100 0.3
-74.0152941176 40.826440678 100 0.3
-74.0152941176 40.8291525424 100 0.3
-74.0152941176 40.8318644068 100 0.3
-74.0152941176 40.8345762712 100 0.3
-74.0152941176 40.8372881356 100 0.3
-74.0152941176 40.84 100 0.3
-74.0117647059 40.68 100 0.3
-74.0117647059 40.6827118644 100 0.3
-74.0117647059 40.6854237288 100 0.3
-74.0117647059 40.6881355932 100 0.3
-74.0117647059 40.6908474576 100 0.3
-74.0117647059 40.693559322 100 0.3
-74.0117647059 40.6962711864 100 0.3
-74.0117647059 40.6989830508 100 0.3
-74.0117647059 40.7016949153 100 0.3
-74.0117647059 40.7044067797 100 0.3
-74.0117647059 40.7071186441 100 0.3
-74.0117647059 40.7098305085 100 0.3
-74.0117647059 40.7125423729 100 0.3
-74.0117647059 40.7152542373 100 0.3
-74.0117647059 40.7179661017 100 0.3
-74.0117647059 40.7206779661 100 0.3
-74.0117647059 40.7233898305 100 0.3
-74.0117647059 40.7261016949 100 0.3
-74.0117647059 40.7288135593 100 0.3
-74.0117647059 40.7315254237 100 0.3
-74.0117647059 40.7342372881 100 0.3
-74.0117647059 40.7369491525 100 0.3
-74.0117647059 40.7396610169 100 0.3
-74.0117647059 40.7423728814 100 0.3
-74.0117647059 40.7450847458 100 0.3
-74.0117647059 40.7477966102 100 0.3
-74.0117647059 40.7505084746 100 0.3
-74.0117647059 40.753220339 100 0.3
-74.0117647059 40.7559322034 100 0.3
-74.0117647059 40.7586440678 100 0.3
-74.0117647059 40.7613559322 100 0.3
-74.0117647059 40.7640677966 100 0.3
-74.0117647059 40.766779661 100 0.3
-74.0117647059 40.7694915254 100 0.3
-74.0117647059 40.7722033898 100 0.3
-74.0117647059 40.7749152542 100 0.3
-74.0117647059 40.7776271186 100 0.3
-74.0117647059 40.7803389831 100 0.3
-74.0117647059 40.7830508475 100 0.3
-74.0117647059 40.7857627119 100 0.3
-74.0117647059 40.7884745763 100 0.3
-74.0117647059 40.7911864407 100 0.3
-74.0117647059 40.7938983051 100 0.3
-74.0117647059 40.7966101695 100 0.3
-74.0117647059 40.7993220339 100 0.3
-74.0117647059 40.8020338983 100 0.3
-74.0117647059 40.8047457627 100 0.3
-74.0117647059 40.8074576271 100 0.3
-74.0117647059 40.8101694915 100 0.3
-74.0117647059 40.8128813559 100 0.3
-74.0117647059 40.8155932203 100 0.3
-74.0117647059 40.8183050847 100 0.3
-74.0117647059 40.8210169492 100 0.3
-74.0117647059 40.8237288136 100 0.3
-74.0117647059 40.826440678 100 0.3
-74.0117647059 40.8291525424 100 0.3
-74.0117647059 40.8318644068 100 0.3
-74.0117647059 40.8345762712 100 0.3
-74.0117647059 40.8372881356 100 0.3
-74.0117647059 40.84 100 0.3
-74.0082352941 40.68 100 0.3
-74.0082352941 40.6827118644 100 0.3
-74.0082352941 40.6854237288 100 0.3
-74.0082352941 40.6881355932 100 0.3
-74.0082352941 40.6908474576 100 0.3
-74.0082352941 40.693559322 100 0.3
-74.0082352941 40.6962711864 100 0.3
-74.0082352941 40.6989830508 100 0.3
-74.0082352941 40.7016949153 100 0.3
-74.0082352941 40.7044067797 100 0.3
-74.0082352941 40.7071186441 100 0.3
-74.0082352941 40.7098305085 100 0.3
-74.0082352941 40.7125423729 100 0.3
-74.0082352941 40.7152542373 100 0.3
-74.0082352941 40.7179661017 100 0.3
-74.0082352941 40.7206779661 100 0.3
-74.0082352941 40.7233898305 100 0.3
-74.0082352941 40.7261016949 100 0.3
-74.0082352941 40.7288135593 100 0.3
-74.0082352941 40.7315254237 100 0.3
-74.0082352941 40.7342372881 100 0.3
-74.0082352941 40.7369491525 100 0.3
-74.0082352941 40.7396610169 100 0.3
-74.0082352941 40.7423728814 100 0.3
-74.0082352941 40.7450847458 100 0.3
-74.0082352941 40.7477966102 100 0.3
-74.0082352941 40.7505084746 100 0.3
-74.0082352941 40.753220339 100 0.3
-74.0082352941 40.7559322034 100 0.3
-74.0082352941 40.7586440678 100 0.3
-74.0082352941 40.7613559322 100 0.3
-74.0082352941 40.7640677966 100 0.3
-74.0082352941 40.766779661 100 0.3
-74.0082352941 40.7694915254 100 0.3
-74.0082352941 40.7722033898 100 0.3
-74.0082352941 40.7749152542 100 0.3
-74.0082352941 40.7776271186 100 0.3
-74.0082352941 40.7803389831 100 0.3
-74.0082352941 40.7830508475 100 0.3
-74.0082352941 40.7857627119 100 0.3
-74.0082352941 40.7884745763 100 0.3
-74.0082352941 40.7911864407 100 0.3
-74.0082352941 40.7938983051 100 0.3
-74.0082352941 40.7966101695 100 0.3
-74.0082352941 40.7993220339 100 0.3
-74.0082352941 40.8020338983 100 0.3
-74.0082352941 40.8047457627 100 0.3
-74.0082352941 40.8074576271 100 0.3
-74.0082352941 40.8101694915 100 0.3
-74.0082352941 40.8128813559 100 0.3
-74.0082352941 40.8155932203 100 0.3
-74.0082352941 40.8183050847 100 0.3
-74.0082352941 40.8210169492 100 0.3
-74.0082352941 40.8237288136 100 0.3
-74.0082352941 40.826440678 100 0.3
-74.0082352941 40.8291525424 100 0.3
-74.0082352941 40.8318644068 100 0.3
-74.0082352941 40.8345762712 100 0.3
-74.0082352941 40.8372881356 100 0.3
-74.0082352941 40.84 100 0.3
-74.0047058824 40.68 100 0.3
-74.0047058824 40.6827118644 100 0.3
-74.0047058824 40.6854237288 100 0.3
-74.0047058824 40.6881355932 100 0.3
-74.0047058824 40.6908474576 100 0.3
-74.0047058824 40.693559322 100 0.3
-74.0047058824 40.6962711864 100 0.3
-74.0047058824 40.6989830508 100 0.3
-74.0047058824 40.7016949153 100 0.3
-74.0047058824 40.7044067797 100 0.3
-74.0047058824 40.7071186441 100 0.3
-74.0047058824 40.7098305085 100 0.3
-74.0047058824 40.7125423729 100 0.3
-74.0047058824 40.7152542373 100 0.3
-74.0047058824 40.7179661017 100 0.3
-74.0047058824 40.7206779661 100 0.3
-74.0047058824 40.7233898305 100 0.3
-74.0047058824 40.7261016949 100 0.3
-74.0047058824 40.7288135593 100 0.3
-74.0047058824 40.7315254237 100 0.3
-74.0047058824 40.7342372881 100 0.3
-74.0047058824 40.7369491525 100 0.3
-74.0047058824 40.7396610169 100 0.3
-74.0047058824 40.7423728814 100 0.3
-74.0047058824 40.7450847458 100 0.3
-74.0047058824 40.7477966102 100 0.3
-74.0047058824 40.7505084746 100 0.3
-74.0047058824 40.753220339 100 0.3
-74.0047058824 40.7559322034 100 0.3
-74.0047058824 40.7586440678 100 0.3
-74.0047058824 40.7613559322 100 0.3
-74.0047058824 40.7640677966 100 0.3
-74.0047058824 40.766779661 100 0.3
-74.0047058824 40.7694915254 100 0.3
-74.0047058824 40.7722033898 100 0.3
-74.0047058824 40.7749152542 100 0.3
-74.0047058824 40.7776271186 100 0.3
-74.0047058824 40.7803389831 100 0.3
-74.0047058824 40.7830508475 100 0.3
-74.0047058824 40.7857627119 100 0.3
-74.0047058824 40.7884745763 100 0.3
-74.0047058824 40.7911864407 100 0.3
-74.0047058824 40.7938983051 100 0.3
-74.0047058824 40.7966101695 100 0.3
-74.0047058824 40.7993220339 100 0.3
-74.0047058824 40.8020338983 100 0.3
-74.0047058824 40.8047457627 100 0.3
-74.0047058824 40.8074576271 100 0.3
-74.0047058824 40.8101694915 100 0.3
-74.0047058824 40.8128813559 100 0.3
-74.0047058824 40.8155932203 100 0.3
-74.0047058824 40.8183050847 100 0.3
-74.0047058824 40.8210169492 100 0.3
-74.0047058824 40.8237288136 100 0.3
-74.0047058824 40.826440678 100 0.3
-74.0047058824 40.8291525424 100 0.3
-74.0047058824 40.8318644068 100 0.3
-74.0047058824 40.8345762712 100 0.3
-74.0047058824 40.8372881356 100 0.3
-74.0047058824 40.84 100 0.3
-74.0011764706 40.68 100 0.3
-74.0011764706 40.6827118644 100 0.3
-74.0011764706 40.6854237288 100 0.3
-74.0011764706 40.6881355932 100 0.3
-74.0011764706 40.6908474576 100 0.3
-74.0011764706 40.693559322 100 0.3
-74.0011764706 40.6962711864 100 0.3
-74.0011764706 40.6989830508 100 0.3
-74.0011764706 40.7016949153 100 0.3
-74.0011764706 40.7044067797 100 0.3
-74.0011764706 40.7071186441 100 0.3
-74.0011764706 40.7098305085 100 0.3
-74.0011764706 40.7125423729 100 0.3
-74.0011764706 40.7152542373 100 0.3
-74.0011764706 40.7179661017 100 0.3
-74.0011764706 40.7206779661 100 0.3
-74.0011764706 40.7233898305 100 0.3
-74.0011764706 40.7261016949 100 0.3
-74.0011764706 40.7288135593 100 0.3
-74.0011764706 40.7315254237 100 0.3
-74.0011764706 40.7342372881 100 0.3
-74.0011764706 40.7369491525 100 0.3
-74.0011764706 40.7396610169 100 0.3
-74.0011764706 40.7423728814 100 0.3
-74.0011764706 40.7450847458 100 0.3
-74.0011764706 40.7477966102 100 0.3
-74.0011764706 40.7505084746 100 0.3
-74.0011764706 40.753220339 100 0.3
-74.0011764706 40.7559322034 100 0.3
-74.0011764706 40.7586440678 100 0.3
-74.0011764706 40.7613559322 100 0.3
-74.0011764706 40.7640677966 100 0.3
-74.0011764706 40.766779661 100 0.3
-74.0011764706 40.7694915254 100 0.3
-74.0011764706 40.7722033898 100 0.3
-74.0011764706 40.7749152542 100 0.3
-74.0011764706 40.7776271186 100 0.3
-74.0011764706 40.7803389831 100 0.3
-74.0011764706 40.7830508475 100 0.3
-74.0011764706 40.7857627119 100 0.3
-74.0011764706 40.7884745763 100 0.3
-74.0011764706 40.7911864407 100 0.3
-74.0011764706 40.7938983051 100 0.3
-74.0011764706 40.7966101695 100 0.3
-74.0011764706 40.7993220339 100 0.3
-74.0011764706 40.8020338983 100 0.3
-74.0011764706 40.8047457627 100 0.3
-74.0011764706 40.8074576271 100 0.3
-74.0011764706 40.8101694915 100 0.3
-74.0011764706 40.8128813559 100 0.3
-74.0011764706 40.8155932203 100 0.3
-74.0011764706 40.8183050847 100 0.3
-74.0011764706 40.8210169492 100 0.3
-74.0011764706 40.8237288136 100 0.3
-74.0011764706 40.826440678 100 0.3
-74.0011764706 40.8291525424 100 0.3
-74.0011764706 40.8318644068 100 0.3
-74.0011764706 40.8345762712 100 0.3
-74.0011764706 40.8372881356 100 0.3
-74.0011764706 40.84 100 0.3
-73.9976470588 40.68 100 0.3
-73.9976470588 40.6827118644 100 0.3
-73.9976470588 40.6854237288 100 0.3
-73.9976470588 40.6881355932 100 0.3
-73.9976470588 40.6908474576 100 0.3
-73.9976470588 40.693559322 100 0.3
-73.9976470588 40.6962711864 100 0.3
-73.9976470588 40.6989830508 100 0.3
-73.9976470588 40.7016949153 100 0.3
-73.9976470588 40.7044067797 100 0.3
-73.9976470588 40.7071186441 100 0.3
-73.9976470588 40.7098305085 100 0.3
-73.9976470588 40.7125423729 100 0.3
-73.9976470588 40.7152542373 100 0.3
-73.9976470588 40.7179661017 100 0.3
-73.9976470588 40.7206779661 100 0.3
-73.9976470588 40.7233898305 100 0.3
-73.9976470588 40.7261016949 100 0.3
-73.9976470588 40.7288135593 100 0.3
-73.9976470588 40.7315254237 100 0.3
-73.9976470588 40.7342372881 100 0.3
-73.9976470588 40.7369491525 100 0.3
-73.9976470588 40.7396610169 100 0.3
-73.9976470588 40.7423728814 100 0.3
-73.9976470588 40.7450847458 100 0.3
-73.9976470588 40.7477966102 100 0.3
-73.9976470588 40.7505084746 100 0.3
-73.9976470588 40.753220339 100 0.3
-73.9976470588 40.7559322034 100 0.3
-73.9976470588 40.7586440678 100 0.3
-73.9976470588 40.7613559322 100 0.3
-73.9976470588 40.7640677966 100 0.3
-73.9976470588 40.766779661 100 0.3
-73.9976470588 40.7694915254 100 0.3
-73.9976470588 40.7722033898 100 0.3
-73.9976470588 40.7749152542 100 0.3
-73.9976470588 40.7776271186 100 0.3
-73.9976470588 40.7803389831 100 0.3
-73.9976470588 40.7830508475 100 0.3
-73.9976470588 40.7857627119 100 0.3
-73.9976470588 40.7884745763 100 0.3
-73.9976470588 40.7911864407 100 0.3
-73.9976470588 40.7938983051 100 0.3
-73.9976470588 40.7966101695 100 0.3
-73.9976470588 40.7993220339 100 0.3
-73.9976470588 40.8020338983 100 0.3
-73.9976470588 40.8047457627 100 0.3
-73.9976470588 40.8074576271 100 0.3
-73.9976470588 40.8101694915 100 0.3
-73.9976470588 40.8128813559 100 0.3
-73.9976470588 40.8155932203 100 0.3
-73.9976470588 40.8183050847 100 0.3
-73.9976470588 40.8210169492 100 0.3
-73.9976470588 40.8237288136 100 0.3
-73.9976470588 40.826440678 100 0.3
-73.9976470588 40.8291525424 100 0.3
-73.9976470588 40.8318644068 100 0.3
-73.9976470588 40.8345762712 100 0.3
-73.9976470588 40.8372881356 100 0.3
-73.9976470588 40.84 100 0.3
-73.9941176471 40.68 100 0.3
-73.9941176471 40.6827118644 100 0.3
-73.9941176471 40.6854237288 100 0.3
-73.9941176471 40.6881355932 100 0.3
-73.9941176471 40.6908474576 100 0.3
-73.9941176471 40.693559322 100 0.3
-73.9941176471 40.6962711864 100 0.3
-73.9941176471 40.6989830508 100 0.3
-73.9941176471 40.7016949153 100 0.3
-73.9941176471 40.7044067797 100 0.3
-73.9941176471 40.7071186441 100 0.3
-73.9941176471 40.7098305085 100 0.3
-73.9941176471 40.7125423729 100 0.3
-73.9941176471 40.7152542373 100 0.3
-73.9941176471 40.7179661017 100 0.3
-73.9941176471 40.7206779661 100 0.3
-73.9941176471 40.7233898305 100 0.3
-73.9941176471 40.7261016949 100 0.3
-73.9941176471 40.7288135593 100 0.3
-73.9941176471 40.7315254237 100 0.3
-73.9941176471 40.7342372881 100 0.3
-73.9941176471 40.7369491525 100 0.3
-73.9941176471 40.7396610169 100 0.3
-73.9941176471 40.7423728814 100 0.3
-73.9941176471 40.7450847458 100 0.3
-73.9941176471 40.7477966102 100 0.3
-73.9941176471 40.7505084746 100 0.3
-73.9941176471 40.753220339 100 0.3
-73.9941176471 40.7559322034 100 0.3
-73.9941176471 40.7586440678 100 0.3
-73.9941176471 40.7613559322 100 0.3
-73.9941176471 40.7640677966 100 0.3
-73.9941176471 40.766779661 100 0.3
-73.9941176471 40.7694915254 100 0.3
-73.9941176471 40.7722033898 100 0.3
-73.9941176471 40.7749152542 100 0.3
-73.9941176471 40.7776271186 100 0.3
-73.9941176471 40.7803389831 100 0.3
-73.9941176471 40.7830508475 100 0.3
-73.9941176471 40.7857627119 100 0.3
-73.9941176471 40.7884745763 100 0.3
-73.9941176471 40.7911864407 100 0.3
-73.9941176471 40.7938983051 100 0.3
-73.9941176471 40.7966101695 100 0.3
-73.9941176471 40.7993220339 100 0.3
-73.9941176471 40.8020338983 100 0.3
-73.9941176471 40.8047457627 100 0.3
-73.9941176471 40.8074576271 100 0.3
-73.9941176471 40.8101694915 100 0.3
-73.9941176471 40.8128813559 100 0.3
-73.9941176471 40.8155932203 100 0.3
-73.9941176471 40.8183050847 100 0.3
-73.9941176471 40.8210169492 100 0.3
-73.9941176471 40.8237288136 100 0.3
-73.9941176471 40.826440678 100 0.3
-73.9941176471 40.8291525424 100 0.3
-73.9941176471 40.8318644068 100 0.3
-73.9941176471 40.8345762712 100 0.3
-73.9941176471 40.8372881356 100 0.3
-73.9941176471 40.84 100 0.3
-73.9905882353 40.68 100 0.3
-73.9905882353 40.6827118644 100 0.3
-73.9905882353 40.6854237288 100 0.3
-73.9905882353 40.6881355932 100 0.3
-73.9905882353 40.6908474576 100 0.3
-73.9905882353 40.693559322 100 0.3
-73.9905882353 40.6962711864 100 0.3
-73.9905882353 40.6989830508 100 0.3
-73.9905882353 40.7016949153 100 0.3
-73.9905882353 40.7044067797 100 0.3
-73.9905882353 40.7071186441 100 0.3
-73.9905882353 40.7098305085 100 0.3
-73.9905882353 40.7125423729 100 0.3
-73.9905882353 40.7152542373 100 0.3
-73.9905882353 40.7179661017 100 0.3
-73.9905882353 40.7206779661 100 0.3
-73.9905882353 40.7233898305 100 0.3
-73.9905882353 40.7261016949 100 0.3
-73.9905882353 40.7288135593 100 0.3
-73.9905882353 40.7315254237 100 0.3
-73.9905882353 40.7342372881 100 0.3
-73.9905882353 40.7369491525 100 0.3
-73.9905882353 40.7396610169 100 0.3
-73.9905882353 40.7423728814 100 0.3
-73.9905882353 40.7450847458 100 0.3
-73.9905882353 40.7477966102 100 0.3
-73.9905882353 40.7505084746 100 0.3
-73.9905882353 40.753220339 100 0.3
-73.9905882353 40.7559322034 100 0.3
-73.9905882353 40.7586440678 100 0.3
-73.9905882353 40.7613559322 100 0.3
-73.9905882353 40.7640677966 100 0.3
-73.9905882353 40.766779661 100 0.3
-73.9905882353 40.7694915254 100 0.3
-73.9905882353 40.7722033898 100 0.3
-73.9905882353 40.7749152542 100 0.3
-73.9905882353 40.7776271186 100 0.3
-73.9905882353 40.7803389831 100 0.3
-73.9905882353 40.7830508475 100 0.3
-73.9905882353 40.7857627119 100 0.3
-73.9905882353 40.7884745763 100 0.3
-73.9905882353 40.7911864407 100 0.3
-73.9905882353 40.7938983051 100 0.3
-73.9905882353 40.7966101695 100 0.3
-73.9905882353 40.7993220339 100 0.3
-73.9905882353 40.8020338983 100 0.3
-73.9905882353 40.8047457627 100 0.3
-73.9905882353 40.8074576271 100 0.3
-73.9905882353 40.8101694915 100 0.3
-73.9905882353 40.8128813559 100 0.3
-73.9905882353 40.8155932203 100 0.3
-73.9905882353 40.8183050847 100 0.3
-73.9905882353 40.8210169492 100 0.3
-73.9905882353 40.8237288136 100 0.3
-73.9905882353 40.826440678 100 0.3
-73.9905882353 40.8291525424 100 0.3
-73.9905882353 40.8318644068 100 0.3
-73.9905882353 40.8345762712 100 0.3
-73.9905882353 40.8372881356 100 0.3
-73.9905882353 40.84 100 0.3
-73.9870588235 40.68 100 0.3
-73.9870588235 40.6827118644 100 0.3
-73.9870588235 40.6854237288 100 0.3
-73.9870588235 40.6881355932 100 0.3
-73.9870588235 40.6908474576 100 0.3
-73.9870588235 40.693559322 100 0.3
-73.9870588235 40.6962711864 100 0.3
-73.9870588235 40.6989830508 100 0.3
-73.9870588235 40.7016949153 100 0.3
-73.9870588235 40.7044067797 100 0.3
-73.9870588235 40.7071186441 100 0.3
-73.9870588235 40.7098305085 100 0.3
-73.9870588235 40.7125423729 100 0.3
-73.9870588235 40.7152542373 100 0.3
-73.9870588235 40.7179661017 100 0.3
-73.9870588235 40.7206779661 100 0.3
-73.9870588235 40.7233898305 100 0.3
-73.9870588235 40.7261016949 100 0.3
-73.9870588235 40.7288135593 100 0.3
-73.9870588235 40.7315254237 100 0.3
-73.9870588235 40.7342372881 100 0.3
-73.9870588235 40.7369491525 100 0.3
-73.9870588235 40.7396610169 100 0.3
-73.9870588235 40.7423728814 100 0.3
-73.9870588235 40.7450847458 100 0.3
-73.9870588235 40.7477966102 100 0.3
-73.9870588235 40.7505084746 100 0.3
-73.9870588235 40.753220339 100 0.3
-73.9870588235 40.7559322034 100 0.3
-73.9870588235 40.7586440678 100 0.3
-73.9870588235 40.7613559322 100 0.3
-73.9870588235 40.7640677966 100 0.3
-73.9870588235 40.766779661 100 0.3
-73.9870588235 40.7694915254 100 0.3
-73.9870588235 40.7722033898 100 0.3
-73.9870588235 40.7749152542 100 0.3
-73.9870588235 40.7776271186 100 0.3
-73.9870588235 40.7803389831 100 0.3
-73.9870588235 40.7830508475 100 0.3
-73.9870588235 40.7857627119 100 0.3
-73.9870588235 40.7884745763 100 0.3
-73.9870588235 40.7911864407 100 0.3
-73.9870588235 40.7938983051 100 0.3
-73.9870588235 40.7966101695 100 0.3
-73.9870588235 40.7993220339 100 0.3
-73.9870588235 40.8020338983 100 0.3
-73.9870588235 40.8047457627 100 0.3
-73.9870588235 40.8074576271 100 0.3
-73.9870588235 40.8101694915 100 0.3
-73.9870588235 40.8128813559 100 0.3
-73.9870588235 40.8155932203 100 0.3
-73.9870588235 40.8183050847 100 0.3
-73.9870588235 40.8210169492 100 0.3
-73.9870588235 40.8237288136 100 0.3
-73.9870588235 40.826440678 100 0.3
-73.9870588235 40.8291525424 100 0.3
-73.9870588235 40.8318644068 100 0.3
-73.9870588235 40.8345762712 100 0.3
-73.9870588235 40.8372881356 100 0.3
-73.9870588235 40.84 100 0.3
-73.9835294118 40.68 100 0.3
-73.9835294118 40.6827118644 100 0.3
-73.9835294118 40.6854237288 100 0.3
-73.9835294118 40.6881355932 100 0.3
-73.9835294118 40.6908474576 100 0.3
-73.9835294118 40.693559322 100 0.3
-73.9835294118 40.6962711864 100 0.3
-73.9835294118 40.6989830508 100 0.3
-73.9835294118 40.7016949153 100 0.3
-73.9835294118 40.7044067797 100 0.3
-73.9835294118 40.7071186441 100 0.3
-73.9835294118 40.7098305085 100 0.3
-73.9835294118 40.7125423729 100 0.3
-73.9835294118 40.7152542373 100 0.3
-73.9835294118 40.7179661017 100 0.3
-73.9835294118 40.7206779661 100 0.3
-73.9835294118 40.7233898305 100 0.3
-73.9835294118 40.7261016949 100 0.3
-73.9835294118 40.7288135593 100 0.3
-73.9835294118 40.7315254237 100 0.3
-73.9835294118 40.7342372881 100 0.3
-73.9835294118 40.7369491525 100 0.3
-73.9835294118 40.7396610169 100 0.3
-73.9835294118 40.7423728814 100 0.3
-73.9835294118 40.7450847458 100 0.3
-73.9835294118 40.7477966102 100 0.3
-73.9835294118 40.7505084746 100 0.3
-73.9835294118 40.753220339 100 0.3
-73.9835294118 40.7559322034 100 0.3
-73.9835294118 40.7586440678 100 0.3
-73.9835294118 40.7613559322 100 0.3
-73.9835294118 40.7640677966 100 0.3
-73.9835294118 40.766779661 100 0.3
-73.9835294118 40.7694915254 100 0.3
-73.9835294118 40.7722033898 100 0.3
-73.9835294118 40.7749152542 100 0.3
-73.9835294118 40.7776271186 100 0.3
-73.9835294118 40.7803389831 100 0.3
-73.9835294118 40.7830508475 100 0.3
-73.9835294118 40.7857627119 100 0.3
-73.9835294118 40.7884745763 100 0.3
-73.9835294118 40.7911864407 100 0.3
-73.9835294118 40.7938983051 100 0.3
-73.9835294118 40.7966101695 100 0.3
-73.9835294118 40.7993220339 100 0.3
-73.9835294118 40.8020338983 100 0.3
-73.9835294118 40.8047457627 100 0.3
-73.9835294118 40.8074576271 100 0.3
-73.9835294118 40.8101694915 100 0.3
-73.9835294118 40.8128813559 100 0.3
-73.9835294118 40.8155932203 100 0.3
-73.9835294118 40.8183050847 100 0.3
-73.9835294118 40.8210169492 100 0.3
-73.9835294118 40.8237288136 100 0.3
-73.9835294118 40.826440678 100 0.3
-73.9835294118 40.8291525424 100 0.3
-73.9835294118 40.8318644068 100 0.3
-73.9835294118 40.8345762712 100 0.3
-73.9835294118 40.8372881356 100 0.3
-73.9835294118 40.84 100 0.3
-73.98 40.68 100 0.3
-73.98 40.6827118644 100 0.3
-73.98 40.6854237288 100 0.3
-73.98 40.6881355932 100 0.3
-73.98 40.6908474576 100 0.3
-73.98 40.693559322 100 0.3
-73.98 40.6962711864 100 0.3
-73.98 40.6989830508 100 0.3
-73.98 40.7016949153 100 0.3
-73.98 40.7044067797 100 0.3
-73.98 40.7071186441 100 0.3
-73.98 40.7098305085 100 0.3
-73.98 40.7125423729 100 0.3
-73.98 40.7152542373 100 0.3
-73.98 40.7179661017 100 0.3
-73.98 40.7206779661 100 0.3
-73.98 40.7233898305 100 0.3
-73.98 40.7261016949 100 0.3
-73.98 40.7288135593 100 0.3
-73.98 40.7315254237 100 0.3
-73.98 40.7342372881 100 0.3
-73.98 40.7369491525 100 0.3
-73.98 40.7396610169 100 0.3
-73.98 40.7423728814 100 0.3
-73.98 40.7450847458 100 0.3
-73.98 40.7477966102 100 0.3
-73.98 40.7505084746 100 0.3
-73.98 40.753220339 100 0.3
-73.98 40.7559322034 100 0.3
-73.98 40.7586440678 100 0.3
-73.98 40.7613559322 100 0.3
-73.98 40.7640677966 100 0.3
-73.98 40.766779661 100 0.3
-73.98 40.7694915254 100 0.3
-73.98 40.7722033898 100 0.3
-73.98 40.7749152542 100 0.3
-73.98 40.7776271186 100 0.3
-73.98 40.7803389831 100 0.3
-73.98 40.7830508475 100 0.3
-73.98 40.7857627119 100 0.3
-73.98 40.7884745763 100 0.3
-73.98 40.7911864407 100 0.3
-73.98 40.7938983051 100 0.3
-73.98 40.7966101695 100 0.3
-73.98 40.7993220339 100 0.3
-73.98 40.8020338983 100 0.3
-73.98 40.8047457627 100 0.3
-73.98 40.8074576271 100 0.3
-73.98 40.8101694915 100 0.3
-73.98 40.8128813559 100 0.3
-73.98 40.8155932203 100 0.3
-73.98 40.8183050847 100 0.3
-73.98 40.8210169492 100 0.3
-73.98 40.8237288136 100 0.3
-73.98 40.826440678 100 0.3
-73.98 40.8291525424 100 0.3
-73.98 40.8318644068 100 0.3
-73.98 40.8345762712 100 0.3
-73.98 40.8372881356 100 0.3
-73.98 40.84 100 0.3
-73.9764705882 40.68 100 0.3
-73.9764705882 40.6827118644 100 0.3
-73.9764705882 40.6854237288 100 0.3
-73.9764705882 40.6881355932 100 0.3
-73.9764705882 40.6908474576 100 0.3
-73.9764705882 40.693559322 100 0.3
-73.9764705882 40.6962711864 100 0.3
-73.9764705882 40.6989830508 100 0.3
-73.9764705882 40.7016949153 100 0.3
-73.9764705882 40.7044067797 100 0.3
-73.9764705882 40.7071186441 100 0.3
-73.9764705882 40.7098305085 100 0.3
-73.9764705882 40.7125423729 100 0.3
-73.9764705882 40.7152542373 100 0.3
-73.9764705882 40.7179661017 100 0.3
-73.9764705882 40.7206779661 100 0.3
-73.9764705882 40.7233898305 100 0.3
-73.9764705882 40.7261016949 100 0.3
-73.9764705882 40.7288135593 100 0.3
-73.9764705882 40.7315254237 100 0.3
-73.9764705882 40.7342372881 100 0.3
-73.9764705882 40.7369491525 100 0.3
-73.9764705882 40.7396610169 100 0.3
-73.9764705882 40.7423728814 100 0.3
-73.9764705882 40.7450847458 100 0.3
-73.9764705882 40.7477966102 100 0.3
-73.9764705882 40.7505084746 100 0.3
-73.9764705882 40.753220339 100 0.3
-73.9764705882 40.7559322034 100 0.3
-73.9764705882 40.7586440678 100 0.3
-73.9764705882 40.7613559322 100 0.3
-73.9764705882 40.7640677966 100 0.3
-73.9764705882 40.766779661 100 0.3
-73.9764705882 40.7694915254 100 0.3
-73.9764705882 40.7722033898 100 0.3
-73.9764705882 40.7749152542 100 0.3
-73.9764705882 40.7776271186 100 0.3
-73.9764705882 40.7803389831 100 0.3
-73.9764705882 40.7830508475 100 0.3
-73.9764705882 40.7857627119 100 0.3
-73.9764705882 40.7884745763 100 0.3
-73.9764705882 40.7911864407 100 0.3
-73.9764705882 40.7938983051 100 0.3
-73.9764705882 40.7966101695 100 0.3
-73.9764705882 40.7993220339 100 0.3
-73.9764705882 40.8020338983 100 0.3
-73.9764705882 40.8047457627 100 0.3
-73.9764705882 40.8074576271 100 0.3
-73.9764705882 40.8101694915 100 0.3
-73.9764705882 40.8128813559 100 0.3
-73.9764705882 40.8155932203 100 0.3
-73.9764705882 40.8183050847 100 0.3
-73.9764705882 40.8210169492 100 0.3
-73.9764705882 40.8237288136 100 0.3
-73.9764705882 40.826440678 100 0.3
-73.9764705882 40.8291525424 100 0.3
-73.9764705882 40.8318644068 100 0.3
-73.9764705882 40.8345762712 100 0.3
-73.9764705882 40.8372881356 100 0.3
-73.9764705882 40.84 100 0.3
-73.9729411765 40.68 100 0.3
-73.9729411765 40.6827118644 100 0.3
-73.9729411765 40.6854237288 100 0.3
-73.9729411765 40.6881355932 100 0.3
-73.9729411765 40.6908474576 100 0.3
-73.9729411765 40.693559322 100 0.3
-73.9729411765 40.6962711864 100 0.3
-73.9729411765 40.6989830508 100 0.3
-73.9729411765 40.7016949153 100 0.3
-73.9729411765 40.7044067797 100 0.3
-73.9729411765 40.7071186441 100 0.3
-73.9729411765 40.7098305085 100 0.3
-73.9729411765 40.7125423729 100 0.3
-73.9729411765 40.7152542373 100 0.3
-73.9729411765 40.7179661017 100 0.3
-73.9729411765 40.7206779661 100 0.3
-73.9729411765 40.7233898305 100 0.3
-73.9729411765 40.7261016949 100 0.3
-73.9729411765 40.7288135593 100 0.3
-73.9729411765 40.7315254237 100 0.3
-73.9729411765 40.7342372881 100 0.3
-73.9729411765 40.7369491525 100 0.3
-73.9729411765 40.7396610169 100 0.3
-73.9729411765 40.7423728814 100 0.3
-73.9729411765 40.7450847458 100 0.3
-73.9729411765 40.7477966102 100 0.3
-73.9729411765 40.7505084746 100 0.3
-73.9729411765 40.753220339 100 0.3
-73.9729411765 40.7559322034 100 0.3
-73.9729411765 40.7586440678 100 0.3
-73.9729411765 40.7613559322 100 0.3
-73.9729411765 40.7640677966 100 0.3
-73.9729411765 40.766779661 100 0.3
-73.9729411765 40.7694915254 100 0.3
-73.9729411765 40.7722033898 100 0.3
-73.9729411765 40.7749152542 100 0.3
-73.9729411765 40.7776271186 100 0.3
-73.9729411765 40.7803389831 100 0.3
-73.9729411765 40.7830508475 100 0.3
-73.9729411765 40.7857627119 100 0.3
-73.9729411765 40.7884745763 100 0.3
-73.9729411765 40.7911864407 100 0.3
-73.9729411765 40.7938983051 100 0.3
-73.9729411765 40.7966101695 100 0.3
-73.9729411765 40.7993220339 100 0.3
-73.9729411765 40.8020338983 100 0.3
-73.9729411765 40.8047457627 100 0.3
-73.9729411765 40.8074576271 100 0.3
-73.9729411765 40.8101694915 100 0.3
-73.9729411765 40.8128813559 100 0.3
-73.9729411765 40.8155932203 100 0.3
-73.9729411765 40.8183050847 100 0.3
-73.9729411765 40.8210169492 100 0.3
-73.9729411765 40.8237288136 100 0.3
-73.9729411765 40.826440678 100 0.3
-73.9729411765 40.8291525424 100 0.3
-73.9729411765 40.8318644068 100 0.3
-73.9729411765 40.8345762712 100 0.3
-73.9729411765 40.8372881356 100 0.3
-73.9729411765 40.84 100 0.3
-73.9694117647 40.68 100 0.3
-73.9694117647 40.6827118644 100 0.3
-73.9694117647 40.6854237288 100 0.3
-73.9694117647 40.6881355932 100 0.3
-73.9694117647 40.6908474576 100 0.3
-73.9694117647 40.693559322 100 0.3
-73.9694117647 40.6962711864 100 0.3
-73.9694117647 40.6989830508 100 0.3
-73.9694117647 40.7016949153 100 0.3
-73.9694117647 40.7044067797 100 0.3
-73.9694117647 40.7071186441 100 0.3
-73.9694117647 40.7098305085 100 0.3
-73.9694117647 40.7125423729 100 0.3
-73.9694117647 40.7152542373 100 0.3
-73.9694117647 40.7179661017 100 0.3
-73.9694117647 40.7206779661 100 0.3
-73.9694117647 40.7233898305 100 0.3
-73.9694117647 40.7261016949 100 0.3
-73.9694117647 40.7288135593 100 0.3
-73.9694117647 40.7315254237 100 0.3
-73.9694117647 40.7342372881 100 0.3
-73.9694117647 40.7369491525 100 0.3
-73.9694117647 40.7396610169 100 0.3
-73.9694117647 40.7423728814 100 0.3
-73.9694117647 40.7450847458 100 0.3
-73.9694117647 40.7477966102 100 0.3
-73.9694117647 40.7505084746 100 0.3
-73.9694117647 40.753220339 100 0.3
-73.9694117647 40.7559322034 100 0.3
-73.9694117647 40.7586440678 100 0.3
-73.9694117647 40.7613559322 100 0.3
-73.9694117647 40.7640677966 100 0.3
-73.9694117647 40.766779661 100 0.3
-73.9694117647 40.7694915254 100 0.3
-73.9694117647 40.7722033898 100 0.3
-73.9694117647 40.7749152542 100 0.3
-73.9694117647 40.7776271186 100 0.3
-73.9694117647 40.7803389831 100 0.3
-73.9694117647 40.7830508475 100 0.3
-73.9694117647 40.7857627119 100 0.3
-73.9694117647 40.7884745763 100 0.3
-73.9694117647 40.7911864407 100 0.3
-73.9694117647 40.7938983051 100 0.3
-73.9694117647 40.7966101695 100 0.3
-73.9694117647 40.7993220339 100 0.3
-73.9694117647 40.8020338983 100 0.3
-73.9694117647 40.8047457627 100 0.3
-73.9694117647 40.8074576271 100 0.3
-73.9694117647 40.8101694915 100 0.3
-73.9694117647 40.8128813559 100 0.3
-73.9694117647 40.8155932203 100 0.3
-73.9694117647 40.8183050847 100 0.3
-73.9694117647 40.8210169492 100 0.3
-73.9694117647 40.8237288136 100 0.3
-73.9694117647 40.826440678 100 0.3
-73.9694117647 40.8291525424 100 0.3
-73.9694117647 40.8318644068 100 0.3
-73.9694117647 40.8345762712 100 0.3
-73.9694117647 40.8372881356 100 0.3
-73.9694117647 40.84 100 0.3
-73.9658823529 40.68 100 0.3
-73.9658823529 40.6827118644 100 0.3
-73.9658823529 40.6854237288 100 0.3
-73.9658823529 40.6881355932 100 0.3
-73.9658823529 40.6908474576 100 0.3
-73.9658823529 40.693559322 100 0.3
-73.9658823529 40.6962711864 100 0.3
-73.9658823529 40.6989830508 100 0.3
-73.9658823529 40.7016949153 100 0.3
-73.9658823529 40.7044067797 100 0.3
-73.9658823529 40.7071186441 100 0.3
-73.9658823529 40.7098305085 100 0.3
-73.9658823529 40.7125423729 100 0.3
-73.9658823529 40.7152542373 100 0.3
-73.9658823529 40.7179661017 100 0.3
-73.9658823529 40.7206779661 100 0.3
-73.9658823529 40.7233898305 100 0.3
-73.9658823529 40.7261016949 100 0.3
-73.9658823529 40.7288135593 100 0.3
-73.9658823529 40.7315254237 100 0.3
-73.9658823529 40.7342372881 100 0.3
-73.9658823529 40.7369491525 100 0.3
-73.9658823529 40.7396610169 100 0.3
-73.9658823529 40.7423728814 100 0.3
-73.9658823529 40.7450847458 100 0.3
-73.9658823529 40.7477966102 100 0.3
-73.9658823529 40.7505084746 100 0.3
-73.9658823529 40.753220339 100 0.3
-73.9658823529 40.7559322034 100 0.3
-73.9658823529 40.7586440678 100 0.3
-73.9658823529 40.7613559322 100 0.3
-73.9658823529 40.7640677966 100 0.3
-73.9658823529 40.766779661 100 0.3
-73.9658823529 40.7694915254 100 0.3
-73.9658823529 40.7722033898 100 0.3
-73.9658823529 40.7749152542 100 0.3
-73.9658823529 40.7776271186 100 0.3
-73.9658823529 40.7803389831 100 0.3
-73.9658823529 40.7830508475 100 0.3
-73.9658823529 40.7857627119 100 0.3
-73.9658823529 40.7884745763 100 0.3
-73.9658823529 40.7911864407 100 0.3
-73.9658823529 40.7938983051 100 0.3
-73.9658823529 40.7966101695 100 0.3
-73.9658823529 40.7993220339 100 0.3
-73.9658823529 40.8020338983 100 0.3
-73.9658823529 40.8047457627 100 0.3
-73.9658823529 40.8074576271 100 0.3
-73.9658823529 40.8101694915 100 0.3
-73.9658823529 40.8128813559 100 0.3
-73.9658823529 40.8155932203 100 0.3
-73.9658823529 40.8183050847 100 0.3
-73.9658823529 40.8210169492 100 0.3
-73.9658823529 40.8237288136 100 0.3
-73.9658823529 40.826440678 100 0.3
-73.9658823529 40.8291525424 100 0.3
-73.9658823529 40.8318644068 100 0.3
-73.9658823529 40.8345762712 100 0.3
-73.9658823529 40.8372881356 100 0.3
-73.9658823529 40.84 100 0.3
-73.9623529412 40.68 100 0.3
-73.9623529412 40.6827118644 100 0.3
-73.9623529412 40.6854237288 100 0.3
-73.9623529412 40.6881355932 100 0.3
-73.9623529412 40.6908474576 100 0.3
-73.9623529412 40.693559322 100 0.3
-73.9623529412 40.6962711864 100 0.3
-73.9623529412 40.6989830508 100 0.3
-73.9623529412 40.7016949153 100 0.3
-73.9623529412 40.7044067797 100 0.3
-73.9623529412 40.7071186441 100 0.3
-73.9623529412 40.7098305085 100 0.3
-73.9623529412 40.7125423729 100 0.3
-73.9623529412 40.7152542373 100 0.3
-73.9623529412 40.7179661017 100 0.3
-73.9623529412 40.7206779661 100 0.3
-73.9623529412 40.7233898305 100 0.3
-73.9623529412 40.7261016949 100 0.3
-73.9623529412 40.7288135593 100 0.3
-73.9623529412 40.7315254237 100 0.3
-73.9623529412 40.7342372881 100 0.3
-73.9623529412 40.7369491525 100 0.3
-73.9623529412 40.7396610169 100 0.3
-73.9623529412 40.7423728814 100 0.3
-73.9623529412 40.7450847458 100 0.3
-73.9623529412 40.7477966102 100 0.3
-73.9623529412 40.7505084746 100 0.3
-73.9623529412 40.753220339 100 0.3
-73.9623529412 40.7559322034 100 0.3
-73.9623529412 40.7586440678 100 0.3
-73.9623529412 40.7613559322 100 0.3
-73.9623529412 40.7640677966 100 0.3
-73.9623529412 40.766779661 100 0.3
-73.9623529412 40.7694915254 100 0.3
-73.9623529412 40.7722033898 100 0.3
-73.9623529412 40.7749152542 100 0.3
-73.9623529412 40.7776271186 100 0.3
-73.9623529412 40.7803389831 100 0.3
-73.9623529412 40.7830508475 100 0.3
-73.9623529412 40.7857627119 100 0.3
-73.9623529412 40.7884745763 100 0.3
-73.9623529412 40.7911864407 100 0.3
-73.9623529412 40.7938983051 100 0.3
-73.9623529412 40.7966101695 100 0.3
-73.9623529412 40.7993220339 100 0.3
-73.9623529412 40.8020338983 100 0.3
-73.9623529412 40.8047457627 100 0.3
-73.9623529412 40.8074576271 100 0.3
-73.9623529412 40.8101694915 100 0.3
-73.9623529412 40.8128813559 100 0.3
-73.9623529412 40.8155932203 100 0.3
-73.9623529412 40.8183050847 100 0.3
-73.9623529412 40.8210169492 100 0.3
-73.9623529412 40.8237288136 100 0.3
-73.9623529412 40.826440678 100 0.3
-73.9623529412 40.8291525424 100 0.3
-73.9623529412 40.8318644068 100 0.3
-73.9623529412 40.8345762712 100 0.3
-73.9623529412 40.8372881356 100 0.3
-73.9623529412 40.84 100 0.3
-73.9588235294 40.68 100 0.3
-73.9588235294 40.6827118644 100 0.3
-73.9588235294 40.6854237288 100 0.3
-73.9588235294 40.6881355932 100 0.3
-73.9588235294 40.6908474576 100 0.3
-73.9588235294 40.693559322 100 0.3
-73.9588235294 40.6962711864 100 0.3
-73.9588235294 40.6989830508 100 0.3
-73.9588235294 40.7016949153 100 0.3
-73.9588235294 40.7044067797 100 0.3
-73.9588235294 40.7071186441 100 0.3
-73.9588235294 40.7098305085 100 0.3
-73.9588235294 40.7125423729 100 0.3
-73.9588235294 40.7152542373 100 0.3
-73.9588235294 40.7179661017 100 0.3
-73.9588235294 40.7206779661 100 0.3
-73.9588235294 40.7233898305 100 0.3
-73.9588235294 40.7261016949 100 0.3
-73.9588235294 40.7288135593 100 0.3
-73.9588235294 40.7315254237 100 0.3
-73.9588235294 40.7342372881 100 0.3
-73.9588235294 40.7369491525 100 0.3
-73.9588235294 40.7396610169 100 0.3
-73.9588235294 40.7423728814 100 0.3
-73.9588235294 40.7450847458 100 0.3
-73.9588235294 40.7477966102 100 0.3
-73.9588235294 40.7505084746 100 0.3
-73.9588235294 40.753220339 100 0.3
-73.9588235294 40.7559322034 100 0.3
-73.9588235294 40.7586440678 100 0.3
-73.9588235294 40.7613559322 100 0.3
-73.9588235294 40.7640677966 100 0.3
-73.9588235294 40.766779661 100 0.3
-73.9588235294 40.7694915254 100 0.3
-73.9588235294 40.7722033898 100 0.3
-73.9588235294 40.7749152542 100 0.3
-73.9588235294 40.7776271186 100 0.3
-73.9588235294 40.7803389831 100 0.3
-73.9588235294 40.7830508475 100 0.3
-73.9588235294 40.7857627119 100 0.3
-73.9588235294 40.7884745763 100 0.3
-73.9588235294 40.7911864407 100 0.3
-73.9588235294 40.7938983051 100 0.3
-73.9588235294 40.7966101695 100 0.3
-73.9588235294 40.7993220339 100 0.3
-73.9588235294 40.8020338983 100 0.3
-73.9588235294 40.8047457627 100 0.3
-73.9588235294 40.8074576271 100 0.3
-73.9588235294 40.8101694915 100 0.3
-73.9588235294 40.8128813559 100 0.3
-73.9588235294 40.8155932203 100 0.3
-73.9588235294 40.8183050847 100 0.3
-73.9588235294 40.8210169492 100 0.3
-73.9588235294 40.8237288136 100 0.3
-73.9588235294 40.826440678 100 0.3
-73.9588235294 40.8291525424 100 0.3
-73.9588235294 40.8318644068 100 0.3
-73.9588235294 40.8345762712 100 0.3
-73.9588235294 40.8372881356 100 0.3
-73.9588235294 40.84 100 0.3
-73.9552941176 40.68 100 0.3
-73.9552941176 40.6827118644 100 0.3
-73.9552941176 40.6854237288 100 0.3
-73.9552941176 40.6881355932 100 0.3
-73.9552941176 40.6908474576 100 0.3
-73.9552941176 40.693559322 100 0.3
-73.9552941176 40.6962711864 100 0.3
-73.9552941176 40.6989830508 100 0.3
-73.9552941176 40.7016949153 100 0.3
-73.9552941176 40.7044067797 100 0.3
-73.9552941176 40.7071186441 100 0.3
-73.9552941176 40.7098305085 100 0.3
-73.9552941176 40.7125423729 100 0.3
-73.9552941176 40.7152542373 100 0.3
-73.9552941176 40.7179661017 100 0.3
-73.9552941176 40.7206779661 100 0.3
-73.9552941176 40.7233898305 100 0.3
-73.9552941176 40.7261016949 100 0.3
-73.9552941176 40.7288135593 100 0.3
-73.9552941176 40.7315254237 100 0.3
-73.9552941176 40.7342372881 100 0.3
-73.9552941176 40.7369491525 100 0.3
-73.9552941176 40.7396610169 100 0.3
-73.9552941176 40.7423728814 100 0.3
-73.9552941176 40.7450847458 100 0.3
-73.9552941176 40.7477966102 100 0.3
-73.9552941176 40.7505084746 100 0.3
-73.9552941176 40.753220339 100 0.3
-73.9552941176 40.7559322034 100 0.3
-73.9552941176 40.7586440678 100 0.3
-73.9552941176 40.7613559322 100 0.3
-73.9552941176 40.7640677966 100 0.3
-73.9552941176 40.766779661 100 0.3
-73.9552941176 40.7694915254 100 0.3
-73.9552941176 40.7722033898 100 0.3
-73.9552941176 40.7749152542 100 0.3
-73.9552941176 40.7776271186 100 0.3
-73.9552941176 40.7803389831 100 0.3
-73.9552941176 40.7830508475 100 0.3
-73.9552941176 40.7857627119 100 0.3
-73.9552941176 40.7884745763 100 0.3
-73.9552941176 40.7911864407 100 0.3
-73.9552941176 40.7938983051 100 0.3
-73.9552941176 40.7966101695 100 0.3
-73.9552941176 40.7993220339 100 0.3
-73.9552941176 40.8020338983 100 0.3
-73.9552941176 40.8047457627 100 0.3
-73.9552941176 40.8074576271 100 0.3
-73.9552941176 40.8101694915 100 0.3
-73.9552941176 40.8128813559 100 0.3
-73.9552941176 40.8155932203 100 0.3
-73.9552941176 40.8183050847 100 0.3
-73.9552941176 40.8210169492 100 0.3
-73.9552941176 40.8237288136 100 0.3
-73.9552941176 40.826440678 100 0.3
-73.9552941176 40.8291525424 100 0.3
-73.9552941176 40.8318644068 100 0.3
-73.9552941176 40.8345762712 100 0.3
-73.9552941176 40.8372881356 100 0.3
-73.9552941176 40.84 100 0.3
-73.9517647059 40.68 100 0.3
-73.9517647059 40.6827118644 100 0.3
-73.9517647059 40.6854237288 100 0.3
-73.9517647059 40.6881355932 100 0.3
-73.9517647059 40.6908474576 100 0.3
-73.9517647059 40.693559322 100 0.3
-73.9517647059 40.6962711864 100 0.3
-73.9517647059 40.6989830508 100 0.3
-73.9517647059 40.7016949153 100 0.3
-73.9517647059 40.7044067797 100 0.3
-73.9517647059 40.7071186441 100 0.3
-73.9517647059 40.7098305085 100 0.3
-73.9517647059 40.7125423729 100 0.3
-73.9517647059 40.7152542373 100 0.3
-73.9517647059 40.7179661017 100 0.3
-73.9517647059 40.7206779661 100 0.3
-73.9517647059 40.7233898305 100 0.3
-73.9517647059 40.7261016949 100 0.3
-73.9517647059 40.7288135593 100 0.3
-73.9517647059 40.7315254237 100 0.3
-73.9517647059 40.7342372881 100 0.3
-73.9517647059 40.7369491525 100 0.3
-73.9517647059 40.7396610169 100 0.3
-73.9517647059 40.7423728814 100 0.3
-73.9517647059 40.7450847458 100 0.3
-73.9517647059 40.7477966102 100 0.3
-73.9517647059 40.7505084746 100 0.3
-73.9517647059 40.753220339 100 0.3
-73.9517647059 40.7559322034 100 0.3
-73.9517647059 40.7586440678 100 0.3
-73.9517647059 40.7613559322 100 0.3
-73.9517647059 40.7640677966 100 0.3
-73.9517647059 40.766779661 100 0.3
-73.9517647059 40.7694915254 100 0.3
-73.9517647059 40.7722033898 100 0.3
-73.9517647059 40.7749152542 100 0.3
-73.9517647059 40.7776271186 100 0.3
-73.9517647059 40.7803389831 100 0.3
-73.9517647059 40.7830508475 100 0.3
-73.9517647059 40.7857627119 100 0.3
-73.9517647059 40.7884745763 100 0.3
-73.9517647059 40.7911864407 100 0.3
-73.9517647059 40.7938983051 100 0.3
-73.9517647059 40.7966101695 100 0.3
-73.9517647059 40.7993220339 100 0.3
-73.9517647059 40.8020338983 100 0.3
-73.9517647059 40.8047457627 100 0.3
-73.9517647059 40.8074576271 100 0.3
-73.9517647059 40.8101694915 100 0.3
-73.9517647059 40.8128813559 100 0.3
-73.9517647059 40.8155932203 100 0.3
-73.9517647059 40.8183050847 100 0.3
-73.9517647059 40.8210169492 100 0.3
-73.9517647059 40.8237288136 100 0.3
-73.9517647059 40.826440678 100 0.3
-73.9517647059 40.8291525424 100 0.3
-73.9517647059 40.8318644068 100 0.3
-73.9517647059 40.8345762712 100 0.3
-73.9517647059 40.8372881356 100 0.3
-73.9517647059 40.84 100 0.3
-73.9482352941 40.68 100 0.3
-73.9482352941 40.6827118644 100 0.3
-73.9482352941 40.6854237288 100 0.3
-73.9482352941 40.6881355932 100 0.3
-73.9482352941 40.6908474576 100 0.3
-73.9482352941 40.693559322 100 0.3
-73.9482352941 40.6962711864 100 0.3
-73.9482352941 40.6989830508 100 0.3
-73.9482352941 40.7016949153 100 0.3
-73.9482352941 40.7044067797 100 0.3
-73.9482352941 40.7071186441 100 0.3
-73.9482352941 40.7098305085 100 0.3
-73.9482352941 40.7125423729 100 0.3
-73.9482352941 40.7152542373 100 0.3
-73.9482352941 40.7179661017 100 0.3
-73.9482352941 40.7206779661 100 0.3
-73.9482352941 40.7233898305 100 0.3
-73.9482352941 40.7261016949 100 0.3
-73.9482352941 40.7288135593 100 0.3
-73.9482352941 40.7315254237 100 0.3
-73.9482352941 40.7342372881 100 0.3
-73.9482352941 40.7369491525 100 0.3
-73.9482352941 40.7396610169 100 0.3
-73.9482352941 40.7423728814 100 0.3
-73.9482352941 40.7450847458 100 0.3
-73.9482352941 40.7477966102 100 0.3
-73.9482352941 40.7505084746 100 0.3
-73.9482352941 40.753220339 100 0.3
-73.9482352941 40.7559322034 100 0.3
-73.9482352941 40.7586440678 100 0.3
-73.9482352941 40.7613559322 100 0.3
-73.9482352941 40.7640677966 100 0.3
-73.9482352941 40.766779661 100 0.3
-73.9482352941 40.7694915254 100 0.3
-73.9482352941 40.7722033898 100 0.3
-73.9482352941 40.7749152542 100 0.3
-73.9482352941 40.7776271186 100 0.3
-73.9482352941 40.7803389831 100 0.3
-73.9482352941 40.7830508475 100 0.3
-73.9482352941 40.7857627119 100 0.3
-73.9482352941 40.7884745763 100 0.3
-73.9482352941 40.7911864407 100 0.3
-73.9482352941 40.7938983051 100 0.3
-73.9482352941 40.7966101695 100 0.3
-73.9482352941 40.7993220339 100 0.3
-73.9482352941 40.8020338983 100 0.3
-73.9482352941 40.8047457627 100 0.3
-73.9482352941 40.8074576271 100 0.3
-73.9482352941 40.8101694915 100 0.3
-73.9482352941 40.8128813559 100 0.3
-73.9482352941 40.8155932203 100 0.3
-73.9482352941 40.8183050847 100 0.3
-73.9482352941 40.8210169492 100 0.3
-73.9482352941 40.8237288136 100 0.3
-73.9482352941 40.826440678 100 0.3
-73.9482352941 40.8291525424 100 0.3
-73.9482352941 40.8318644068 100 0.3
-73.9482352941 40.8345762712 100 0.3
-73.9482352941 40.8372881356 100 0.3
-73.9482352941 40.84 100 0.3
-73.9447058824 40.68 100 0.3
-73.9447058824 40.6827118644 100 0.3
-73.9447058824 40.6854237288 100 0.3
-73.9447058824 40.6881355932 100 0.3
-73.9447058824 40.6908474576 100 0.3
-73.9447058824 40.693559322 100 0.3
-73.9447058824 40.6962711864 100 0.3
-73.9447058824 40.6989830508 100 0.3
-73.9447058824 40.7016949153 100 0.3
-73.9447058824 40.7044067797 100 0.3
-73.9447058824 40.7071186441 100 0.3
-73.9447058824 40.7098305085 100 0.3
-73.9447058824 40.7125423729 100 0.3
-73.9447058824 40.7152542373 100 0.3
-73.9447058824 40.7179661017 100 0.3
-73.9447058824 40.7206779661 100 0.3
-73.9447058824 40.7233898305 100 0.3
-73.9447058824 40.7261016949 100 0.3
-73.9447058824 40.7288135593 100 0.3
-73.9447058824 40.7315254237 100 0.3
-73.9447058824 40.7342372881 100 0.3
-73.9447058824 40.7369491525 100 0.3
-73.9447058824 40.7396610169 100 0.3
-73.9447058824 40.7423728814 100 0.3
-73.9447058824 40.7450847458 100 0.3
-73.9447058824 40.7477966102 100 0.3
-73.9447058824 40.7505084746 100 0.3
-73.9447058824 40.753220339 100 0.3
-73.9447058824 40.7559322034 100 0.3
-73.9447058824 40.7586440678 100 0.3
-73.9447058824 40.7613559322 100 0.3
-73.9447058824 40.7640677966 100 0.3
-73.9447058824 40.766779661 100 0.3
-73.9447058824 40.7694915254 100 0.3
-73.9447058824 40.7722033898 100 0.3
-73.9447058824 40.7749152542 100 0.3
-73.9447058824 40.7776271186 100 0.3
-73.9447058824 40.7803389831 100 0.3
-73.9447058824 40.7830508475 100 0.3
-73.9447058824 40.7857627119 100 0.3
-73.9447058824 40.7884745763 100 0.3
-73.9447058824 40.7911864407 100 0.3
-73.9447058824 40.7938983051 100 0.3
-73.9447058824 40.7966101695 100 0.3
-73.9447058824 40.7993220339 100 0.3
-73.9447058824 40.8020338983 100 0.3
-73.9447058824 40.8047457627 100 0.3
-73.9447058824 40.8074576271 100 0.3
-73.9447058824 40.8101694915 100 0.3
-73.9447058824 40.8128813559 100 0.3
-73.9447058824 40.8155932203 100 0.3
-73.9447058824 40.8183050847 100 0.3
-73.9447058824 40.8210169492 100 0.3
-73.9447058824 40.8237288136 100 0.3
-73.9447058824 40.826440678 100 0.3
-73.9447058824 40.8291525424 100 0.3
-73.9447058824 40.8318644068 100 0.3
-73.9447058824 40.8345762712 100 0.3
-73.9447058824 40.8372881356 100 0.3
-73.9447058824 40.84 100 0.3
-73.9411764706 40.68 100 0.3
-73.9411764706 40.6827118644 100 0.3
-73.9411764706 40.6854237288 100 0.3
-73.9411764706 40.6881355932 100 0.3
-73.9411764706 40.6908474576 100 0.3
-73.9411764706 40.693559322 100 0.3
-73.9411764706 40.6962711864 100 0.3
-73.9411764706 40.6989830508 100 0.3
-73.9411764706 40.7016949153 100 0.3
-73.9411764706 40.7044067797 100 0.3
-73.9411764706 40.7071186441 100 0.3
-73.9411764706 40.7098305085 100 0.3
-73.9411764706 40.7125423729 100 0.3
-73.9411764706 40.7152542373 100 0.3
-73.9411764706 40.7179661017 100 0.3
-73.9411764706 40.7206779661 100 0.3
-73.9411764706 40.7233898305 100 0.3
-73.9411764706 40.7261016949 100 0.3
-73.9411764706 40.7288135593 100 0.3
-73.9411764706 40.7315254237 100 0.3
-73.9411764706 40.7342372881 100 0.3
-73.9411764706 40.7369491525 100 0.3
-73.9411764706 40.7396610169 100 0.3
-73.9411764706 40.7423728814 100 0.3
-73.9411764706 40.7450847458 100 0.3
-73.9411764706 40.7477966102 100 0.3
-73.9411764706 40.7505084746 100 0.3
-73.9411764706 40.753220339 100 0.3
-73.9411764706 40.7559322034 100 0.3
-73.9411764706 40.7586440678 100 0.3
-73.9411764706 40.7613559322 100 0.3
-73.9411764706 40.7640677966 100 0.3
-73.9411764706 40.766779661 100 0.3
-73.9411764706 40.7694915254 100 0.3
-73.9411764706 40.7722033898 100 0.3
-73.9411764706 40.7749152542 100 0.3
-73.9411764706 40.7776271186 100 0.3
-73.9411764706 40.7803389831 100 0.3
-73.9411764706 40.7830508475 100 0.3
-73.9411764706 40.7857627119 100 0.3
-73.9411764706 40.7884745763 100 0.3
-73.9411764706 40.7911864407 100 0.3
-73.9411764706 40.7938983051 100 0.3
-73.9411764706 40.7966101695 100 0.3
-73.9411764706 40.7993220339 100 0.3
-73.9411764706 40.8020338983 100 0.3
-73.9411764706 40.8047457627 100 0.3
-73.9411764706 40.8074576271 100 0.3
-73.9411764706 40.8101694915 100 0.3
-73.9411764706 40.8128813559 100 0.3
-73.9411764706 40.8155932203 100 0.3
-73.9411764706 40.8183050847 100 0.3
-73.9411764706 40.8210169492 100 0.3
-73.9411764706 40.8237288136 100 0.3
-73.9411764706 40.826440678 100 0.3
-73.9411764706 40.8291525424 100 0.3
-73.9411764706 40.8318644068 100 0.3
-73.9411764706 40.8345762712 100 0.3
-73.9411764706 40.8372881356 100 0.3
-73.9411764706 40.84 100 0.3
-73.9376470588 40.68 100 0.3
-73.9376470588 40.6827118644 100 0.3
-73.9376470588 40.6854237288 100 0.3
-73.9376470588 40.6881355932 100 0.3
-73.9376470588 40.6908474576 100 0.3
-73.9376470588 40.693559322 100 0.3
-73.9376470588 40.6962711864 100 0.3
-73.9376470588 40.6989830508 100 0.3
-73.9376470588 40.7016949153 100 0.3
-73.9376470588 40.7044067797 100 0.3
-73.9376470588 40.7071186441 100 0.3
-73.9376470588 40.7098305085 100 0.3
-73.9376470588 40.7125423729 100 0.3
-73.9376470588 40.7152542373 100 0.3
-73.9376470588 40.7179661017 100 0.3
-73.9376470588 40.7206779661 100 0.3
-73.9376470588 40.7233898305 100 0.3
-73.9376470588 40.7261016949 100 0.3
-73.9376470588 40.7288135593 100 0.3
-73.9376470588 40.7315254237 100 0.3
-73.9376470588 40.7342372881 100 0.3
-73.9376470588 40.7369491525 100 0.3
-73.9376470588 40.7396610169 100 0.3
-73.9376470588 40.7423728814 100 0.3
-73.9376470588 40.7450847458 100 0.3
-73.9376470588 40.7477966102 100 0.3
-73.9376470588 40.7505084746 100 0.3
-73.9376470588 40.753220339 100 0.3
-73.9376470588 40.7559322034 100 0.3
-73.9376470588 40.7586440678 100 0.3
-73.9376470588 40.7613559322 100 0.3
-73.9376470588 40.7640677966 100 0.3
-73.9376470588 40.766779661 100 0.3
-73.9376470588 40.7694915254 100 0.3
-73.9376470588 40.7722033898 100 0.3
-73.9376470588 40.7749152542 100 0.3
-73.9376470588 40.7776271186 100 0.3
-73.9376470588 40.7803389831 100 0.3
-73.9376470588 40.7830508475 100 0.3
-73.9376470588 40.7857627119 100 0.3
-73.9376470588 40.7884745763 100 0.3
-73.9376470588 40.7911864407 100 0.3
-73.9376470588 40.7938983051 100 0.3
-73.9376470588 40.7966101695 100 0.3
-73.9376470588 40.7993220339 100 0.3
-73.9376470588 40.8020338983 100 0.3
-73.9376470588 40.8047457627 100 0.3
-73.9376470588 40.8074576271 100 0.3
-73.9376470588 40.8101694915 100 0.3
-73.9376470588 40.8128813559 100 0.3
-73.9376470588 40.8155932203 100 0.3
-73.9376470588 40.8183050847 100 0.3
-73.9376470588 40.8210169492 100 0.3
-73.9376470588 40.8237288136 100 0.3
-73.9376470588 40.826440678 100 0.3
-73.9376470588 40.8291525424 100 0.3
-73.9376470588 40.8318644068 100 0.3
-73.9376470588 40.8345762712 100 0.3
-73.9376470588 40.8372881356 100 0.3
-73.9376470588 40.84 100 0.3
-73.9341176471 40.68 100 0.3
-73.9341176471 40.6827118644 100 0.3
-73.9341176471 40.6854237288 100 0.3
-73.9341176471 40.6881355932 100 0.3
-73.9341176471 40.6908474576 100 0.3
-73.9341176471 40.693559322 100 0.3
-73.9341176471 40.6962711864 100 0.3
-73.9341176471 40.6989830508 100 0.3
-73.9341176471 40.7016949153 100 0.3
-73.9341176471 40.7044067797 100 0.3
-73.9341176471 40.7071186441 100 0.3
-73.9341176471 40.7098305085 100 0.3
-73.9341176471 40.7125423729 100 0.3
-73.9341176471 40.7152542373 100 0.3
-73.9341176471 40.7179661017 100 0.3
-73.9341176471 40.7206779661 100 0.3
-73.9341176471 40.7233898305 100 0.3
-73.9341176471 40.7261016949 100 0.3
-73.9341176471 40.7288135593 100 0.3
-73.9341176471 40.7315254237 100 0.3
-73.9341176471 40.7342372881 100 0.3
-73.9341176471 40.7369491525 100 0.3
-73.9341176471 40.7396610169 100 0.3
-73.9341176471 40.7423728814 100 0.3
-73.9341176471 40.7450847458 100 0.3
-73.9341176471 40.7477966102 100 0.3
-73.9341176471 40.7505084746 100 0.3
-73.9341176471 40.753220339 100 0.3
-73.9341176471 40.7559322034 100 0.3
-73.9341176471 40.7586440678 100 0.3
-73.9341176471 40.7613559322 100 0.3
-73.9341176471 40.7640677966 100 0.3
-73.9341176471 40.766779661 100 0.3
-73.9341176471 40.7694915254 100 0.3
-73.9341176471 40.7722033898 100 0.3
-73.9341176471 40.7749152542 100 0.3
-73.9341176471 40.7776271186 100 0.3
-73.9341176471 40.7803389831 100 0.3
-73.9341176471 40.7830508475 100 0.3
-73.9341176471 40.7857627119 100 0.3
-73.9341176471 40.7884745763 100 0.3
-73.9341176471 40.7911864407 100 0.3
-73.9341176471 40.7938983051 100 0.3
-73.9341176471 40.7966101695 100 0.3
-73.9341176471 40.7993220339 100 0.3
-73.9341176471 40.8020338983 100 0.3
-73.9341176471 40.8047457627 100 0.3
-73.9341176471 40.8074576271 100 0.3
-73.9341176471 40.8101694915 100 0.3
-73.9341176471 40.8128813559 100 0.3
-73.9341176471 40.8155932203 100 0.3
-73.9341176471 40.8183050847 100 0.3
-73.9341176471 40.8210169492 100 0.3
-73.9341176471 40.8237288136 100 0.3
-73.9341176471 40.826440678 100 0.3
-73.9341176471 40.8291525424 100 0.3
-73.9341176471 40.8318644068 100 0.3
-73.9341176471 40.8345762712 100 0.3
-73.9341176471 40.8372881356 100 0.3
-73.9341176471 40.84 100 0.3
-73.9305882353 40.68 100 0.3
-73.9305882353 40.6827118644 100 0.3
-73.9305882353 40.6854237288 100 0.3
-73.9305882353 40.6881355932 100 0.3
-73.9305882353 40.6908474576 100 0.3
-73.9305882353 40.693559322 100 0.3
-73.9305882353 40.6962711864 100 0.3
-73.9305882353 40.6989830508 100 0.3
-73.9305882353 40.7016949153 100 0.3
-73.9305882353 40.7044067797 100 0.3
-73.9305882353 40.7071186441 100 0.3
-73.9305882353 40.7098305085 100 0.3
-73.9305882353 40.7125423729 100 0.3
-73.9305882353 40.7152542373 100 0.3
-73.9305882353 40.7179661017 100 0.3
-73.9305882353 40.7206779661 100 0.3
-73.9305882353 40.7233898305 100 0.3
-73.9305882353 40.7261016949 100 0.3
-73.9305882353 40.7288135593 100 0.3
-73.9305882353 40.7315254237 100 0.3
-73.9305882353 40.7342372881 100 0.3
-73.9305882353 40.7369491525 100 0.3
-73.9305882353 40.7396610169 100 0.3
-73.9305882353 40.7423728814 100 0.3
-73.9305882353 40.7450847458 100 0.3
-73.9305882353 40.7477966102 100 0.3
-73.9305882353 40.7505084746 100 0.3
-73.9305882353 40.753220339 100 0.3
-73.9305882353 40.7559322034 100 0.3
-73.9305882353 40.7586440678 100 0.3
-73.9305882353 40.7613559322 100 0.3
-73.9305882353 40.7640677966 100 0.3
-73.9305882353 40.766779661 100 0.3
-73.9305882353 40.7694915254 100 0.3
-73.9305882353 40.7722033898 100 0.3
-73.9305882353 40.7749152542 100 0.3
-73.9305882353 40.7776271186 100 0.3
-73.9305882353 40.7803389831 100 0.3
-73.9305882353 40.7830508475 100 0.3
-73.9305882353 40.7857627119 100 0.3
-73.9305882353 40.7884745763 100 0.3
-73.9305882353 40.7911864407 100 0.3
-73.9305882353 40.7938983051 100 0.3
-73.9305882353 40.7966101695 100 0.3
-73.9305882353 40.7993220339 100 0.3
-73.9305882353 40.8020338983 100 0.3
-73.9305882353 40.8047457627 100 0.3
-73.9305882353 40.8074576271 100 0.3
-73.9305882353 40.8101694915 100 0.3
-73.9305882353 40.8128813559 100 0.3
-73.9305882353 40.8155932203 100 0.3
-73.9305882353 40.8183050847 100 0.3
-73.9305882353 40.8210169492 100 0.3
-73.9305882353 40.8237288136 100 0.3
-73.9305882353 40.826440678 100 0.3
-73.9305882353 40.8291525424 100 0.3
-73.9305882353 40.8318644068 100 0.3
-73.9305882353 40.8345762712 100 0.3
-73.9305882353 40.8372881356 100 0.3
-73.9305882353 40.84 100 0.3
-73.9270588235 40.68 100 0.3
-73.9270588235 40.6827118644 100 0.3
-73.9270588235 40.6854237288 100 0.3
-73.9270588235 40.6881355932 100 0.3
-73.9270588235 40.6908474576 100 0.3
-73.9270588235 40.693559322 100 0.3
-73.9270588235 40.6962711864 100 0.3
-73.9270588235 40.6989830508 100 0.3
-73.9270588235 40.7016949153 100 0.3
-73.9270588235 40.7044067797 100 0.3
-73.9270588235 40.7071186441 100 0.3
-73.9270588235 40.7098305085 100 0.3
-73.9270588235 40.7125423729 100 0.3
-73.9270588235 40.7152542373 100 0.3
-73.9270588235 40.7179661017 100 0.3
-73.9270588235 40.7206779661 100 0.3
-73.9270588235 40.7233898305 100 0.3
-73.9270588235 40.7261016949 100 0.3
-73.9270588235 40.7288135593 100 0.3
-73.9270588235 40.7315254237 100 0.3
-73.9270588235 40.7342372881 100 0.3
-73.9270588235 40.7369491525 100 0.3
-73.9270588235 40.7396610169 100 0.3
-73.9270588235 40.7423728814 100 0.3
-73.9270588235 40.7450847458 100 0.3
-73.9270588235 40.7477966102 100 0.3
-73.9270588235 40.7505084746 100 0.3
-73.9270588235 40.753220339 100 0.3
-73.9270588235 40.7559322034 100 0.3
-73.9270588235 40.7586440678 100 0.3
-73.9270588235 40.7613559322 100 0.3
-73.9270588235 40.7640677966 100 0.3
-73.9270588235 40.766779661 100 0.3
-73.9270588235 40.7694915254 100 0.3
-73.9270588235 40.7722033898 100 0.3
-73.9270588235 40.7749152542 100 0.3
-73.9270588235 40.7776271186 100 0.3
-73.9270588235 40.7803389831 100 0.3
-73.9270588235 40.7830508475 100 0.3
-73.9270588235 40.7857627119 100 0.3
-73.9270588235 40.7884745763 100 0.3
-73.9270588235 40.7911864407 100 0.3
-73.9270588235 40.7938983051 100 0.3
-73.9270588235 40.7966101695 100 0.3
-73.9270588235 40.7993220339 100 0.3
-73.9270588235 40.8020338983 100 0.3
-73.9270588235 40.8047457627 100 0.3
-73.9270588235 40.8074576271 100 0.3
-73.9270588235 40.8101694915 100 0.3
-73.9270588235 40.8128813559 100 0.3
-73.9270588235 40.8155932203 100 0.3
-73.9270588235 40.8183050847 100 0.3
-73.9270588235 40.8210169492 100 0.3
-73.9270588235 40.8237288136 100 0.3
-73.9270588235 40.826440678 100 0.3
-73.9270588235 40.8291525424 100 0.3
-73.9270588235 40.8318644068 100 0.3
-73.9270588235 40.8345762712 100 0.3
-73.9270588235 40.8372881356 100 0.3
-73.9270588235 40.84 100 0.3
-73.9235294118 40.68 100 0.3
-73.9235294118 40.6827118644 100 0.3
-73.9235294118 40.6854237288 100 0.3
-73.9235294118 40.6881355932 100 0.3
-73.9235294118 40.6908474576 100 0.3
-73.9235294118 40.693559322 100 0.3
-73.9235294118 40.6962711864 100 0.3
-73.9235294118 40.6989830508 100 0.3
-73.9235294118 40.7016949153 100 0.3
-73.9235294118 40.7044067797 100 0.3
-73.9235294118 40.7071186441 100 0.3
-73.9235294118 40.7098305085 100 0.3
-73.9235294118 40.7125423729 100 0.3
-73.9235294118 40.7152542373 100 0.3
-73.9235294118 40.7179661017 100 0.3
-73.9235294118 40.7206779661 100 0.3
-73.9235294118 40.7233898305 100 0.3
-73.9235294118 40.7261016949 100 0.3
-73.9235294118 40.7288135593 100 0.3
-73.9235294118 40.7315254237 100 0.3
-73.9235294118 40.7342372881 100 0.3
-73.9235294118 40.7369491525 100 0.3
-73.9235294118 40.7396610169 100 0.3
-73.9235294118 40.7423728814 100 0.3
-73.9235294118 40.7450847458 100 0.3
-73.9235294118 40.7477966102 100 0.3
-73.9235294118 40.7505084746 100 0.3
-73.9235294118 40.753220339 100 0.3
-73.9235294118 40.7559322034 100 0.3
-73.9235294118 40.7586440678 100 0.3
-73.9235294118 40.7613559322 100 0.3
-73.9235294118 40.7640677966 100 0.3
-73.9235294118 40.766779661 100 0.3
-73.9235294118 40.7694915254 100 0.3
-73.9235294118 40.7722033898 100 0.3
-73.9235294118 40.7749152542 100 0.3
-73.9235294118 40.7776271186 100 0.3
-73.9235294118 40.7803389831 100 0.3
-73.9235294118 40.7830508475 100 0.3
-73.9235294118 40.7857627119 100 0.3
-73.9235294118 40.7884745763 100 0.3
-73.9235294118 40.7911864407 100 0.3
-73.9235294118 40.7938983051 100 0.3
-73.9235294118 40.7966101695 100 0.3
-73.9235294118 40.7993220339 100 0.3
-73.9235294118 40.8020338983 100 0.3
-73.9235294118 40.8047457627 100 0.3
-73.9235294118 40.8074576271 100 0.3
-73.9235294118 40.8101694915 100 0.3
-73.9235294118 40.8128813559 100 0.3
-73.9235294118 40.8155932203 100 0.3
-73.9235294118 40.8183050847 100 0.3
-73.9235294118 40.8210169492 100 0.3
-73.9235294118 40.8237288136 100 0.3
-73.9235294118 40.826440678 100 0.3
-73.9235294118 40.8291525424 100 0.3
-73.9235294118 40.8318644068 100 0.3
-73.9235294118 40.8345762712 100 0.3
-73.9235294118 40.8372881356 100 0.3
-73.9235294118 40.84 100 0.3
-73.92 40.68 100 0.3
-73.92 40.6827118644 100 0.3
-73.92 40.6854237288 100 0.3
-73.92 40.6881355932 100 0.3
-73.92 40.6908474576 100 0.3
-73.92 40.693559322 100 0.3
-73.92 40.6962711864 100 0.3
-73.92 40.6989830508 100 0.3
-73.92 40.7016949153 100 0.3
-73.92 40.7044067797 100 0.3
-73.92 40.7071186441 100 0.3
-73.92 40.7098305085 100 0.3
-73.92 40.7125423729 100 0.3
-73.92 40.7152542373 100 0.3
-73.92 40.7179661017 100 0.3
-73.92 40.7206779661 100 0.3
-73.92 40.7233898305 100 0.3
-73.92 40.7261016949 100 0.3
-73.92 40.7288135593 100 0.3
-73.92 40.7315254237 100 0.3
-73.92 40.7342372881 100 0.3
-73.92 40.7369491525 100 0.3
-73.92 40.7396610169 100 0.3
-73.92 40.7423728814 100 0.3
-73.92 40.7450847458 100 0.3
-73.92 40.7477966102 100 0.3
-73.92 40.7505084746 100 0.3
-73.92 40.753220339 100 0.3
-73.92 40.7559322034 100 0.3
-73.92 40.7586440678 100 0.3
-73.92 40.7613559322 100 0.3
-73.92 40.7640677966 100 0.3
-73.92 40.766779661 100 0.3
-73.92 40.7694915254 100 0.3
-73.92 40.7722033898 100 0.3
-73.92 40.7749152542 100 0.3
-73.92 40.7776271186 100 0.3
-73.92 40.7803389831 100 0.3
-73.92 40.7830508475 100 0.3
-73.92 40.7857627119 100 0.3
-73.92 40.7884745763 100 0.3
-73.92 40.7911864407 100 0.3
-73.92 40.7938983051 100 0.3
-73.92 40.7966101695 100 0.3
-73.92 40.7993220339 100 0.3
-73.92 40.8020338983 100 0.3
-73.92 40.8047457627 100 0.3
-73.92 40.8074576271 100 0.3
-73.92 40.8101694915 100 0.3
-73.92 40.8128813559 100 0.3
-73.92 40.8155932203 100 0.3
-73.92 40.8183050847 100 0.3
-73.92 40.8210169492 100 0.3
-73.92 40.8237288136 100 0.3
-73.92 40.826440678 100 0.3
-73.92 40.8291525424 100 0.3
-73.92 40.8318644068 100 0.3
-73.92 40.8345762712 100 0.3
-73.92 40.8372881356 100 0.3
-73.92 40.84 100 0.3
