285.9 40.58 5 3.51705
285.9 40.59 4 4.68472
285.9 40.6 3 5.73684
285.9 40.61 7 5.21315
285.9 40.62 5 4.12158
285.9 40.63 2 3.54064
285.9 40.64 1 3.5166
285.9 40.65 2 2.88896
285.9 40.66 2 2.19975
285.9 40.67 8 2.09217
285.9 40.68 14 2.05052
285.9 40.69 28 2.20073
285.9 40.7 10 2.40871
285.9 40.71 3 2.63141
285.9 40.72 8 2.99296
285.9 40.73 7 3.29834
285.9 40.74 6 3.59071
285.9 40.75 4 3.7392
285.9 40.76 11 3.79057
285.9 40.77 1 3.08193
285.9 40.78 4 2.00013
285.9 40.79 3 2.04065
285.9 40.8 6 2.73253
285.9 40.81 12 3.1464
285.9 40.82 7 2.81497
285.9 40.83 8 1.85547
285.9 40.84 7 1.16
285.9 40.85 2 1.18867
285.9 40.86 3 1.23131
285.9 40.87 1 1.27594
285.9 40.88 0 1.83256
285.9 40.8899 3 2.31946
285.9 40.8999 6 1.98621
285.91 40.58 2 3.70337
285.91 40.59 5 4.87117
285.91 40.6 6 6.13869
285.91 40.61 9 6.2233
285.91 40.62 5 5.33856
285.91 40.63 4 4.58898
285.91 40.64 0 3.77987
285.91 40.65 3 2.71313
285.91 40.66 1 2.03769
285.91 40.67 3 1.8956
285.91 40.68 9 2.06029
285.91 40.69 18 2.31293
285.91 40.7 23 2.61934
285.91 40.71 16 2.7146
285.91 40.72 8 2.38358
285.91 40.73 6 2.43822
285.91 40.74 3 2.84018
285.91 40.75 1 3.40527
285.91 40.76 9 3.37762
285.91 40.77 8 2.8783
285.91 40.78 2 2.08256
285.91 40.79 8 2.02531
285.91 40.8 1 2.57021
285.91 40.81 3 2.86791
285.91 40.82 1 2.69585
285.91 40.83 5 1.89357
285.91 40.84 2 1.23981
285.91 40.85 4 1.09542
285.91 40.86 1 1.04395
285.91 40.87 8 1.43804
285.91 40.88 2 2.42496
285.91 40.8899 1 3.11598
285.91 40.8999 1 2.95444
285.92 40.58 1 3.33534
285.92 40.59 2 4.79174
285.92 40.6 5 6.29988
285.92 40.61 8 6.46725
285.92 40.62 8 5.46971
285.92 40.63 6 4.46988
285.92 40.64 10 3.65224
285.92 40.65 4 2.81077
285.92 40.66 2 2.08431
285.92 40.67 5 1.89265
285.92 40.68 9 2.07388
285.92 40.69 8 2.35667
285.92 40.7 7 2.67502
285.92 40.71 14 2.51049
285.92 40.72 16 1.96421
285.92 40.73 36 1.93822
285.92 40.74 10 2.2172
285.92 40.75 3 2.76224
285.92 40.76 43 3.04723
285.92 40.77 7 2.85927
285.92 40.78 11 2.5026
285.92 40.79 5 2.30336
285.92 40.8 13 2.42137
285.92 40.81 18 2.782
285.92 40.82 4 3.09191
285.92 40.83 4 2.75723
285.92 40.84 6 1.88187
285.92 40.85 1 1.27867
285.92 40.86 3 1.16812
285.92 40.87 2 1.68655
285.92 40.88 5 2.64009
285.92 40.8899 30 3.26721
285.92 40.8999 3 3.58728
285.93 40.58 0 2.50132
285.93 40.59 3 4.13356
285.93 40.6 9 5.79823
285.93 40.61 3 5.9414
285.93 40.62 4 4.53114
285.93 40.63 4 3.74778
285.93 40.64 4 3.41056
285.93 40.65 1 2.89836
285.93 40.66 11 2.22881
285.93 40.67 5 2.01856
285.93 40.68 12 2.06708
285.93 40.69 21 2.2613
285.93 40.7 8 2.57698
285.93 40.71 8 2.04417
285.93 40.72 25 1.67357
285.93 40.73 135 1.78471
285.93 40.74 34 2.00998
285.93 40.75 25 2.31659
285.93 40.76 18 2.74999
285.93 40.77 10 3.11419
285.93 40.78 12 3.11273
285.93 40.79 11 2.59484
285.93 40.8 8 2.37874
285.93 40.81 3 2.81296
285.93 40.82 8 3.62549
285.93 40.83 4 3.9694
285.93 40.84 9 2.52837
285.93 40.85 13 1.61531
285.93 40.86 9 1.53954
285.93 40.87 3 1.94521
285.93 40.88 16 2.55552
285.93 40.8899 14 2.97017
285.93 40.8999 0 3.14593
285.94 40.58 0 2.01758
285.94 40.59 3 3.41998
285.94 40.6 3 4.80319
285.94 40.61 1 4.99361
285.94 40.62 0 3.87323
285.94 40.63 2 3.09951
285.94 40.64 2 3.16814
285.94 40.65 2 2.84582
285.94 40.66 0 2.31016
285.94 40.67 5 2.2799
285.94 40.68 8 2.26564
285.94 40.69 10 2.40451
285.94 40.7 26 2.20385
285.94 40.71 19 1.46323
285.94 40.72 71 1.52743
285.94 40.73 111 1.75533
285.94 40.74 69 1.83886
285.94 40.75 12 1.80026
285.94 40.76 6 2.35582
285.94 40.77 35 3.29081
285.94 40.78 23 3.49222
285.94 40.79 74 2.77594
285.94 40.8 20 2.37131
285.94 40.81 13 2.82059
285.94 40.82 2 3.89694
285.94 40.83 2 4.55436
285.94 40.84 6 3.00457
285.94 40.85 5 2.14563
285.94 40.86 3 2.24878
285.94 40.87 20 2.45066
285.94 40.88 4 2.33837
285.94 40.8899 2 2.40362
285.94 40.8999 5 2.26363
285.95 40.58 1 2.40695
285.95 40.59 1 3.04176
285.95 40.6 1 4.95816
285.95 40.61 0 4.95517
285.95 40.62 1 4.27157
285.95 40.63 1 3.79327
285.95 40.64 0 3.56947
285.95 40.65 3 3.14669
285.95 40.66 8 2.40824
285.95 40.67 10 2.49829
285.95 40.68 4 2.62883
285.95 40.69 14 2.70925
285.95 40.7 12 1.82314
285.95 40.71 30 1.25976
285.95 40.72 195 1.41194
285.95 40.73 89 1.66832
285.95 40.74 106 1.5558
285.95 40.75 61 1.35695
285.95 40.76 20 1.73735
285.95 40.77 13 3.02184
285.95 40.78 27 3.32381
285.95 40.79 19 2.73218
285.95 40.8 20 2.39685
285.95 40.81 9 2.76602
285.95 40.82 9 3.63415
285.95 40.83 7 4.0972
285.95 40.84 6 3.24898
285.95 40.85 5 2.94287
285.95 40.86 5 3.50785
285.95 40.87 7 3.56678
285.95 40.88 4 2.48539
285.95 40.8899 9 1.82105
285.95 40.8999 2 1.54843
285.96 40.58 0 2.0329
285.96 40.59 0 3.68475
285.96 40.6 1 5.28289
285.96 40.61 7 4.90289
285.96 40.62 11 4.40332
285.96 40.63 18 4.01114
285.96 40.64 4 4.04543
285.96 40.65 3 4.12145
285.96 40.66 4 2.87327
285.96 40.67 21 2.85476
285.96 40.68 12 4.16861
285.96 40.69 7 3.793
285.96 40.7 31 4.13879
285.96 40.71 212 3.91582
285.96 40.72 495 3.51972
285.96 40.73 660 1.79521
285.96 40.74 410 1.35796
285.96 40.75 140 1.19591
285.96 40.76 29 1.60883
285.96 40.77 46 2.57533
285.96 40.78 42 2.84401
285.96 40.79 42 2.46405
285.96 40.8 13 2.26753
285.96 40.81 8 2.58194
285.96 40.82 7 3.07796
285.96 40.83 4 3.12423
285.96 40.84 5 2.92849
285.96 40.85 4 3.14276
285.96 40.86 5 4.35507
285.96 40.87 0 5.01428
285.96 40.88 2 3.06501
285.96 40.8899 1 1.54096
285.96 40.8999 1 1.49495
285.97 40.58 1 1.30348
285.97 40.59 0 4.1673
285.97 40.6 2 5.07133
285.97 40.61 32 4.76522
285.97 40.62 188 4.35332
285.97 40.63 109 4.12292
285.97 40.64 26 4.29872
285.97 40.65 3 4.51981
285.97 40.66 7 4.14232
285.97 40.67 10 4.929
285.97 40.68 13 5.31023
285.97 40.69 23 4.32703
285.97 40.7 30 4.10392
285.97 40.71 162 3.79342
285.97 40.72 271 3.33743
285.97 40.73 436 2.70926
285.97 40.74 735 2.42631
285.97 40.75 644 2.42607
285.97 40.76 161 2.31512
285.97 40.77 115 2.51086
285.97 40.78 56 2.48132
285.97 40.79 32 2.18327
285.97 40.8 9 2.19712
285.97 40.81 7 2.31115
285.97 40.82 12 2.47232
285.97 40.83 5 2.46351
285.97 40.84 4 2.33707
285.97 40.85 5 2.53024
285.97 40.86 5 3.63373
285.97 40.87 3 4.28442
285.97 40.88 1 2.62296
285.97 40.8899 2 1.44309
285.97 40.8999 1 1.79246
285.98 40.58 0 2.05106
285.98 40.59 2 3.92103
285.98 40.6 17 4.58888
285.98 40.61 45 4.52548
285.98 40.62 70 4.27588
285.98 40.63 199 4.1982
285.98 40.64 158 4.43398
285.98 40.65 15 4.61633
285.98 40.66 2 4.56992
285.98 40.67 16 4.32752
285.98 40.68 15 4.21946
285.98 40.69 18 4.27002
285.98 40.7 11672 4.02011
285.98 40.71 44239 3.61613
285.98 40.72 2323 3.06429
285.98 40.73 162 2.5786
285.98 40.74 135 2.38842
285.98 40.75 260 2.34619
285.98 40.76 278 2.38826
285.98 40.77 130 2.4466
285.98 40.78 76 2.59569
285.98 40.79 43 2.0808
285.98 40.8 20 2.19016
285.98 40.81 42 2.15102
285.98 40.82 23 2.19157
285.98 40.83 15 2.33859
285.98 40.84 4 2.11003
285.98 40.85 11 2.03433
285.98 40.86 7 2.61733
285.98 40.87 7 2.62354
285.98 40.88 7 1.76445
285.98 40.8899 6 1.32987
285.98 40.8999 7 1.86424
285.99 40.58 1 3.33675
285.99 40.59 1 3.99957
285.99 40.6 17 4.17231
285.99 40.61 39 4.22302
285.99 40.62 17 4.18124
285.99 40.63 81 4.22358
285.99 40.64 70 4.44394
285.99 40.65 210 4.49557
285.99 40.66 8 4.24211
285.99 40.67 106 4.0416
285.99 40.68 376 4.00562
285.99 40.69 16 4.17121
285.99 40.7 90545 3.92844
285.99 40.71 241921 3.38306
285.99 40.72 163854 2.83075
285.99 40.73 133463 2.47337
285.99 40.74 157465 2.31259
285.99 40.75 21520 2.30238
285.99 40.76 237 2.36602
285.99 40.77 206 2.41975
285.99 40.78 229 2.33455
285.99 40.79 79 2.29753
285.99 40.8 33 2.17037
285.99 40.81 19 2.07864
285.99 40.82 16 2.08625
285.99 40.83 7 2.33463
285.99 40.84 11 2.09952
285.99 40.85 10 1.74778
285.99 40.86 3 2.07112
285.99 40.87 9 1.88054
285.99 40.88 3 1.43836
285.99 40.8899 6 1.32489
285.99 40.8999 6 1.82612
286 40.58 6 4.37555
286 40.59 9 4.20759
286 40.6 67 4.05134
286 40.61 33 3.79242
286 40.62 22 3.47495
286 40.63 22 3.50659
286 40.64 49 3.9894
286 40.65 220 4.21515
286 40.66 462 3.99484
286 40.67 2056 3.85394
286 40.68 15771 3.8656
286 40.69 5422 4.03799
286 40.7 3001 3.79941
286 40.71 72983 3.14952
286 40.72 385501 2.67871
286 40.73 429999 2.39709
286 40.74 451074 2.28363
286 40.75 209098 2.27741
286 40.76 136813 2.32957
286 40.77 3875 2.38149
286 40.78 158 2.29241
286 40.79 121 2.25308
286 40.8 27 2.35797
286 40.81 32 2.09189
286 40.82 17 2.02915
286 40.83 8 2.07069
286 40.84 15 1.8289
286 40.85 5 1.59856
286 40.86 4 1.78505
286 40.87 37 1.65957
286 40.88 9 1.41985
286 40.8899 3 1.35628
286 40.8999 14 1.83447
286.01 40.58 6 4.86057
286.01 40.59 12 4.43116
286.01 40.6 51 3.87583
286.01 40.61 33 3.35889
286.01 40.62 41 2.93811
286.01 40.63 27 3.11015
286.01 40.64 66 3.63607
286.01 40.65 5 3.99868
286.01 40.66 1685 3.81056
286.01 40.67 5371 3.70594
286.01 40.68 12811 3.75479
286.01 40.69 44002 3.89938
286.01 40.7 18466 3.68968
286.01 40.71 19024 2.96297
286.01 40.72 389195 2.60457
286.01 40.73 524317 2.35349
286.01 40.74 692187 2.24373
286.01 40.75 830144 2.26453
286.01 40.76 528256 2.32761
286.01 40.77 168113 2.31593
286.01 40.78 29227 2.26399
286.01 40.79 91 2.26975
286.01 40.8 52 2.40335
286.01 40.81 44 2.6948
286.01 40.82 24 2.43399
286.01 40.83 10 1.89332
286.01 40.84 8 1.64316
286.01 40.85 5 1.55683
286.01 40.86 6 1.74737
286.01 40.87 6 1.70451
286.01 40.88 12 1.50924
286.01 40.8899 1 1.41781
286.01 40.8999 5 1.73117
286.02 40.58 21 4.27578
286.02 40.59 10 4.04617
286.02 40.6 34 3.57994
286.02 40.61 59 3.02711
286.02 40.62 77 2.86387
286.02 40.63 1162 3.1441
286.02 40.64 319 3.6875
286.02 40.65 160 3.98688
286.02 40.66 1143 3.68699
286.02 40.67 6622 3.59108
286.02 40.68 19969 3.65145
286.02 40.69 18461 3.76659
286.02 40.7 1763 3.62292
286.02 40.71 4541 2.88069
286.02 40.72 118519 2.59106
286.02 40.73 278532 2.35466
286.02 40.74 547996 2.2293
286.02 40.75 717950 2.24871
286.02 40.76 776909 2.29684
286.02 40.77 436309 2.25471
286.02 40.78 330226 2.18558
286.02 40.79 74075 2.2771
286.02 40.8 135 2.45976
286.02 40.81 36 2.71414
286.02 40.82 39 2.97139
286.02 40.83 31 3.24809
286.02 40.84 10 1.83632
286.02 40.85 15 1.72959
286.02 40.86 29 1.82249
286.02 40.87 11 1.79241
286.02 40.88 33 1.63859
286.02 40.8899 4 1.48776
286.02 40.8999 2 1.56663
286.03 40.58 63 3.80406
286.03 40.59 17 3.59773
286.03 40.6 43 3.38183
286.03 40.61 143 3.09818
286.03 40.62 363 2.99564
286.03 40.63 590 3.30508
286.03 40.64 768 3.84561
286.03 40.65 224 4.08025
286.03 40.66 36 3.68309
286.03 40.67 2331 3.53783
286.03 40.68 9589 3.55934
286.03 40.69 6726 3.62506
286.03 40.7 222 3.48735
286.03 40.71 2771 3.01691
286.03 40.72 1230 2.69949
286.03 40.73 13690 2.38818
286.03 40.74 79173 2.24289
286.03 40.75 523783 2.26184
286.03 40.76 861496 2.23409
286.03 40.77 98654 2.18269
286.03 40.78 111265 2.16567
286.03 40.79 239051 2.28982
286.03 40.8 103746 2.50842
286.03 40.81 252 2.78374
286.03 40.82 42 3.04493
286.03 40.83 46 3.47847
286.03 40.84 27 4.20926
286.03 40.85 27 3.34924
286.03 40.86 37 1.94257
286.03 40.87 13 1.97261
286.03 40.88 11 1.92882
286.03 40.8899 17 1.69467
286.03 40.8999 6 1.44752
286.04 40.58 135 3.53983
286.04 40.59 162 3.35441
286.04 40.6 71 3.28318
286.04 40.61 81 3.33089
286.04 40.62 140 3.29805
286.04 40.63 76 3.51536
286.04 40.64 212 3.94887
286.04 40.65 659 4.1039
286.04 40.66 997 3.76256
286.04 40.67 1542 3.55313
286.04 40.68 1826 3.47053
286.04 40.69 2453 3.41208
286.04 40.7 662 3.23832
286.04 40.71 41340 3.17123
286.04 40.72 31975 3.02621
286.04 40.73 1349 2.58408
286.04 40.74 2031 2.29852
286.04 40.75 37661 2.25487
286.04 40.76 347511 2.20298
286.04 40.77 523209 2.16814
286.04 40.78 256068 2.19353
286.04 40.79 33348 2.31428
286.04 40.8 61281 2.56274
286.04 40.81 57547 2.86512
286.04 40.82 4321 3.15231
286.04 40.83 69 3.71461
286.04 40.84 21 4.51994
286.04 40.85 24 4.92372
286.04 40.86 15 4.25097
286.04 40.87 13 2.44384
286.04 40.88 3 2.28389
286.04 40.8899 2 1.8583
286.04 40.8999 2 1.54904
286.05 40.58 68 3.38404
286.05 40.59 19 3.18714
286.05 40.6 37 3.25848
286.05 40.61 22 3.6956
286.05 40.62 23 3.86337
286.05 40.63 93 3.72622
286.05 40.64 92 3.89933
286.05 40.65 93 3.96059
286.05 40.66 217 3.77046
286.05 40.67 849 3.57769
286.05 40.68 1609 3.38643
286.05 40.69 2131 3.2289
286.05 40.7 807 3.16056
286.05 40.71 18868 3.18503
286.05 40.72 13768 3.21214
286.05 40.73 5738 3.18113
286.05 40.74 10188 2.57335
286.05 40.75 3273 2.32537
286.05 40.76 59933 2.25001
286.05 40.77 329426 2.23845
286.05 40.78 400219 2.28357
286.05 40.79 88623 2.3873
286.05 40.8 22777 2.64055
286.05 40.81 10420 2.95966
286.05 40.82 12134 3.27765
286.05 40.83 6042 3.9366
286.05 40.84 87 4.7131
286.05 40.85 31 5.02565
286.05 40.86 2 4.8572
286.05 40.87 4 4.44127
286.05 40.88 16 3.41031
286.05 40.8899 9 1.9688
286.05 40.8999 3 1.74379
286.06 40.58 20 3.35512
286.06 40.59 75 3.20652
286.06 40.6 11 3.35877
286.06 40.61 10 4.10198
286.06 40.62 52 4.25376
286.06 40.63 40 3.84319
286.06 40.64 52 3.64892
286.06 40.65 32 3.53679
286.06 40.66 60 3.51077
286.06 40.67 277 3.51752
286.06 40.68 338 3.32858
286.06 40.69 356 3.17976
286.06 40.7 1906 3.17453
286.06 40.71 7589 3.19417
286.06 40.72 2207 3.22653
286.06 40.73 195 3.31763
286.06 40.74 1989 3.25942
286.06 40.75 16538 2.74285
286.06 40.76 7148 2.44074
286.06 40.77 12689 2.37898
286.06 40.78 30079 2.40026
286.06 40.79 29659 2.50117
286.06 40.8 28493 2.77707
286.06 40.81 11080 3.04707
286.06 40.82 3232 3.3761
286.06 40.83 3702 4.11145
286.06 40.84 7736 4.82786
286.06 40.85 2540 5.00099
286.06 40.86 15 4.83762
286.06 40.87 3 4.69531
286.06 40.88 3 4.49957
286.06 40.8899 6 2.43578
286.06 40.8999 7 2.01681
286.07 40.58 11 3.61755
286.07 40.59 15 3.57674
286.07 40.6 6 3.7667
286.07 40.61 20 4.20508
286.07 40.62 22 4.17545
286.07 40.63 21 3.77798
286.07 40.64 12 3.3352
286.07 40.65 32 2.88619
286.07 40.66 234 2.93236
286.07 40.67 132 3.34652
286.07 40.68 210 3.36528
286.07 40.69 577 3.25767
286.07 40.7 2948 3.24715
286.07 40.71 850 3.24297
286.07 40.72 104 3.30278
286.07 40.73 213 3.55581
286.07 40.74 6007 3.45878
286.07 40.75 4560 3.29626
286.07 40.76 14798 2.99234
286.07 40.77 4514 2.73649
286.07 40.78 261 2.615
286.07 40.79 2422 2.68825
286.07 40.8 4768 2.95024
286.07 40.81 1926 3.09268
286.07 40.82 512 3.37095
286.07 40.83 329 4.16527
286.07 40.84 164 4.77748
286.07 40.85 882 4.81377
286.07 40.86 819 4.63297
286.07 40.87 49 4.66066
286.07 40.88 2 4.54927
286.07 40.8899 6 3.46924
286.07 40.8999 2 2.88432
286.08 40.58 3 4.15174
286.08 40.59 1 4.16329
286.08 40.6 8 4.10072
286.08 40.61 13 4.10951
286.08 40.62 26 3.88208
286.08 40.63 14 3.75906
286.08 40.64 9 3.4405
286.08 40.65 40 2.84744
286.08 40.66 75 2.78138
286.08 40.67 56 3.25806
286.08 40.68 80 3.50548
286.08 40.69 245 3.3686
286.08 40.7 606 3.33431
286.08 40.71 259 3.36861
286.08 40.72 66 3.67638
286.08 40.73 755 3.82401
286.08 40.74 18642 3.63625
286.08 40.75 3512 3.45645
286.08 40.76 13327 3.4409
286.08 40.77 12941 3.47108
286.08 40.78 665 3.33541
286.08 40.79 275 3.18614
286.08 40.8 572 3.12296
286.08 40.81 383 3.16397
286.08 40.82 313 3.21462
286.08 40.83 432 3.88192
286.08 40.84 193 4.31433
286.08 40.85 148 4.18928
286.08 40.86 229 4.12273
286.08 40.87 401 4.38772
286.08 40.88 38 4.34426
286.08 40.8899 6 3.8695
286.08 40.8999 1 3.489
286.09 40.58 2 4.00757
286.09 40.59 6 4.37144
286.09 40.6 3 4.12976
286.09 40.61 7 4.01441
286.09 40.62 4 3.96121
286.09 40.63 21 3.94517
286.09 40.64 60 3.65618
286.09 40.65 20 3.28858
286.09 40.66 28 3.1609
286.09 40.67 74 3.58313
286.09 40.68 112 3.83469
286.09 40.69 90 3.54475
286.09 40.7 162 3.38357
286.09 40.71 81 3.46098
286.09 40.72 83 4.06382
286.09 40.73 317 3.8612
286.09 40.74 4488 3.70959
286.09 40.75 2260 3.5525
286.09 40.76 3466 3.49537
286.09 40.77 5602 3.96498
286.09 40.78 686 4.31696
286.09 40.79 62 3.84598
286.09 40.8 79 3.48576
286.09 40.81 85 3.42883
286.09 40.82 168 3.28619
286.09 40.83 157 3.17819
286.09 40.84 229 3.05118
286.09 40.85 1074 3.18225
286.09 40.86 124 3.47741
286.09 40.87 177 3.97556
286.09 40.88 78 4.04285
286.09 40.8899 37 3.8254
286.09 40.8999 12 3.64499
286.1 40.58 3 3.7845
286.1 40.59 7 4.31525
286.1 40.6 2 4.171
286.1 40.61 5 4.32207
286.1 40.62 5 4.89382
286.1 40.63 8 4.86566
286.1 40.64 22 4.33617
286.1 40.65 20 4.07484
286.1 40.66 20 4.00314
286.1 40.67 65 4.25625
286.1 40.68 31 4.29266
286.1 40.69 51 3.87219
286.1 40.7 78 3.48609
286.1 40.71 110 3.57781
286.1 40.72 192 4.19936
286.1 40.73 109 3.91559
286.1 40.74 4603 3.74665
286.1 40.75 2555 3.60609
286.1 40.76 2679 4.21854
286.1 40.77 1634 6.52716
286.1 40.78 68 7.27798
286.1 40.79 17 6.54375
286.1 40.8 12 3.95925
286.1 40.81 51 3.60857
286.1 40.82 77 3.2786
286.1 40.83 78 3.06169
286.1 40.84 114 2.91408
286.1 40.85 156 2.87329
286.1 40.86 167 3.12741
286.1 40.87 62 3.56718
286.1 40.88 136 3.70964
286.1 40.8899 49 3.69101
286.1 40.8999 26 3.62481
286.11 40.58 0 3.60814
286.11 40.59 1 4.12566
286.11 40.6 5 3.95293
286.11 40.61 0 4.59374
286.11 40.62 11 6.01479
286.11 40.63 17 6.57427
286.11 40.64 6 5.63764
286.11 40.65 17 4.73626
286.11 40.66 25 4.42331
286.11 40.67 34 4.70934
286.11 40.68 25 4.75938
286.11 40.69 5 4.20889
286.11 40.7 42 3.57055
286.11 40.71 38 3.87139
286.11 40.72 179 4.3425
286.11 40.73 156 4.01739
286.11 40.74 1239 3.7803
286.11 40.75 3915 3.70642
286.11 40.76 647 7.79094
286.11 40.77 2475 8.94684
286.11 40.78 24 9.16241
286.11 40.79 13 9.19894
286.11 40.8 10 3.5189
286.11 40.81 29 3.47054
286.11 40.82 118 3.22806
286.11 40.83 69 3.05902
286.11 40.84 51 2.99977
286.11 40.85 46 3.03706
286.11 40.86 68 3.201
286.11 40.87 86 3.38976
286.11 40.88 41 3.44541
286.11 40.8899 4 3.44642
286.11 40.8999 3 3.50517
286.12 40.58 0 3.22216
286.12 40.59 4 3.39628
286.12 40.6 1 3.25609
286.12 40.61 2 4.03088
286.12 40.62 3 6.25903
286.12 40.63 9 7.80154
286.12 40.64 14 6.94339
286.12 40.65 8 5.26175
286.12 40.66 17 4.53273
286.12 40.67 26 4.76062
286.12 40.68 60 4.85397
286.12 40.69 13 4.53132
286.12 40.7 21 3.86545
286.12 40.71 22 3.86924
286.12 40.72 34 4.3307
286.12 40.73 311 4.20072
286.12 40.74 1883 3.88368
286.12 40.75 1899 4.0545
286.12 40.76 453 9.11522
286.12 40.77 16153 9.43432
286.12 40.78 35 9.45198
286.12 40.79 11 9.37155
286.12 40.8 20 3.43909
286.12 40.81 8 3.35217
286.12 40.82 62 3.27637
286.12 40.83 34 3.2575
286.12 40.84 41 3.21478
286.12 40.85 27 3.57146
286.12 40.86 19 3.71283
286.12 40.87 72 3.49513
286.12 40.88 54 3.33632
286.12 40.8899 31 3.31326
286.12 40.8999 1 3.55184
286.13 40.58 0 3.99883
286.13 40.59 0 3.74793
286.13 40.6 0 2.95843
286.13 40.61 4 3.08501
286.13 40.62 3 5.17525
286.13 40.63 1 7.31008
286.13 40.64 3 7.04377
286.13 40.65 24 5.65479
286.13 40.66 6 4.59813
286.13 40.67 65 4.67803
286.13 40.68 35 4.6609
286.13 40.69 13 4.51263
286.13 40.7 9 4.12362
286.13 40.71 20 3.94468
286.13 40.72 136 4.2525
286.13 40.73 1936 4.42597
286.13 40.74 162 4.22222
286.13 40.75 359 8.07052
286.13 40.76 585 9.54301
286.13 40.77 166924 9.60117
286.13 40.78 44 9.547
286.13 40.79 28 9.47722
286.13 40.8 6 3.62038
286.13 40.81 7 3.41613
286.13 40.82 57 3.4444
286.13 40.83 59 3.17407
286.13 40.84 56 3.10994
286.13 40.85 25 3.48231
286.13 40.86 36 4.07438
286.13 40.87 11 3.54545
286.13 40.88 18 3.31199
286.13 40.8899 4 3.47252
286.13 40.8999 10 3.95517
286.14 40.58 0 6.42004
286.14 40.59 0 6.64582
286.14 40.6 4 3.94084
286.14 40.61 3 3.44036
286.14 40.62 4 4.39738
286.14 40.63 7 5.58154
286.14 40.64 3 5.86761
286.14 40.65 3 5.73962
286.14 40.66 3 5.32502
286.14 40.67 45 4.89458
286.14 40.68 80 4.64049
286.14 40.69 23 4.46773
286.14 40.7 46 4.11731
286.14 40.71 140 3.8956
286.14 40.72 104 4.25622
286.14 40.73 1480 4.66255
286.14 40.74 148 4.90145
286.14 40.75 105 9.06045
286.14 40.76 484 9.72465
286.14 40.77 94615 9.71741
286.14 40.78 35 9.64389
286.14 40.79 5 9.54961
286.14 40.8 11 3.96845
286.14 40.81 11 3.63627
286.14 40.82 72 3.25687
286.14 40.83 145 3.01498
286.14 40.84 36 2.91361
286.14 40.85 19 3.15142
286.14 40.86 25 4.12857
286.14 40.87 13 3.33474
286.14 40.88 18 3.11436
286.14 40.8899 20 3.63475
286.14 40.8999 14 4.41636
286.15 40.58 1 6.38412
286.15 40.59 1 7.97148
286.15 40.6 0 5.87579
286.15 40.61 0 4.71313
286.15 40.62 1 5.18155
286.15 40.63 2 4.5049
286.15 40.64 6 4.80181
286.15 40.65 3 5.94726
286.15 40.66 9 6.20579
286.15 40.67 20 5.57358
286.15 40.68 43 4.94593
286.15 40.69 94 4.52497
286.15 40.7 115 3.95431
286.15 40.71 42 4.04285
286.15 40.72 811 4.25368
286.15 40.73 550 4.79408
286.15 40.74 359 5.67415
286.15 40.75 219 8.97296
286.15 40.76 136 9.80422
286.15 40.77 83 9.79517
286.15 40.78 20 9.73102
286.15 40.79 9 9.4763
286.15 40.8 9 4.48851
286.15 40.81 11 4.03351
286.15 40.82 25 3.27406
286.15 40.83 119 2.94321
286.15 40.84 1203 2.85617
286.15 40.85 8 3.06673
286.15 40.86 10 4.21377
286.15 40.87 20 3.29118
286.15 40.88 7 3.08941
286.15 40.8899 13 3.72684
286.15 40.8999 9 4.54246
286.16 40.58 2 5.07172
286.16 40.59 2 6.7169
286.16 40.6 0 6.69332
286.16 40.61 2 6.32623
286.16 40.62 5 6.18771
286.16 40.63 2 5.01243
286.16 40.64 4 4.86405
286.16 40.65 9 6.12254
286.16 40.66 18 6.88465
286.16 40.67 73 6.27606
286.16 40.68 102 5.30388
286.16 40.69 24 5.43374
286.16 40.7 14 5.27689
286.16 40.71 32 4.62562
286.16 40.72 3389 4.45225
286.16 40.73 243 4.90121
286.16 40.74 367 6.1339
286.16 40.75 12 6.15461
286.16 40.76 51 9.36976
286.16 40.77 24 9.74601
286.16 40.78 18 9.80777
286.16 40.79 9 5.16947
286.16 40.8 3 5.56828
286.16 40.81 74 4.68744
286.16 40.82 5 3.54327
286.16 40.83 26 3.03274
286.16 40.84 47 2.95204
286.16 40.85 22 3.24172
286.16 40.86 11 4.48048
286.16 40.87 13 3.8908
286.16 40.88 5 3.98623
286.16 40.8899 9 4.09315
286.16 40.8999 3 4.54132
286.17 40.58 3 3.62267
286.17 40.59 1 4.60854
286.17 40.6 1 5.61373
286.17 40.61 0 7.40208
286.17 40.62 2 6.49043
286.17 40.63 4 5.33623
286.17 40.64 14 11.1449
286.17 40.65 6 12.0548
286.17 40.66 21 10.3034
286.17 40.67 65 8.98546
286.17 40.68 51 8.37574
286.17 40.69 114 8.30171
286.17 40.7 191 7.44072
286.17 40.71 671 5.8115
286.17 40.72 393 5.05086
286.17 40.73 90 5.16842
286.17 40.74 65 6.11118
286.17 40.75 103 5.32411
286.17 40.76 717 4.18621
286.17 40.77 177 3.96069
286.17 40.78 29 4.36799
286.17 40.79 10 6.27348
286.17 40.8 10 7.05549
286.17 40.81 10 5.48847
286.17 40.82 5 4.78906
286.17 40.83 14 3.41848
286.17 40.84 15 3.31879
286.17 40.85 19 3.70015
286.17 40.86 9 4.56906
286.17 40.87 18 4.49072
286.17 40.88 21 4.8461
286.17 40.8899 5 4.37748
286.17 40.8999 2 4.14648
286.18 40.58 0 2.29537
286.18 40.59 1 2.63891
286.18 40.6 1 4.12925
286.18 40.61 2 7.93509
286.18 40.62 1 6.36769
286.18 40.63 3 11.9869
286.18 40.64 6 14.5106
286.18 40.65 4 13.3955
286.18 40.66 45 11.8245
286.18 40.67 31 11.6319
286.18 40.68 27 11.3288
286.18 40.69 56 10.3261
286.18 40.7 450 8.80467
286.18 40.71 565 7.0601
286.18 40.72 97 5.82035
286.18 40.73 43 5.37541
286.18 40.74 51 5.78885
286.18 40.75 60 4.54216
286.18 40.76 79 3.86906
286.18 40.77 21 3.85685
286.18 40.78 19 4.58565
286.18 40.79 17 7.17633
286.18 40.8 1 8.06437
286.18 40.81 4 6.27168
286.18 40.82 16 5.31499
286.18 40.83 12 4.77966
286.18 40.84 16 4.8006
286.18 40.85 4 4.65338
286.18 40.86 3 4.1621
286.18 40.87 1 4.58156
286.18 40.88 6 4.90676
286.18 40.8899 5 3.89611
286.18 40.8999 7 3.18629
286.19 40.58 1 1.98742
286.19 40.59 1 2.17935
286.19 40.6 0 3.46523
286.19 40.61 1 7.5924
286.19 40.62 2 5.94523
286.19 40.63 7 15.1747
286.19 40.64 7 15.1011
286.19 40.65 518 14.8587
286.19 40.66 446 13.6322
286.19 40.67 71 12.0484
286.19 40.68 260 12.2864
286.19 40.69 963 11.319
286.19 40.7 659 9.43604
286.19 40.71 108 7.44332
286.19 40.72 96 5.92095
286.19 40.73 31 5.00318
286.19 40.74 46 4.8026
286.19 40.75 21 4.22727
286.19 40.76 26 3.73614
286.19 40.77 8 3.81366
286.19 40.78 4 5.10779
286.19 40.79 15 6.88849
286.19 40.8 0 7.36854
286.19 40.81 3 6.29861
286.19 40.82 4 5.52352
286.19 40.83 2 4.42233
286.19 40.84 3 4.02539
286.19 40.85 3 3.79199
286.19 40.86 1 3.11858
286.19 40.87 1 3.98725
286.19 40.88 0 4.03102
286.19 40.8899 3 2.83136
286.19 40.8999 9 2.34497
286.2 40.58 0 2.97094
286.2 40.59 5 2.57591
286.2 40.6 1 3.27746
286.2 40.61 0 6.66413
286.2 40.62 1 10.2625
286.2 40.63 16 15.1334
286.2 40.64 884 15.1225
286.2 40.65 976 15.003
286.2 40.66 666 14.5018
286.2 40.67 1544 12.1147
286.2 40.68 795 12.6103
286.2 40.69 17 11.7159
286.2 40.7 36 9.32944
286.2 40.71 151 6.60011
286.2 40.72 60 4.87913
286.2 40.73 14 4.0843
286.2 40.74 15 4.62208
286.2 40.75 10 4.23793
286.2 40.76 23 3.59977
286.2 40.77 3 3.71031
286.2 40.78 6 4.75305
286.2 40.79 7 5.85441
286.2 40.8 2 5.57614
286.2 40.81 3 4.83225
286.2 40.82 0 4.93933
286.2 40.83 1 3.60076
286.2 40.84 0 2.92872
286.2 40.85 0 2.8686
286.2 40.86 3 2.40514
286.2 40.87 0 2.99952
286.2 40.88 0 2.62462
286.2 40.8899 5 1.7625
286.2 40.8999 0 1.35254
286.21 40.58 1 4.34194
286.21 40.59 4 3.16534
286.21 40.6 2 3.36484
286.21 40.61 0 5.81943
286.21 40.62 1 14.8972
286.21 40.63 10 15.0816
286.21 40.64 68362 15.1087
286.21 40.65 31560 15.0517
286.21 40.66 3306 14.785
286.21 40.67 180 12.9764
286.21 40.68 13 12.585
286.21 40.69 4 11.5579
286.21 40.7 7 8.03778
286.21 40.71 135 4.89251
286.21 40.72 62 4.18269
286.21 40.73 6 4.3641
286.21 40.74 31 4.77685
286.21 40.75 8 4.27208
286.21 40.76 15 3.81812
286.21 40.77 3 3.821
286.21 40.78 6 4.35139
286.21 40.79 5 5.06829
286.21 40.8 1 4.9799
286.21 40.81 1 3.93023
286.21 40.82 0 3.27714
286.21 40.83 1 2.60717
286.21 40.84 1 2.50589
286.21 40.85 0 2.51216
286.21 40.86 0 2.52099
286.21 40.87 1 3.50522
286.21 40.88 1 3.8095
286.21 40.8899 1 1.69041
286.21 40.8999 3 0.736245
286.22 40.58 0 5.57008
286.22 40.59 2 3.71703
286.22 40.6 2 3.50129
286.22 40.61 0 4.79958
286.22 40.62 1 14.7222
286.22 40.63 11 15.0412
286.22 40.64 90692 15.0729
286.22 40.65 35942 15.0658
286.22 40.66 98 14.9298
286.22 40.67 68 13.3505
286.22 40.68 12 12.0674
286.22 40.69 13 9.62702
286.22 40.7 9 4.22666
286.22 40.71 53 4.34048
286.22 40.72 14 4.47851
286.22 40.73 11 4.78503
286.22 40.74 13 5.01308
286.22 40.75 7 4.56334
286.22 40.76 10 4.3349
286.22 40.77 5 4.35445
286.22 40.78 6 4.60318
286.22 40.79 0 4.87817
286.22 40.8 1 4.87855
286.22 40.81 0 3.23703
286.22 40.82 2 2.3574
286.22 40.83 3 2.4364
286.22 40.84 3 2.52088
286.22 40.85 0 2.38079
286.22 40.86 0 2.47788
286.22 40.87 0 4.55417
286.22 40.88 1 5.54811
286.22 40.8899 0 2.24093
286.22 40.8999 1 0.65201
286.23 40.58 0 5.89468
286.23 40.59 0 3.9812
286.23 40.6 0 3.77969
286.23 40.61 2 4.50477
286.23 40.62 0 6.94341
286.23 40.63 3 15.0065
286.23 40.64 35 15.0411
286.23 40.65 30 15.0506
286.23 40.66 42 14.9739
286.23 40.67 35 11.9338
286.23 40.68 11 9.52187
286.23 40.69 5 5.36997
286.23 40.7 3 4.30664
286.23 40.71 13 4.43628
286.23 40.72 12 4.60852
286.23 40.73 3 5.20886
286.23 40.74 6 5.61989
286.23 40.75 2 5.13875
286.23 40.76 25 4.80765
286.23 40.77 3 4.71699
286.23 40.78 3 4.68289
286.23 40.79 2 4.55206
286.23 40.8 2 3.97599
286.23 40.81 0 2.53489
286.23 40.82 1 2.30452
286.23 40.83 5 2.43746
286.23 40.84 1 2.35803
286.23 40.85 0 2.03579
286.23 40.86 1 1.94362
286.23 40.87 0 3.92107
286.23 40.88 0 4.87755
286.23 40.8899 1 2.2679
286.23 40.8999 3 0.725332
286.24 40.58 0 4.37285
286.24 40.59 1 3.89035
286.24 40.6 3 4.36677
286.24 40.61 0 5.73982
286.24 40.62 1 8.16268
286.24 40.63 4 14.8045
286.24 40.64 6 14.9842
286.24 40.65 6 15.0194
286.24 40.66 13 14.9924
286.24 40.67 22 8.19459
286.24 40.68 5 7.78016
286.24 40.69 5 6.2348
286.24 40.7 5 4.36262
286.24 40.71 7 4.01929
286.24 40.72 17 4.23098
286.24 40.73 2 5.04517
286.24 40.74 5 5.8603
286.24 40.75 10 5.64242
286.24 40.76 9 5.30716
286.24 40.77 0 5.6271
286.24 40.78 3 5.386
286.24 40.79 0 3.65005
286.24 40.8 0 2.83923
286.24 40.81 3 2.33858
286.24 40.82 2 2.31075
286.24 40.83 3 2.44045
286.24 40.84 1 2.30187
286.24 40.85 1 1.94045
286.24 40.86 0 1.92511
286.24 40.87 0 2.58828
286.24 40.88 1 3.40019
286.24 40.8899 1 2.18153
286.24 40.8999 0 0.762373
286.25 40.58 0 2.50562
286.25 40.59 2 3.57359
286.25 40.6 2 4.54285
286.25 40.61 1 5.89706
286.25 40.62 0 6.92954
286.25 40.63 2 6.47057
286.25 40.64 7 14.7314
286.25 40.65 6 14.8019
286.25 40.66 11 6.01369
286.25 40.67 9 6.06959
286.25 40.68 2 7.14825
286.25 40.69 2 7.01959
286.25 40.7 4 4.63945
286.25 40.71 6 3.54245
286.25 40.72 15 3.92982
286.25 40.73 11 4.82957
286.25 40.74 2 5.62735
286.25 40.75 6 5.71029
286.25 40.76 2 6.09707
286.25 40.77 3 7.51412
286.25 40.78 0 5.79494
286.25 40.79 2 2.33883
286.25 40.8 1 2.37396
286.25 40.81 2 2.48733
286.25 40.82 4 2.25925
286.25 40.83 0 2.1567
286.25 40.84 0 2.05877
286.25 40.85 1 2.00558
286.25 40.86 0 2.00733
286.25 40.87 1 2.26255
286.25 40.88 0 3.04164
286.25 40.8899 0 2.31807
286.25 40.8999 0 1.18978
286.26 40.58 0 1.30415
286.26 40.59 1 2.81185
286.26 40.6 3 4.07756
286.26 40.61 3 5.13427
286.26 40.62 2 5.58424
286.26 40.63 4 5.07741
286.26 40.64 7 4.97512
286.26 40.65 2 5.08904
286.26 40.66 28 4.72815
286.26 40.67 8 4.93234
286.26 40.68 2 6.68483
286.26 40.69 26 7.26081
286.26 40.7 10 4.87416
286.26 40.71 8 3.74806
286.26 40.72 4 4.12628
286.26 40.73 25 4.79538
286.26 40.74 3 5.31677
286.26 40.75 18 5.43597
286.26 40.76 7 6.81175
286.26 40.77 10 8.4217
286.26 40.78 2 5.01422
286.26 40.79 4 2.26659
286.26 40.8 3 2.10855
286.26 40.81 2 2.73441
286.26 40.82 1 2.22649
286.26 40.83 1 1.7067
286.26 40.84 1 1.68026
286.26 40.85 3 1.86492
286.26 40.86 0 2.11321
286.26 40.87 0 2.95363
286.26 40.88 0 4.19406
286.26 40.8899 0 3.67569
286.26 40.8999 0 2.75798
286.27 40.58 0 1.93124
286.27 40.59 0 1.7938
286.27 40.6 1 3.09059
286.27 40.61 2 4.2584
286.27 40.62 7 4.69386
286.27 40.63 4 4.2665
286.27 40.64 4 4.03506
286.27 40.65 2 4.63066
286.27 40.66 35 4.50788
286.27 40.67 6 4.5904
286.27 40.68 5 6.14393
286.27 40.69 10 6.62821
286.27 40.7 11 4.94533
286.27 40.71 20 4.29651
286.27 40.72 15 4.36719
286.27 40.73 25 4.76496
286.27 40.74 8 5.07833
286.27 40.75 3 5.00681
286.27 40.76 3 6.32317
286.27 40.77 4 7.15944
286.27 40.78 6 3.76767
286.27 40.79 18 2.03535
286.27 40.8 0 1.98902
286.27 40.81 0 2.71831
286.27 40.82 2 2.01753
286.27 40.83 4 1.38604
286.27 40.84 2 1.63815
286.27 40.85 4 2.01944
286.27 40.86 0 2.46519
286.27 40.87 0 4.08272
286.27 40.88 1 5.50553
286.27 40.8899 1 3.90425
286.27 40.8999 0 3.05594
286.28 40.58 0 3.28653
286.28 40.59 0 2.00323
286.28 40.6 0 2.31041
286.28 40.61 1 3.72939
286.28 40.62 5 4.47377
286.28 40.63 7 4.0253
286.28 40.64 7 4.08041
286.28 40.65 3 4.94584
286.28 40.66 11 4.58387
286.28 40.67 3 4.38541
286.28 40.68 4 5.3652
286.28 40.69 5 5.70428
286.28 40.7 2 4.86715
286.28 40.71 15 4.54022
286.28 40.72 26 4.23631
286.28 40.73 32 4.3628
286.28 40.74 35 4.43232
286.28 40.75 6 4.19054
286.28 40.76 5 4.84019
286.28 40.77 2 5.03111
286.28 40.78 2 2.98677
286.28 40.79 12 1.8941
286.28 40.8 2 1.88243
286.28 40.81 1 2.49509
286.28 40.82 0 1.76246
286.28 40.83 1 1.39124
286.28 40.84 1 1.93471
286.28 40.85 1 2.4271
286.28 40.86 1 3.00083
286.28 40.87 0 4.41182
286.28 40.88 0 4.81353
286.28 40.8899 0 4.13223
286.28 40.8999 0 3.44919
286.29 40.58 0 3.96583
286.29 40.59 9 2.25919
286.29 40.6 0 1.95445
286.29 40.61 0 3.15473
286.29 40.62 0 4.12309
286.29 40.63 3 3.87719
286.29 40.64 3 4.45666
286.29 40.65 2 5.40688
286.29 40.66 3 4.58138
286.29 40.67 3 4.12212
286.29 40.68 2 4.71815
286.29 40.69 15 5.09598
286.29 40.7 1 4.69696
286.29 40.71 5 4.26301
286.29 40.72 3 3.64341
286.29 40.73 17 3.54761
286.29 40.74 12 3.56853
286.29 40.75 10 3.4615
286.29 40.76 2 3.56525
286.29 40.77 7 3.86703
286.29 40.78 4 2.85845
286.29 40.79 1 1.98243
286.29 40.8 1 1.61016
286.29 40.81 2 2.05407
286.29 40.82 1 1.7964
286.29 40.83 1 1.77045
286.29 40.84 1 2.34884
286.29 40.85 11 2.73272
286.29 40.86 1 3.10918
286.29 40.87 0 3.61907
286.29 40.88 0 3.43342
286.29 40.8899 0 5.84922
286.29 40.8999 0 6.44496
